% IP display service for Teensy
% Version  1234 2026-02-01 08:46:32
% 1 	Time (sec) from system
% 2 	Number of users on Linux system
% 3 	CPU temperature (deg C)
% 4 	% (to help import to Matlab)
% 5 	Message string (possibly more lines)
1771251507.0308 0 0.0 % Mon Feb 16 03:18:27 PM CET 2026

1771251507.0309 0 32.5 % 
1771251507.0425 0 32.5 %  15:18:27 up 0 min,  1 user,  load average: 0.29, 0.06, 0.02
USER     TTY      FROM             LOGIN@   IDLE   JCPU   PCPU  WHAT
local    tty1     -                15:18    2.00s  0.02s  0.02s -bash

1771251513.0498 1 33.7 % 
1771251516.0569 1 32.0 % 
1771251519.0642 1 33.7 % 
1771251522.0717 1 32.5 % 
1771251525.0789 1 33.7 % 
1771251528.0861 1 34.2 % 
1771251927.3526 1 34.8 % 
1771251933.3675 1 33.7 % 
1771251936.5978 1 34.8 % 
1771251939.6051 1 34.2 % 
1771251942.6122 1 33.1 % 
1771251945.6193 1 36.4 % 
1771251948.6265 1 34.2 % 
1771251951.6364 1 34.8 % 
1771251960.6659 1 34.2 % 
1771251963.6759 1 34.8 % 
1771251966.6856 1 35.3 % 
1771251969.6953 1 34.2 % 
1771251972.7051 1 33.7 % 
1771251975.7152 1 34.8 % 
1771251978.7250 1 34.2 % 
1771251981.7353 1 35.3 % 
1771251984.7453 1 35.8 % 
1771251987.7532 1 36.4 % 
1771251990.7634 1 35.3 % 
1771251996.7835 1 36.4 % 
1771251999.7937 1 34.8 % 
1771252002.8038 1 35.8 % 
1771252005.8135 1 37.0 % 
1771252008.8236 1 35.8 % 
1771252017.8532 1 36.4 % 
1771252020.8630 1 35.3 % 
1771252026.8825 1 37.5 % 
1771252026.8940 1 37.5 %  15:27:06 up 2 min,  2 users,  load average: 0.19, 0.13, 0.05
USER     TTY      FROM             LOGIN@   IDLE   JCPU   PCPU  WHAT
local             10.209.196.165   15:27           0.00s  0.01s sshd-session: local [priv]
local    tty1     -                15:18    8:41   0.02s  0.02s -bash

1771252029.8941 2 39.7 % 
1771252035.9116 2 38.6 % 
1771252038.9193 2 37.5 % 
1771252041.9272 2 38.6 % 
1771252044.9372 2 38.0 % 
1771252047.9449 2 38.6 % 
1771252050.9550 2 38.0 % 
1771252053.9653 2 40.2 % 
1771252056.9730 2 39.2 % 
1771252059.9809 2 38.6 % 
1771252066.0028 2 38.0 % 
1771252069.0134 2 38.6 % 
1771252072.0240 2 39.2 % 
1771252075.0319 2 39.7 % 
1771252078.0406 2 39.2 % 
1771252084.0624 2 38.6 % 
1771252093.0937 2 40.2 % 
1771252096.1018 2 40.8 % 
1771252099.1095 2 40.2 % 
1771252102.1172 2 39.2 % 
1771252105.1283 2 40.2 % 
1771252108.1361 2 40.8 % 
1771252111.1492 2 41.3 % 
1771252114.1593 2 41.9 % 
1771252117.1712 2 40.8 % 
1771252120.1794 2 39.7 % 
1771252123.1878 2 40.2 % 
1771252126.1964 2 41.3 % 
1771252129.2053 2 40.8 % 
1771252132.2130 2 41.3 % 
1771252135.2208 2 39.2 % 
1771252138.2320 2 40.2 % 
1771252144.2535 2 41.9 % 
1771252147.2613 2 40.8 % 
1771252150.2719 2 39.7 % 
1771252153.2823 2 41.3 % 
1771252156.2901 2 39.7 % 
1771252159.2977 2 41.9 % 
1771252162.3055 2 40.2 % 
1771252165.3133 2 40.8 % 
1771252168.3237 2 41.3 % 
1771252171.3316 2 41.9 % 
1771252174.3424 2 41.3 % 
1771252180.3630 2 41.9 % 
1771252183.3709 2 43.0 % 
1771252189.3883 2 41.9 % 
1771252192.3997 2 42.5 % 
1771252195.4079 2 40.8 % 
1771252198.4155 2 40.2 % 
1771252201.4261 2 40.8 % 
1771252204.4366 2 41.3 % 
1771252210.4571 2 39.2 % 
1771252213.4668 2 40.8 % 
1771252219.4868 2 41.3 % 
1771252222.4965 2 41.9 % 
1771252231.5359 2 41.3 % 
1771252240.5680 2 40.8 % 
1771252243.5788 2 41.3 % 
1771252246.5885 2 40.8 % 
1771252249.5994 2 41.3 % 
1771252255.6202 2 42.5 % 
1771252258.6295 2 41.9 % 
1771252261.6395 2 41.3 % 
1771252264.6496 2 42.5 % 
1771252267.6572 2 43.0 % 
1771252270.6648 2 41.9 % 
1771252273.6748 2 42.5 % 
1771252276.6852 2 41.3 % 
1771252279.6967 2 42.5 % 
1771252282.7074 2 43.0 % 
1771252285.7154 2 42.5 % 
1771252291.7358 2 41.9 % 
1771252294.7463 2 43.0 % 
1771252303.7817 2 44.1 % 
1771252306.7897 2 43.5 % 
1771252309.7968 2 43.0 % 
1771252315.8139 2 41.3 % 
1771252318.8236 2 43.5 % 
1771252321.8334 2 43.0 % 
1771252324.8407 2 44.1 % 
1771252327.8483 2 42.5 % 
1771252330.8576 2 43.0 % 
1771252333.8676 2 43.5 % 
1771252336.8755 2 43.0 % 
1771252339.8837 2 42.5 % 
1771252345.9021 2 43.0 % 
1771252351.9230 2 44.1 % 
1771252354.9307 2 43.5 % 
1771252357.9384 2 44.1 % 
1771252360.9476 2 44.7 % 
1771252363.9561 2 43.5 % 
1771252366.9672 2 44.7 % 
1771252369.9778 2 43.5 % 
1771252372.9851 2 45.2 % 
1771252375.9924 2 44.1 % 
1771252378.9999 2 43.0 % 
1771252385.0196 2 44.1 % 
1771252388.0270 2 43.5 % 
1771252391.0342 2 43.0 % 
1771252394.0442 2 42.5 % 
1771252397.0539 2 44.1 % 
1771252403.0688 2 43.5 % 
1771252412.0987 2 43.0 % 
1771252415.1084 2 43.5 % 
1771252418.1182 2 42.5 % 
1771252421.1286 2 41.9 % 
1771252424.1394 2 43.5 % 
1771252427.1505 2 42.5 % 
1771252430.1613 2 43.5 % 
1771252433.1712 2 43.0 % 
1771252439.1925 2 43.5 % 
1771252442.1997 2 44.7 % 
1771252445.2073 2 44.1 % 
1771252448.2145 2 43.5 % 
1771252451.2244 2 41.9 % 
1771252454.2345 2 42.5 % 
1771252457.2449 2 44.7 % 
1771252460.2548 2 44.1 % 
1771252466.2720 2 43.0 % 
1771252469.2825 2 43.5 % 
1771252472.2932 2 43.0 % 
1771252475.3040 2 43.5 % 
1771252478.3145 2 44.1 % 
1771252481.3248 2 43.5 % 
1771252490.3564 2 43.0 % 
1771252493.3673 2 41.9 % 
1771252496.3774 2 43.0 % 
1771252499.3847 2 43.5 % 
1771252502.3919 2 44.1 % 
1771252505.4027 2 43.5 % 
1771252511.4232 2 44.1 % 
1771252514.4304 2 44.7 % 
1771252517.4403 2 45.2 % 
1771252520.4485 2 44.7 % 
1771252523.4587 2 44.1 % 
1771252526.4685 2 45.2 % 
1771252529.4760 2 44.1 % 
1771252538.5025 2 43.5 % 
1771252541.5096 2 44.1 % 
1771252547.5269 2 45.2 % 
1771252550.5341 2 44.1 % 
1771252556.5566 2 42.5 % 
1771252559.5673 2 44.1 % 
1771252562.5777 2 43.0 % 
1771252565.5874 2 44.1 % 
1771252568.5975 2 42.5 % 
1771252571.6074 2 44.1 % 
1771252574.6175 2 43.5 % 
1771252589.6666 2 44.1 % 
1771252601.7041 2 43.5 % 
1771252607.7234 2 44.1 % 
1771252610.7333 2 43.5 % 
1771252616.7549 2 44.1 % 
1771252619.7649 2 45.2 % 
1771252622.7764 2 43.5 % 
1771252625.7857 2 44.1 % 
1771252634.8136 2 45.2 % 
1771252637.8208 2 44.1 % 
1771252640.8306 2 43.0 % 
1771252643.8412 2 44.7 % 
1771252646.8510 2 43.5 % 
1771252652.8708 2 43.0 % 
1771252655.8810 2 44.1 % 
1771252658.8902 2 44.7 % 
1771252661.9002 2 43.5 % 
1771252667.9216 2 44.7 % 
1771252670.9317 2 45.2 % 
1771252673.9387 2 44.1 % 
1771252676.9469 2 44.7 % 
1771252682.9648 2 45.2 % 
1771252691.9865 2 45.8 % 
1771252694.9964 2 43.5 % 
1771252698.0049 2 44.7 % 
1771252704.0217 2 45.2 % 
1771252707.0290 2 43.0 % 
1771252710.0389 2 44.7 % 
1771252713.0488 2 44.1 % 
1771252719.0681 2 45.2 % 
1771252722.0754 2 45.8 % 
1771252725.0824 2 44.7 % 
1771252728.0922 2 43.5 % 
1771252731.1019 2 44.7 % 
1771252734.1116 2 43.0 % 
1771252737.1221 2 42.5 % 
1771252740.1318 2 44.7 % 
1771252743.1416 2 43.5 % 
1771252746.1520 2 44.1 % 
1771252752.1717 2 45.8 % 
1771252758.1885 2 44.7 % 
1771252761.1956 2 43.0 % 
1771252764.2061 2 44.1 % 
1771252770.2236 2 45.2 % 
1771252773.2314 2 44.7 % 
1771252776.2415 2 46.8 % 
1771252779.2489 2 45.2 % 
1771252785.2658 2 44.7 % 
1771252791.2856 2 45.8 % 
1771252794.2932 2 45.2 % 
1771252803.3217 2 45.8 % 
1771252809.3390 2 44.7 % 
1771252815.3573 2 45.8 % 
1771252818.3682 2 44.1 % 
1771252821.3783 2 45.2 % 
1771252827.3953 2 44.7 % 
1771252833.4155 2 45.2 % 
1771252836.4226 2 43.5 % 
1771252839.4324 2 45.2 % 
1771252845.4465 2 43.5 % 
1771252848.4567 2 43.0 % 
1771252851.4665 2 44.7 % 
1771252860.4967 2 45.2 % 
1771252863.5065 2 43.5 % 
1771252866.5164 2 43.0 % 
1771252869.5261 2 45.8 % 
1771252872.5340 2 45.2 % 
1771252875.5458 2 44.1 % 
1771252878.5582 2 44.7 % 
1771252881.5656 2 45.2 % 
1771252884.5756 2 44.7 % 
1771252890.5955 2 44.1 % 
1771252893.6053 2 45.2 % 
1771252896.6124 2 44.7 % 
1771252899.6228 2 45.2 % 
1771252902.6325 2 43.5 % 
1771252905.6423 2 44.7 % 
1771252908.6522 2 45.2 % 
1771252911.6623 2 44.1 % 
1771252914.6713 2 43.0 % 
1771252917.6819 2 44.1 % 
1771252920.6916 2 44.7 % 
1771252923.7021 2 44.1 % 
1771252926.7126 2 44.7 % 
1771252929.7230 2 43.5 % 
1771252932.7337 2 44.1 % 
1771252941.7659 2 44.7 % 
1771252959.8254 2 44.1 % 
1771252965.8458 2 44.7 % 
1771252971.8627 2 44.1 % 
1771252974.8728 2 44.7 % 
1771252977.8802 2 45.8 % 
1771252980.8874 2 43.5 % 
1771252983.8974 2 44.7 % 
1771252986.9072 2 44.1 % 
1771252989.9174 2 45.8 % 
1771252992.9272 2 44.1 % 
1771252995.9344 2 44.7 % 
1771253001.9544 2 43.5 % 
1771253004.9643 2 44.7 % 
1771253007.9743 2 45.2 % 
1771253013.9890 2 44.7 % 
1771253016.9996 2 45.2 % 
1771253020.0068 2 44.7 % 
1771253023.0142 2 45.2 % 
1771253029.0342 2 45.8 % 
1771253032.0441 2 44.7 % 
1771253041.0681 2 44.1 % 
1771253044.0788 2 45.2 % 
1771253047.0862 2 44.1 % 
1771253050.0963 2 44.7 % 
1771253056.1106 2 44.1 % 
1771253062.1294 2 44.7 % 
1771253065.1403 2 45.2 % 
1771253068.1481 2 44.1 % 
1771253071.1554 2 44.7 % 
1771253077.1753 2 45.2 % 
1771253080.1826 2 44.1 % 
1771253086.2025 2 44.7 % 
1771253089.2130 2 43.5 % 
1771253092.2234 2 44.1 % 
1771253095.2339 2 43.5 % 
1771253098.2439 2 44.7 % 
1771253101.2537 2 45.2 % 
1771253107.2680 2 44.1 % 
1771253110.2751 2 44.7 % 
1771253113.2822 2 44.1 % 
1771253116.2921 2 45.2 % 
1771253119.2993 2 44.1 % 
1771253122.3092 2 45.2 % 
1771253125.3189 2 44.1 % 
1771253128.3287 2 44.7 % 
1771253134.3536 2 45.8 % 
1771253137.3660 2 44.1 % 
1771253143.3855 2 43.5 % 
1771253146.3958 2 44.7 % 
1771253149.4058 2 44.1 % 
1771253152.4156 2 43.0 % 
1771253155.4254 2 44.7 % 
1771253158.4354 2 44.1 % 
1771253164.4548 2 44.7 % 
1771253167.4618 2 45.2 % 
1771253170.4689 2 44.1 % 
1771253176.4887 2 43.5 % 
1771253179.4985 2 45.2 % 
1771253182.5054 2 44.7 % 
1771253185.5123 2 44.1 % 
1771253188.5217 2 43.5 % 
1771253191.5312 2 43.0 % 
1771253194.5420 2 44.1 % 
1771253197.5525 2 43.5 % 
1771253206.5811 2 43.0 % 
1771253209.5907 2 41.3 % 
1771253212.6004 2 43.5 % 
1771253221.6298 2 42.5 % 
1771253224.6392 2 43.5 % 
1771253227.6487 2 43.0 % 
1771253230.6581 2 43.5 % 
1771253233.6678 2 43.0 % 
1771253239.6869 2 41.9 % 
1771253242.6966 2 43.0 % 
1771253248.7161 2 41.9 % 
1771253251.7257 2 43.0 % 
1771253257.7457 2 42.5 % 
1771253266.7755 2 43.0 % 
1771253281.8231 2 42.5 % 
1771253287.8424 2 43.5 % 
1771253290.8517 2 42.5 % 
1771253296.8707 2 43.0 % 
1771253299.8800 2 42.5 % 
1771253308.9081 2 43.0 % 
1771253314.9275 2 42.5 % 
1771253320.9499 2 41.3 % 
1771253323.9592 2 43.0 % 
1771253326.9687 2 41.9 % 
1771253329.9783 2 42.5 % 
1771253332.9882 2 41.3 % 
1771253335.9976 2 43.0 % 
1771253339.0077 2 42.5 % 
1771253351.0453 2 43.0 % 
1771253354.0549 2 42.5 % 
1771253369.1016 2 41.9 % 
1771253372.1110 2 42.5 % 
1771253375.1203 2 43.0 % 
1771253378.1300 2 42.5 % 
1771253384.1509 2 44.1 % 
1771253387.1603 2 41.9 % 
1771253390.1696 2 41.3 % 
1771253393.1792 2 41.9 % 
1771253396.1886 2 42.5 % 
1771253408.2275 2 41.9 % 
1771253411.2368 2 41.3 % 
1771253420.2651 2 42.5 % 
1771253423.2745 2 41.9 % 
1771253426.2842 2 41.3 % 
1771253429.2945 2 41.9 % 
1771253438.3244 2 41.3 % 
1771253441.3339 2 42.5 % 
1771253450.3650 2 41.9 % 
1771253453.3755 2 43.0 % 
1771253456.3856 2 41.3 % 
1771253462.4046 2 42.5 % 
1771253480.4634 2 41.3 % 
1771253480.4729 2 41.3 %  15:51:20 up 26 min,  1 user,  load average: 0.12, 0.15, 0.17
USER     TTY      FROM             LOGIN@   IDLE   JCPU   PCPU  WHAT
local    tty1     -                15:18   32:55   0.02s  0.02s -bash

1771253486.4822 1 41.9 % 
1771253498.5189 1 40.8 % 
1771253501.5283 1 42.5 % 
1771253504.5386 1 40.8 % 
1771253507.5480 1 41.9 % 
1771253510.5580 1 42.5 % 
1771253513.5674 1 41.9 % 
1771253519.5868 1 42.5 % 
1771253525.6059 1 41.3 % 
1771253534.6339 1 41.9 % 
1771253537.6432 1 42.5 % 
1771253540.6529 1 40.8 % 
1771253543.6623 1 41.9 % 
1771253546.6714 1 42.5 % 
1771253549.6809 1 41.9 % 
1771253555.6993 1 41.3 % 
1771253564.7284 1 41.9 % 
1771253573.7572 1 41.3 % 
1771253579.7762 1 42.5 % 
1771253582.7900 1 40.8 % 
1771253588.8090 1 41.9 % 
1771253591.8185 1 40.2 % 
1771253594.8278 1 41.3 % 
1771253600.8460 1 40.8 % 
1771253603.8551 1 41.3 % 
1771253609.8738 1 42.5 % 
1771253612.8829 1 41.3 % 
1771253615.8926 1 40.8 % 
1771253618.9025 1 43.0 % 
1771253621.9116 1 41.3 % 
1771253627.9309 1 41.9 % 
1771253630.9398 1 43.0 % 
1771253636.9534 1 41.9 % 
1771253639.9636 1 42.5 % 
1771253642.9729 1 41.9 % 
1771253645.9822 1 43.0 % 
1771253648.9919 1 41.3 % 
1771253652.0014 1 42.5 % 
1771253655.0107 1 41.9 % 
1771253658.0199 1 43.0 % 
1771253661.0290 1 41.9 % 
1771253664.0382 1 41.3 % 
1771253667.0474 1 41.9 % 
1771253679.0847 1 41.3 % 
1771253685.1037 1 42.5 % 
1771253688.1130 1 41.9 % 
1771253697.1440 1 41.3 % 
1771253697.4262 1 41.3 % robobot/cmd/shutdown
