% IP display service for Teensy
% Version  1234 2026-02-01 08:46:32
% 1 	Time (sec) from system
% 2 	Number of users on Linux system
% 3 	CPU temperature (deg C)
% 4 	% (to help import to Matlab)
% 5 	Message string (possibly more lines)
1771867689.4964 0 0.0 % Mon Feb 23 06:28:09 PM CET 2026

1771867689.4965 0 40.2 % 
1771867689.5077 0 40.2 %  18:28:09 up 0 min,  1 user,  load average: 0.29, 0.06, 0.02
USER     TTY      FROM             LOGIN@   IDLE   JCPU   PCPU  WHAT
local    tty1     -                18:28    1.00s  0.03s  0.03s -bash

1771867692.5078 1 39.7 % 
1771867698.5220 1 40.2 % 
1771867701.5293 1 39.7 % 
1771867710.5580 1 39.7 %  18:28:30 up 0 min,  2 users,  load average: 0.21, 0.06, 0.02
USER     TTY      FROM             LOGIN@   IDLE   JCPU   PCPU  WHAT
local    pts/0    10.209.152.7     18:28    2.00s  0.02s  0.02s -bash
local    tty1     -                18:28   22.00s  0.03s  0.03s -bash

1771867763.7587 2 40.2 % 
1771867779.0158 2 40.8 % 
1771867782.0232 2 39.7 % 
1771867785.0304 2 41.3 % 
1771867788.0379 2 40.2 % 
1771867791.0478 2 39.7 % 
1771867797.0691 2 39.2 % 
1771867800.0797 2 39.7 % 
1771867803.0896 2 39.2 % 
1771867806.1000 2 39.7 % 
1771867809.1100 2 39.2 % 
1771867812.1201 2 39.7 % 
1771867815.1286 2 40.8 % 
1771867818.1361 2 40.2 % 
1771867821.1471 2 39.7 % 
1771867824.1583 2 40.2 % 
1771867824.1659 2 40.2 %  18:30:24 up 1 min,  3 users,  load average: 0.27, 0.11, 0.04
USER     TTY      FROM             LOGIN@   IDLE   JCPU   PCPU  WHAT
local             10.209.152.7     18:30           0.00s  0.01s sshd-session: local [priv]
local    pts/0    10.209.152.7     18:28   13.00s  1.92s  1.89s mqtt-client
local    tty1     -                18:28    2:16   0.03s  0.03s -bash

1771867827.1661 3 39.7 % 
1771867830.1741 3 40.2 % 
1771867833.1816 3 38.6 % 
1771867836.1919 3 39.7 % 
1771867842.2133 3 41.3 % 
1771867845.2210 3 40.8 % 
1771867848.2323 3 39.7 % 
1771867851.2428 3 39.2 % 
1771867854.2539 3 41.3 % 
1771867857.2656 3 40.8 % 
1771867863.2872 3 40.2 % 
1771867875.3318 3 38.6 % 
1771867878.3425 3 40.2 % 
1771867881.3529 3 39.7 % 
1771867884.3637 3 41.9 % 
1771867887.3750 3 40.2 % 
1771867890.3864 3 40.8 % 
1771867899.4143 3 40.2 % 
1771867905.4359 3 39.7 % 
1771867908.4507 3 40.2 % 
1771867911.4610 3 39.7 % 
1771867914.4712 3 40.2 % 
1771867917.4815 3 39.2 % 
1771867920.4924 3 40.2 % 
1771867926.5128 3 41.3 % 
1771867929.5205 3 41.9 % 
1771867932.5310 3 39.7 % 
1771867935.5416 3 40.2 % 
1771867941.5642 3 40.8 % 
1771867947.5857 3 40.2 % 
1771867950.6004 3 41.3 % 
1771867953.6115 3 39.7 % 
1771867956.6220 3 40.8 % 
1771867959.6329 3 40.2 % 
1771867962.6437 3 40.8 % 
1771867968.6646 3 41.3 % 
1771867971.6752 3 40.8 % 
1771867983.7135 3 40.2 % 
1771867992.7444 3 40.8 % 
1771867998.7649 3 40.2 % 
1771868001.7750 3 39.7 % 
1771868004.7851 3 40.8 % 
1771868013.8171 3 39.7 % 
1771868016.8282 3 40.2 % 
1771868019.8384 3 42.5 % 
1771868022.8461 3 41.9 % 
1771868025.8539 3 40.8 % 
1771868028.8649 3 41.3 % 
1771868031.8760 3 40.2 % 
1771868037.8929 3 40.8 % 
1771868043.9131 3 40.2 % 
1771868046.9234 3 39.7 % 
1771868049.9330 3 41.3 % 
1771868052.9427 3 40.8 % 
1771868080.0273 3 40.2 % 
1771868086.0469 3 40.8 % 
1771868095.0762 3 40.2 % 
1771868104.1054 3 41.9 % 
1771868107.1151 3 43.0 % 
1771868110.1223 3 39.7 % 
1771868113.1322 3 40.8 % 
1771868119.1534 3 40.2 % 
1771868122.1639 3 41.3 % 
1771868125.1747 3 40.8 % 
1771868137.2179 3 41.3 % 
1771868140.2283 3 40.8 % 
1771868146.2491 3 41.3 % 
1771868149.2593 3 40.8 % 
1771868152.2709 3 39.7 % 
1771868155.2816 3 40.8 % 
1771868158.2917 3 41.9 % 
1771868161.2989 3 41.3 % 
1771868164.3061 3 40.8 % 
1771868167.3158 3 41.3 % 
1771868170.3256 3 40.8 % 
1771868176.3452 3 39.7 % 
1771868179.3550 3 40.8 % 
1771868185.3747 3 39.2 % 
1771868188.3843 3 40.8 % 
1771868194.4062 3 41.3 % 
1771868197.4159 3 39.7 % 
1771868200.4264 3 40.8 % 
1771868209.4555 3 41.3 % 
1771868215.4756 3 40.8 % 
1771868218.4855 3 40.2 % 
1771868224.5051 3 41.3 % 
1771868227.5148 3 40.8 % 
1771868233.5342 3 39.7 % 
1771868236.5439 3 40.2 % 
1771868239.5539 3 40.8 % 
1771868242.5645 3 40.2 % 
1771868248.5839 3 41.3 % 
1771868251.5943 3 40.8 % 
1771868254.6041 3 41.3 % 
1771868257.6140 3 40.2 % 
1771868260.6240 3 40.8 % 
1771868263.6341 3 40.2 % 
1771868266.6438 3 40.8 % 
1771868272.6635 3 41.3 % 
1771868275.6734 3 40.8 % 
1771868278.6832 3 41.3 % 
1771868281.6931 3 40.8 % 
1771868293.7320 3 42.5 % 
1771868296.7419 3 40.8 % 
1771868299.7518 3 39.7 % 
1771868302.7622 3 40.8 % 
1771868305.7726 3 40.2 % 
1771868308.7828 3 40.8 % 
1771868314.8037 3 40.2 % 
1771868317.8145 3 41.3 % 
1771868320.8248 3 40.8 % 
1771868332.8653 3 40.2 % 
1771868338.8853 3 41.3 % 
1771868341.8951 3 40.8 % 
1771868344.9052 3 40.2 % 
1771868353.9353 3 42.5 % 
1771868356.9450 3 40.2 % 
1771868359.9547 3 39.2 % 
1771868362.9647 3 40.8 % 
1771868368.9845 3 40.2 % 
1771868371.9957 3 41.3 % 
1771868375.0055 3 40.8 % 
1771868384.0346 3 40.2 % 
1771868387.0446 3 41.3 % 
1771868393.0639 3 40.8 % 
1771868399.0837 3 41.9 % 
1771868402.0934 3 41.3 % 
1771868405.1033 3 40.2 % 
1771868411.1226 3 41.3 % 
1771868414.1322 3 39.7 % 
1771868417.1420 3 41.3 % 
1771868423.1657 3 40.8 % 
1771868432.1958 3 41.3 % 
1771868435.2068 3 39.7 % 
1771868438.2164 3 41.3 % 
1771868447.2479 3 41.9 % 
1771868450.2576 3 41.3 % 
1771868465.3065 3 40.8 % 
1771868468.3163 3 41.3 % 
1771868474.3363 3 40.8 % 
1771868477.3462 3 41.3 % 
1771868480.3561 3 40.8 % 
1771868483.3660 3 41.3 % 
1771868486.3759 3 39.7 % 
1771868489.3864 3 41.3 % 
1771868495.4064 3 40.2 % 
1771868498.4162 3 41.3 % 
1771868501.4266 3 41.9 % 
1771868504.4361 3 41.3 % 
1771868507.4470 3 40.8 % 
1771868510.4566 3 41.3 % 
1771868513.4668 3 40.8 % 
1771868516.4766 3 41.9 % 
1771868519.4861 3 40.2 % 
1771868522.4957 3 41.3 % 
1771868525.5053 3 40.8 % 
1771868528.5151 3 41.3 % 
1771868537.5447 3 40.8 % 
1771868540.5543 3 39.7 % 
1771868543.5648 3 40.2 % 
1771868546.5748 3 41.3 % 
1771868549.5845 3 40.8 % 
1771868552.5948 3 41.9 % 
1771868555.6045 3 41.3 % 
1771868558.6150 3 41.9 % 
1771868561.6247 3 40.8 % 
1771868576.6731 3 41.3 % 
1771868579.6831 3 41.9 % 
1771868585.7023 3 39.7 % 
1771868588.7121 3 41.9 % 
1771868591.7217 3 41.3 % 
1771868600.7508 3 40.8 % 
1771868606.7703 3 41.3 % 
1771868627.8409 3 40.2 % 
1771868630.8506 3 41.3 % 
1771868636.8712 3 42.5 % 
1771868639.8808 3 40.8 % 
1771868642.8903 3 41.3 % 
1771868645.9003 3 40.8 % 
1771868648.9099 3 41.3 % 
1771868657.9390 3 43.0 % 
1771868660.9488 3 41.3 % 
1771868663.9583 3 43.0 % 
1771868666.9679 3 40.8 % 
1771868672.9875 3 41.3 % 
1771868682.0177 3 42.5 % 
1771868685.0274 3 40.8 % 
1771868688.0369 3 41.3 % 
1771868703.0853 3 40.8 % 
1771868706.0949 3 40.2 % 
1771868709.1046 3 41.3 % 
1771868718.1331 3 40.2 % 
1771868721.1428 3 41.9 % 
1771868724.1526 3 41.3 % 
1771868730.1727 3 41.9 % 
1771868733.1823 3 41.3 % 
1771868736.1930 3 41.9 % 
1771868742.2128 3 41.3 % 
1771868745.2234 3 41.9 % 
1771868751.2433 3 41.3 % 
1771868754.2529 3 39.7 % 
1771868757.2625 3 41.3 % 
1771868760.2720 3 41.9 % 
1771868763.2818 3 41.3 % 
1771868766.2917 3 41.9 % 
1771868772.3109 3 41.3 % 
1771868778.3301 3 41.9 % 
1771868781.3396 3 40.8 % 
1771868784.3491 3 41.3 % 
1771868793.3780 3 41.9 % 
1771868796.3888 3 41.3 % 
1771868811.4385 3 41.9 % 
1771868814.4486 3 41.3 % 
1771868817.4583 3 41.9 % 
1771868820.4678 3 41.3 % 
1771868826.4870 3 39.7 % 
1771868829.4966 3 41.9 % 
1771868832.5062 3 43.0 % 
1771868835.5158 3 41.3 % 
1771868838.5264 3 41.9 % 
1771868841.5362 3 41.3 % 
1771868844.5460 3 41.9 % 
1771868850.5654 3 41.3 % 
1771868853.5750 3 42.5 % 
1771868856.5853 3 41.3 % 
1771868871.6340 3 41.9 % 
1771868874.6438 3 41.3 % 
1771868880.6630 3 41.9 % 
1771868883.6727 3 40.8 % 
1771868886.6823 3 41.9 % 
1771868892.7018 3 41.3 % 
1771868898.7214 3 40.8 % 
1771868901.7313 3 41.3 % 
1771868907.7510 3 41.9 % 
1771868916.7800 3 41.3 % 
1771868919.7906 3 41.9 % 
1771868922.8003 3 42.5 % 
1771868925.8100 3 41.3 % 
1771868940.8601 3 40.2 % 
1771868943.8697 3 41.3 % 
1771868946.8796 3 41.9 % 
1771868949.8892 3 41.3 % 
1771868952.8990 3 40.2 % 
1771868955.9086 3 41.3 % 
1771868964.9377 3 41.9 % 
1771868967.9473 3 41.3 % 
1771868973.9679 3 41.9 % 
1771868979.9892 3 41.3 % 
1771868982.9987 3 41.9 % 
1771868989.0178 3 40.8 % 
1771868992.0273 3 41.9 % 
1771868998.0468 3 41.3 % 
1771869001.0564 3 41.9 % 
1771869004.0661 3 40.8 % 
1771869007.0757 3 41.3 % 
1771869013.0947 3 40.2 % 
1771869016.1045 3 41.9 % 
1771869019.1141 3 41.3 % 
1771869022.1240 3 40.8 % 
1771869025.1335 3 41.3 % 
1771869037.1718 3 41.9 % 
1771869040.1815 3 41.3 % 
1771869046.2024 3 41.9 % 
1771869049.2120 3 40.8 % 
1771869055.2312 3 41.3 % 
1771869070.2804 3 40.8 % 
1771869073.2902 3 41.3 % 
1771869076.3004 3 41.9 % 
1771869079.3100 3 41.3 % 
1771869082.3195 3 40.8 % 
1771869085.3296 3 41.3 % 
1771869094.3583 3 41.9 % 
1771869097.3684 3 41.3 % 
1771869100.3778 3 40.8 % 
1771869103.3882 3 41.3 % 
1771869106.3985 3 40.2 % 
1771869109.4081 3 41.9 % 
1771869112.4182 3 40.8 % 
1771869115.4279 3 41.3 % 
1771869118.4381 3 41.9 % 
1771869121.4476 3 41.3 % 
1771869130.4768 3 41.9 % 
1771869136.4961 3 41.3 % 
1771869151.5440 3 41.9 % 
1771869154.5536 3 43.0 % 
1771869157.5630 3 41.9 % 
1771869160.5731 3 41.3 % 
1771869166.5959 3 40.8 % 
1771869169.6060 3 41.3 % 
1771869172.6159 3 43.5 % 
1771869175.6255 3 41.9 % 
1771869178.6350 3 41.3 % 
1771869181.6447 3 41.9 % 
1771869184.6545 3 41.3 % 
1771869187.6641 3 41.9 % 
1771869193.6834 3 41.3 % 
1771869196.6930 3 42.5 % 
1771869199.7026 3 41.3 % 
1771869208.7314 3 41.9 % 
1771869217.7629 3 43.0 % 
1771869220.7725 3 41.3 % 
1771869235.8227 3 41.9 % 
1771869241.8421 3 41.3 % 
1771869247.8621 3 40.8 % 
1771869250.8716 3 41.3 % 
1771869253.8812 3 41.9 % 
1771869256.8909 3 41.3 % 
1771869277.9583 3 42.5 % 
1771869280.9679 3 41.3 % 
1771869283.9775 3 41.9 % 
1771869286.9884 3 41.3 % 
1771869289.9979 3 41.9 % 
1771869293.0076 3 41.3 % 
1771869296.0173 3 41.9 % 
1771869299.0269 3 41.3 % 
1771869302.0370 3 40.8 % 
1771869308.0562 3 41.9 % 
1771869314.0756 3 41.3 % 
1771869320.0955 3 42.5 % 
1771869323.1050 3 41.3 % 
1771869332.1343 3 41.9 % 
1771869338.1538 3 40.2 % 
1771869341.1637 3 41.9 % 
1771869344.1733 3 41.3 % 
1771869350.1940 3 41.9 % 
1771869359.2266 3 40.2 % 
1771869362.2368 3 41.3 % 
1771869365.2467 3 41.9 % 
1771869368.2566 3 41.3 % 
1771869398.3532 3 41.9 % 
1771869404.3728 3 40.8 % 
1771869407.3833 3 41.3 % 
1771869410.3935 3 41.9 % 
1771869413.4031 3 40.8 % 
1771869416.4136 3 41.3 % 
1771869419.4237 3 41.9 % 
1771869422.4332 3 41.3 % 
1771869428.4527 3 41.9 % 
1771869434.4718 3 41.3 % 
1771869437.4814 3 42.5 % 
1771869440.4909 3 41.9 % 
1771869446.5102 3 41.3 % 
1771869449.5198 3 40.8 % 
1771869452.5293 3 41.9 % 
1771869458.5489 3 41.3 % 
1771869461.5584 3 43.0 % 
1771869464.5681 3 41.3 % 
1771869467.5788 3 41.9 % 
1771869473.5990 3 41.3 % 
1771869476.6087 3 41.9 % 
1771869479.6193 3 41.3 % 
1771869485.6394 3 41.9 % 
1771869488.6497 3 40.8 % 
1771869491.6592 3 41.3 % 
1771869497.6785 3 41.9 % 
1771869503.6977 3 40.8 % 
1771869506.7073 3 41.9 % 
1771869509.7168 3 41.3 % 
1771869512.7264 3 41.9 % 
1771869515.7359 3 41.3 % 
1771869518.7454 3 43.0 % 
1771869521.7549 3 41.9 % 
1771869524.7645 3 40.8 % 
1771869527.7741 3 41.9 % 
1771869530.7848 3 40.2 % 
1771869533.7944 3 41.9 % 
1771869542.8233 3 41.3 % 
1771869545.8333 3 41.9 % 
1771869548.8409 3 42.5 % 
1771869554.8580 3 41.3 % 
1771869557.8685 3 41.9 % 
1771869563.8882 3 42.5 % 
1771869569.9094 3 41.3 % 
1771869572.9208 3 41.9 % 
1771869581.9507 3 42.5 % 
1771869590.9835 3 41.9 % 
1771869593.9942 3 41.3 % 
1771869597.0043 3 42.5 % 
1771869609.0389 3 41.3 % 
1771869612.0486 3 41.9 % 
1771869618.0682 3 43.5 % 
1771869621.0756 3 43.0 % 
1771869624.0829 3 41.9 % 
1771869627.0925 3 42.5 % 
1771869645.1562 3 41.9 % 
1771869648.1667 3 41.3 % 
1771869651.1777 3 42.5 % 
1771869654.1884 3 43.0 % 
1771869657.1992 3 41.9 % 
1771869660.2092 3 42.5 % 
1771869663.2199 3 41.9 % 
1771869666.2301 3 43.5 % 
1771869669.2375 3 42.5 % 
1771869672.2447 3 41.3 % 
1771869675.2544 3 41.9 % 
1771869684.2840 3 43.5 % 
1771869687.2920 3 42.5 % 
1771869690.2995 3 41.3 % 
1771869693.3095 3 42.5 % 
1771869699.3296 3 43.5 % 
1771869702.3397 3 43.0 % 
1771869705.3498 3 42.5 % 
1771869714.3818 3 41.3 % 
1771869717.3924 3 42.5 % 
1771869723.4132 3 41.3 % 
1771869726.4233 3 41.9 % 
1771869729.4333 3 41.3 % 
1771869732.4433 3 41.9 % 
1771869735.4532 3 41.3 % 
1771869738.4630 3 41.9 % 
1771869741.4729 3 41.3 % 
1771869744.4827 3 40.2 % 
1771869747.4924 3 41.3 % 
1771869756.5223 3 40.8 % 
1771869759.5321 3 40.2 % 
1771869762.5422 3 41.3 % 
1771869765.5519 3 41.9 % 
1771869768.5620 3 41.3 % 
1771869777.5909 3 42.5 % 
1771869780.6006 3 41.9 % 
1771869786.6207 3 41.3 % 
1771869795.6500 3 40.2 % 
1771869798.6603 3 40.8 % 
1771869801.6702 3 41.9 % 
1771869804.6800 3 41.3 % 
1771869807.6898 3 41.9 % 
1771869810.6995 3 40.8 % 
1771869813.7098 3 41.3 % 
1771869819.7292 3 41.9 % 
1771869822.7391 3 41.3 % 
1771869831.7688 3 41.9 % 
1771869834.7792 3 41.3 % 
1771869837.7891 3 41.9 % 
1771869840.7988 3 40.2 % 
1771869843.8086 3 41.9 % 
1771869849.8282 3 41.3 % 
1771869855.8481 3 42.5 % 
1771869858.8579 3 41.9 % 
1771869861.8676 3 40.2 % 
1771869864.8773 3 41.9 % 
1771869867.8871 3 41.3 % 
1771869870.8968 3 41.9 % 
1771869873.9068 3 41.3 % 
1771869876.9168 3 41.9 % 
1771869879.9265 3 41.3 % 
1771869882.9362 3 40.2 % 
1771869885.9458 3 41.9 % 
1771869894.9759 3 41.3 % 
1771869897.9859 3 41.9 % 
1771869904.0059 3 41.3 % 
1771869910.0258 3 41.9 % 
1771869919.0545 3 41.3 % 
1771869922.0643 3 41.9 % 
1771869925.0738 3 40.2 % 
1771869928.0841 3 42.5 % 
1771869931.0937 3 41.9 % 
1771869937.1130 3 41.3 % 
1771869940.1226 3 41.9 % 
1771869946.1421 3 40.2 % 
1771869949.1520 3 41.9 % 
1771869952.1619 3 40.8 % 
1771869955.1720 3 41.3 % 
1771869958.1831 3 41.9 % 
1771869961.1933 3 41.3 % 
1771869964.2032 3 40.8 % 
1771869967.2127 3 40.2 % 
1771869970.2260 3 41.3 % 
1771869979.2557 3 41.9 % 
1771869985.2749 3 40.8 % 
1771869988.2849 3 41.3 % 
1771869991.2945 3 41.9 % 
1771869994.3041 3 41.3 % 
1771869997.3138 3 41.9 % 
1771870000.3235 3 40.8 % 
1771870003.3332 3 41.3 % 
1771870015.3718 3 41.9 % 
1771870018.3821 3 40.8 % 
1771870021.3924 3 41.3 % 
1771870027.4129 3 40.8 % 
1771870030.4226 3 41.3 % 
1771870033.4322 3 41.9 % 
1771870036.4420 3 41.3 % 
1771870042.4624 3 42.5 % 
1771870045.4720 3 41.3 % 
1771870051.4913 3 41.9 % 
1771870057.5108 3 41.3 % 
1771870060.5205 3 41.9 % 
1771870063.5300 3 41.3 % 
1771870066.5401 3 40.2 % 
1771870069.5500 3 41.9 % 
1771870078.5820 3 43.0 % 
1771870081.5916 3 41.9 % 
1771870084.6018 3 41.3 % 
1771870087.6118 3 41.9 % 
1771870090.6216 3 41.3 % 
1771870093.6315 3 40.8 % 
1771870096.6413 3 41.3 % 
1771870099.6509 3 40.2 % 
1771870102.6606 3 41.9 % 
1771870111.6894 3 41.3 % 
1771870114.6995 3 41.9 % 
1771870120.7186 3 40.2 % 
1771870123.7283 3 41.9 % 
1771870138.7798 3 42.5 % 
1771870141.7899 3 41.3 % 
1771870147.8096 3 41.9 % 
1771870150.8193 3 40.2 % 
1771870156.8389 3 41.3 % 
1771870162.8586 3 41.9 % 
1771870165.8684 3 41.3 % 
1771870177.9075 3 41.9 % 
1771870183.9269 3 41.3 % 
1771870186.9365 3 41.9 % 
1771870189.9468 3 43.0 % 
1771870192.9566 3 41.9 % 
1771870195.9663 3 43.5 % 
1771870198.9761 3 41.9 % 
1771870211.0162 3 41.3 % 
1771870214.0258 3 41.9 % 
1771870223.0546 3 40.2 % 
1771870226.0644 3 41.3 % 
1771870229.0739 3 40.8 % 
1771870232.0839 3 41.9 % 
1771870241.1129 3 40.2 % 
1771870244.1224 3 41.9 % 
1771870247.1332 3 41.3 % 
1771870253.1564 3 40.2 % 
1771870256.1663 3 41.9 % 
1771870259.1769 3 41.3 % 
1771870262.1868 3 41.9 % 
1771870265.1966 3 41.3 % 
1771870271.2166 3 40.2 % 
1771870274.2263 3 41.9 % 
1771870277.2361 3 40.2 % 
1771870280.2494 3 41.9 % 
1771870283.2599 3 41.3 % 
1771870292.2889 3 40.2 % 
1771870295.2985 3 41.9 % 
1771870298.3080 3 40.8 % 
1771870301.3177 3 40.2 % 
1771870304.3275 3 41.3 % 
1771870307.3371 3 40.2 % 
1771870310.3467 3 42.5 % 
1771870313.3564 3 40.2 % 
1771870316.3665 3 42.5 % 
1771870319.3770 3 41.9 % 
1771870322.3868 3 41.3 % 
1771870334.4263 3 41.9 % 
1771870337.4363 3 42.5 % 
1771870340.4459 3 41.3 % 
1771870343.4554 3 41.9 % 
1771870346.4650 3 41.3 % 
1771870349.4745 3 41.9 % 
1771870352.4843 3 41.3 % 
1771870355.4940 3 39.7 % 
1771870358.5035 3 41.9 % 
1771870361.5133 3 42.5 % 
1771870364.5232 3 40.8 % 
1771870367.5328 3 41.3 % 
1771870370.5426 3 41.9 % 
1771870373.5521 3 42.5 % 
1771870376.5616 3 41.9 % 
1771870382.5823 3 43.0 % 
1771870385.5922 3 41.3 % 
1771870388.6019 3 42.5 % 
1771870397.6262 3 41.9 % 
1771870403.6459 3 42.5 % 
1771870406.6562 3 41.9 % 
1771870412.6759 3 43.0 % 
1771870415.6860 3 42.5 % 
1771870418.6960 3 41.9 % 
1771870421.7061 3 40.2 % 
1771870427.7262 3 42.5 % 
1771870430.7358 3 40.2 % 
1771870433.7458 3 41.9 % 
1771870448.7958 3 42.5 % 
1771870451.8030 3 43.5 % 
1771870454.8102 3 40.8 % 
1771870457.8203 3 41.9 % 
1771870463.8405 3 42.5 % 
1771870466.8507 3 41.9 % 
1771870475.8828 3 41.3 % 
1771870478.8929 3 41.9 % 
1771870490.9335 3 40.8 % 
1771870493.9435 3 40.2 % 
1771870496.9537 3 41.9 % 
1771870499.9638 3 43.0 % 
1771870502.9712 3 42.5 % 
1771870505.9824 3 40.2 % 
1771870508.9922 3 43.0 % 
1771870511.9994 3 43.5 % 
1771870515.0094 3 42.5 % 
1771870518.0193 3 41.9 % 
1771870530.0612 3 42.5 % 
1771870533.0712 3 40.8 % 
1771870539.0915 3 42.5 % 
1771870542.1014 3 41.9 % 
1771870545.1115 3 41.3 % 
1771870548.1215 3 41.9 % 
1771870551.1316 3 42.5 % 
1771870554.1417 3 40.8 % 
1771870557.1519 3 41.9 % 
1771870560.1623 3 43.0 % 
1771870563.1731 3 41.9 % 
1771870569.1948 3 42.5 % 
1771870572.2054 3 41.9 % 
1771870575.2154 3 41.3 % 
1771870584.2459 3 40.8 % 
1771870587.2565 3 41.3 % 
1771870593.2770 3 41.9 % 
1771870596.2882 3 41.3 % 
1771870599.2987 3 43.0 % 
1771870602.3059 3 42.5 % 
1771870605.3131 3 41.3 % 
1771870608.3230 3 43.0 % 
1771870611.3300 3 42.5 % 
1771870612.7971 3 42.5 % robobot/cmd/shutdown
1771870614.3406 3 42.5 % Mon Feb 23 07:16:54 PM CET 2026

