% logfile for Python side
% 1 time (sec)
% 2 Mission state
% 3,4,5 (x,y,h) (m,m,rad)
% 6 Camera frame count
% 7-9 Line sensor: line position, e*kp, control y (rad/s), validCnt
%     Line sensor: Kp=1.0, tau_z=0.8s, tau_p=0.25s
% 10,11 trip A (distance and heading change)
% 12,13 trip B (distance and heading change)
% 1770994005.8445296 robobot/cmd/ti alive 2026-02-13 15:46:45.782851
% 1770994005.8450923 robobot/cmd/ti log 1
1770994005.8918715 0 0.000 0.000 0.000 0 0.00 0.00 0.000 0.000 0 0.000 0.000 0.0000 0.0000
1770994005.939014 0 0.000 0.000 0.000 0 0.00 0.00 0.000 0.000 0 0.000 0.000 0.0000 0.0000
1770994005.9415643 0 0.000 0.000 0.000 0 0.00 0.00 0.000 0.000 0 0.000 0.000 0.0000 0.0000
1770994005.991188 0 0.000 0.000 0.000 0 0.00 0.00 0.000 0.000 0 0.000 0.000 0.0000 0.0000
% 1770994005.9971993 robobot/cmd/T0 enc0
% 1770994005.9976606 robobot/cmd/T0 confw 0.074 0.074 19 92 0.23
% 1770994005.998015 robobot/cmd/T0 confi
1770994006.039416 0 0.000 0.000 0.000 0 0.00 0.00 0.000 0.000 0 0.000 0.000 0.0000 0.0000
1770994006.041265 0 0.000 0.000 0.000 0 0.00 0.00 0.000 0.000 0 0.000 0.000 0.0000 0.0000
1770994006.0927887 0 0.000 0.000 0.000 0 0.00 0.00 0.000 0.000 0 0.000 0.000 0.0000 0.0000
1770994006.1388495 0 0.000 0.000 0.000 0 0.00 0.00 0.000 0.000 0 0.000 0.000 0.0000 0.0000
1770994006.1413808 0 0.000 0.000 0.000 0 0.00 0.00 0.000 0.000 0 0.000 0.000 0.0000 0.0000
1770994006.1920598 0 0.000 0.000 0.000 0 0.00 0.00 0.000 0.000 0 0.000 0.000 0.0000 0.0000
% 1770994006.2073452 robobot/cmd/T0 lip 1
% 1770994006.2087286 robobot/cmd/T0 sub livn 10
% 1770994006.2296336 robobot/cmd/T0 liwi
1770994006.2388315 0 0.000 0.000 0.000 0 0.00 0.00 0.000 0.000 0 0.000 0.000 0.0000 0.0000
1770994006.2422047 0 0.000 0.000 0.000 0 0.00 0.00 0.000 0.000 0 0.000 0.000 0.0000 0.0000
% 1770994006.2503257 robobot/cmd/T0 leds 16 30 30 0
% 1770994006.2512887 robobot/cmd/T0 leds 16 0 100 0
% 1770994006.2517202 robobot/cmd/ti rc 0.2 0.0
% 1770994006.252808 robobot/cmd/T0 servo 1 -800 300
1770994006.292792 0 0.002 -0.000 -0.001 1 0.00 0.00 0.000 0.000 0 0.001 -0.001 0.0006 -0.0012
1770994006.3394144 0 0.006 -0.000 -0.009 1 0.00 0.00 0.000 0.000 0 0.005 -0.009 0.0046 -0.0093
1770994006.3422835 0 0.007 -0.000 -0.009 1 0.00 0.00 0.000 0.000 0 0.005 -0.009 0.0046 -0.0093
% 1770994006.3478355 robobot/cmd/ti alive 2026-02-13 15:46:45.782851
1770994006.3918746 0 0.015 -0.000 -0.017 1 0.00 0.00 0.000 0.000 0 0.013 -0.017 0.0134 -0.0173
1770994006.4383433 0 0.024 -0.000 -0.018 1 0.00 0.00 0.000 0.000 0 0.022 -0.018 0.0218 -0.0185
1770994006.4420385 0 0.025 -0.000 -0.020 1 0.00 0.00 0.000 0.000 0 0.023 -0.020 0.0233 -0.0197
1770994006.49476 0 0.037 -0.001 -0.020 1 0.00 0.00 0.000 0.000 0 0.034 -0.020 0.0341 -0.0197
1770994006.5386565 0 0.047 -0.001 -0.016 1 0.00 0.00 0.000 0.000 0 0.045 -0.016 0.0450 -0.0162
1770994006.5422347 0 0.048 -0.001 -0.016 1 0.00 0.00 0.000 0.000 0 0.045 -0.016 0.0450 -0.0162
1770994006.5924928 0 0.059 -0.001 -0.015 1 0.00 0.00 0.000 0.000 0 0.057 -0.015 0.0572 -0.0150
1770994006.6391106 0 0.068 -0.001 -0.014 1 0.00 0.00 0.000 0.000 0 0.066 -0.014 0.0655 -0.0139
1770994006.6428123 0 0.069 -0.001 -0.013 1 0.00 0.00 0.000 0.000 0 0.067 -0.013 0.0672 -0.0127
1770994006.6940389 0 0.079 -0.001 -0.013 1 0.00 0.00 0.000 0.000 0 0.077 -0.013 0.0767 -0.0127
1770994006.7394009 0 0.087 -0.001 -0.012 1 0.00 0.00 0.000 0.000 0 0.086 -0.012 0.0858 -0.0116
1770994006.741971 0 0.088 -0.001 -0.013 1 0.00 0.00 0.000 0.000 0 0.086 -0.013 0.0858 -0.0127
1770994006.7923076 0 0.097 -0.001 -0.014 1 0.00 0.00 0.000 0.000 0 0.096 -0.014 0.0958 -0.0139
1770994006.8396838 0 0.106 -0.002 -0.015 1 0.00 0.00 0.000 0.000 0 0.103 -0.015 0.1034 -0.0150
1770994006.844095 0 0.107 -0.002 -0.015 1 0.00 0.00 0.000 0.000 0 0.105 -0.015 0.1050 -0.0150
% 1770994006.8521597 robobot/cmd/ti alive 2026-02-13 15:46:45.782851
1770994006.897323 0 0.117 -0.002 -0.014 1 0.00 0.00 0.000 0.000 0 0.115 -0.014 0.1146 -0.0139
1770994006.9392822 0 0.126 -0.002 -0.013 1 0.00 0.00 0.000 0.000 0 0.124 -0.013 0.1239 -0.0127
1770994006.94322 0 0.127 -0.002 -0.013 1 0.00 0.00 0.000 0.000 0 0.124 -0.013 0.1239 -0.0127
1770994006.993177 0 0.137 -0.002 -0.013 1 0.00 0.00 0.000 0.000 0 0.135 -0.013 0.1353 -0.0127
1770994007.0389369 0 0.146 -0.002 -0.013 1 0.00 0.00 0.000 0.000 0 0.143 -0.013 0.1433 -0.0127
1770994007.0426402 0 0.147 -0.002 -0.013 1 0.00 0.00 0.000 0.000 0 0.145 -0.013 0.1451 -0.0127
1770994007.09423 0 0.157 -0.002 -0.015 1 0.00 0.00 0.000 0.000 0 0.155 -0.015 0.1551 -0.0150
1770994007.139903 0 0.167 -0.002 -0.013 1 0.00 0.00 0.000 0.000 0 0.165 -0.013 0.1648 -0.0127
1770994007.1435764 0 0.167 -0.002 -0.014 1 0.00 0.00 0.000 0.000 0 0.165 -0.014 0.1648 -0.0139
1770994007.193659 0 0.177 -0.003 -0.014 1 0.00 0.00 0.000 0.000 0 0.176 -0.014 0.1760 -0.0139
1770994007.239387 0 0.187 -0.003 -0.015 1 0.00 0.00 0.000 0.000 0 0.184 -0.015 0.1843 -0.0150
1770994007.2429397 0 0.188 -0.003 -0.015 1 0.00 0.00 0.000 0.000 0 0.186 -0.015 0.1858 -0.0150
1770994007.2930632 0 0.198 -0.003 -0.016 1 0.00 0.00 0.000 0.000 0 0.196 -0.016 0.1959 -0.0162
1770994007.3415534 0 0.208 -0.003 -0.016 1 0.00 0.00 0.000 0.000 0 0.206 -0.016 0.2063 -0.0162
1770994007.3460195 0 0.209 -0.003 -0.016 1 0.00 0.00 0.000 0.000 0 0.206 -0.016 0.2063 -0.0162
% 1770994007.3557148 robobot/cmd/ti alive 2026-02-13 15:46:45.782851
1770994007.3929188 0 0.219 -0.003 -0.016 1 0.00 0.00 0.000 0.000 0 0.217 -0.016 0.2174 -0.0162
1770994007.4396307 0 0.228 -0.003 -0.015 1 0.00 0.00 0.000 0.000 0 0.226 -0.015 0.2256 -0.0150
1770994007.4432566 0 0.230 -0.003 -0.015 1 0.00 0.00 0.000 0.000 0 0.227 -0.015 0.2274 -0.0150
1770994007.4932475 0 0.240 -0.003 -0.016 1 0.00 0.00 0.000 0.000 0 0.237 -0.016 0.2370 -0.0162
1770994007.5395937 0 0.248 -0.004 -0.016 1 0.00 0.00 0.000 0.000 0 0.246 -0.016 0.2465 -0.0162
1770994007.5444431 0 0.249 -0.004 -0.016 1 0.00 0.00 0.000 0.000 0 0.246 -0.016 0.2465 -0.0162
1770994007.594428 0 0.259 -0.004 -0.018 1 0.00 0.00 0.000 0.000 0 0.257 -0.018 0.2574 -0.0185
1770994007.6395085 0 0.268 -0.004 -0.018 1 0.00 0.00 0.000 0.000 0 0.265 -0.018 0.2655 -0.0185
1770994007.6441991 0 0.269 -0.004 -0.018 1 0.00 0.00 0.000 0.000 0 0.267 -0.018 0.2669 -0.0185
1770994007.6940405 0 0.279 -0.004 -0.017 1 0.00 0.00 0.000 0.000 0 0.276 -0.017 0.2765 -0.0173
1770994007.740188 0 0.288 -0.004 -0.018 1 0.00 0.00 0.000 0.000 0 0.286 -0.018 0.2861 -0.0185
1770994007.743833 0 0.289 -0.004 -0.018 1 0.00 0.00 0.000 0.000 0 0.286 -0.018 0.2861 -0.0185
1770994007.7944741 0 0.299 -0.004 -0.016 1 0.00 0.00 0.000 0.000 0 0.298 -0.016 0.2976 -0.0162
1770994007.8395941 0 0.308 -0.005 -0.016 1 0.00 0.00 0.000 0.000 0 0.306 -0.016 0.3057 -0.0162
1770994007.843777 0 0.310 -0.005 -0.016 1 0.00 0.00 0.000 0.000 0 0.307 -0.016 0.3074 -0.0162
% 1770994007.8585746 robobot/cmd/ti alive 2026-02-13 15:46:45.782851
1770994007.8949115 0 0.320 -0.005 -0.015 1 0.00 0.00 0.000 0.000 0 0.317 -0.015 0.3169 -0.0150
1770994007.9404583 0 0.328 -0.005 -0.017 1 0.00 0.00 0.000 0.000 0 0.327 -0.017 0.3266 -0.0173
1770994007.9439507 0 0.330 -0.005 -0.016 1 0.00 0.00 0.000 0.000 0 0.327 -0.016 0.3266 -0.0162
1770994007.9948995 0 0.339 -0.005 -0.017 1 0.00 0.00 0.000 0.000 0 0.338 -0.017 0.3378 -0.0173
1770994008.0401914 0 0.348 -0.005 -0.017 1 0.00 0.00 0.000 0.000 0 0.346 -0.017 0.3458 -0.0173
1770994008.0438232 0 0.349 -0.005 -0.018 1 0.00 0.00 0.000 0.000 0 0.347 -0.018 0.3472 -0.0185
1770994008.0940804 0 0.359 -0.005 -0.017 1 0.00 0.00 0.000 0.000 0 0.357 -0.017 0.3570 -0.0173
1770994008.1399887 0 0.368 -0.006 -0.017 1 0.00 0.00 0.000 0.000 0 0.367 -0.017 0.3665 -0.0173
1770994008.1439762 0 0.370 -0.006 -0.017 1 0.00 0.00 0.000 0.000 0 0.367 -0.017 0.3665 -0.0173
1770994008.1951237 0 0.379 -0.006 -0.017 1 0.00 0.00 0.000 0.000 0 0.378 -0.017 0.3777 -0.0173
1770994008.240281 0 0.389 -0.006 -0.018 1 0.00 0.00 0.000 0.000 0 0.386 -0.018 0.3857 -0.0185
1770994008.2449179 0 0.389 -0.006 -0.017 1 0.00 0.00 0.000 0.000 0 0.387 -0.017 0.3872 -0.0173
1770994008.295663 0 0.399 -0.006 -0.018 1 0.00 0.00 0.000 0.000 0 0.397 -0.018 0.3966 -0.0185
1770994008.3406796 0 0.408 -0.006 -0.018 1 0.00 0.00 0.000 0.000 0 0.406 -0.018 0.4061 -0.0185
1770994008.345458 0 0.409 -0.006 -0.018 1 0.00 0.00 0.000 0.000 0 0.408 -0.018 0.4078 -0.0185
% 1770994008.3616323 robobot/cmd/ti alive 2026-02-13 15:46:45.782851
1770994008.3952272 0 0.418 -0.007 -0.017 1 0.00 0.00 0.000 0.000 0 0.417 -0.017 0.4168 -0.0173
1770994008.4408658 0 0.427 -0.007 -0.015 1 0.00 0.00 0.000 0.000 0 0.424 -0.015 0.4243 -0.0150
1770994008.4451218 0 0.428 -0.007 -0.014 1 0.00 0.00 0.000 0.000 0 0.426 -0.014 0.4260 -0.0139
1770994008.4950407 0 0.437 -0.007 -0.013 1 0.00 0.00 0.000 0.000 0 0.435 -0.013 0.4350 -0.0127
1770994008.5405238 0 0.447 -0.007 -0.012 1 0.00 0.00 0.000 0.000 0 0.444 -0.012 0.4444 -0.0116
1770994008.5453863 0 0.447 -0.007 -0.012 1 0.00 0.00 0.000 0.000 0 0.446 -0.012 0.4460 -0.0116
1770994008.595644 0 0.457 -0.007 -0.010 1 0.00 0.00 0.000 0.000 0 0.456 -0.010 0.4557 -0.0104
1770994008.6401567 0 0.467 -0.007 -0.008 1 0.00 0.00 0.000 0.000 0 0.464 -0.008 0.4637 -0.0081
1770994008.644726 0 0.467 -0.007 -0.008 1 0.00 0.00 0.000 0.000 0 0.465 -0.008 0.4654 -0.0081
1770994008.6955328 0 0.478 -0.007 -0.005 1 0.00 0.00 0.000 0.000 0 0.475 -0.005 0.4752 -0.0046
1770994008.7404504 0 0.487 -0.007 -0.002 1 0.00 0.00 0.000 0.000 0 0.484 -0.002 0.4838 -0.0023
1770994008.7452288 0 0.488 -0.007 -0.004 1 0.00 0.00 0.000 0.000 0 0.486 -0.004 0.4856 -0.0035
1770994008.7948565 0 0.498 -0.007 -0.002 1 0.00 0.00 0.000 0.000 0 0.496 -0.002 0.4956 -0.0023
1770994008.8404334 0 0.507 -0.007 -0.002 1 0.00 0.00 0.000 0.000 0 0.504 -0.002 0.5040 -0.0023
1770994008.8452032 0 0.509 -0.007 -0.001 1 0.00 0.00 0.000 0.000 0 0.506 -0.001 0.5057 -0.0012
% 1770994008.863846 robobot/cmd/ti alive 2026-02-13 15:46:45.782851
1770994008.8967273 0 0.520 -0.007 0.001 1 0.00 0.00 0.000 0.000 0 0.516 0.001 0.5157 0.0012
1770994008.940928 0 0.528 -0.007 0.004 1 0.00 0.00 0.000 0.000 0 0.525 0.004 0.5253 0.0035
1770994008.9460385 0 0.529 -0.007 0.004 1 0.00 0.00 0.000 0.000 0 0.527 0.004 0.5267 0.0035
1770994008.9965775 0 0.538 -0.007 0.006 1 0.00 0.00 0.000 0.000 0 0.535 0.006 0.5348 0.0058
1770994009.0404265 0 0.546 -0.007 0.001 1 0.00 0.00 0.000 0.000 0 0.542 0.001 0.5425 0.0012
1770994009.0464811 0 0.548 -0.007 -0.000 1 0.00 0.00 0.000 0.000 0 0.544 0.000 0.5438 0.0000
1770994009.0968642 0 0.559 -0.007 -0.002 1 0.00 0.00 0.000 0.000 0 0.554 -0.002 0.5543 -0.0023
1770994009.140276 0 0.568 -0.007 -0.002 1 0.00 0.00 0.000 0.000 0 0.565 -0.002 0.5649 -0.0023
1770994009.1462464 0 0.570 -0.007 -0.004 1 0.00 0.00 0.000 0.000 0 0.567 -0.004 0.5668 -0.0035
1770994009.1959865 0 0.580 -0.007 -0.005 1 0.00 0.00 0.000 0.000 0 0.577 -0.005 0.5770 -0.0046
1770994009.2405763 0 0.589 -0.007 -0.005 1 0.00 0.00 0.000 0.000 0 0.586 -0.005 0.5856 -0.0046
1770994009.246465 0 0.591 -0.007 -0.005 1 0.00 0.00 0.000 0.000 0 0.587 -0.005 0.5871 -0.0046
1770994009.295924 0 0.601 -0.007 -0.006 1 0.00 0.00 0.000 0.000 0 0.597 -0.006 0.5969 -0.0058
1770994009.3406615 0 0.609 -0.007 -0.004 1 0.00 0.00 0.000 0.000 0 0.606 -0.004 0.6064 -0.0035
1770994009.3464038 0 0.611 -0.007 -0.004 1 0.00 0.00 0.000 0.000 0 0.608 -0.004 0.6080 -0.0035
% 1770994009.366177 robobot/cmd/ti alive 2026-02-13 15:46:45.782851
1770994009.396248 0 0.621 -0.007 -0.005 1 0.00 0.00 0.000 0.000 0 0.618 -0.005 0.6175 -0.0046
1770994009.4416778 0 0.629 -0.008 -0.005 1 0.00 0.00 0.000 0.000 0 0.626 -0.005 0.6258 -0.0046
1770994009.4460475 0 0.631 -0.008 -0.005 1 0.00 0.00 0.000 0.000 0 0.627 -0.005 0.6274 -0.0046
1770994009.4965572 0 0.641 -0.008 -0.005 1 0.00 0.00 0.000 0.000 0 0.637 -0.005 0.6370 -0.0046
1770994009.5410388 0 0.649 -0.008 -0.006 1 0.00 0.00 0.000 0.000 0 0.647 -0.006 0.6467 -0.0058
1770994009.5471218 0 0.651 -0.008 -0.006 1 0.00 0.00 0.000 0.000 0 0.648 -0.006 0.6482 -0.0058
1770994009.5975068 0 0.661 -0.008 -0.004 1 0.00 0.00 0.000 0.000 0 0.658 -0.004 0.6578 -0.0035
1770994009.6410525 0 0.669 -0.008 -0.005 1 0.00 0.00 0.000 0.000 0 0.666 -0.005 0.6657 -0.0046
1770994009.6475632 0 0.671 -0.008 -0.005 1 0.00 0.00 0.000 0.000 0 0.667 -0.005 0.6674 -0.0046
1770994009.6976287 0 0.681 -0.008 -0.004 1 0.00 0.00 0.000 0.000 0 0.677 -0.004 0.6771 -0.0035
1770994009.7410622 0 0.689 -0.008 -0.005 1 0.00 0.00 0.000 0.000 0 0.687 -0.005 0.6865 -0.0046
1770994009.7470744 0 0.691 -0.008 -0.005 1 0.00 0.00 0.000 0.000 0 0.688 -0.005 0.6881 -0.0046
1770994009.797749 0 0.701 -0.008 -0.001 1 0.00 0.00 0.000 0.000 0 0.698 -0.001 0.6976 -0.0012
1770994009.8410792 0 0.708 -0.008 -0.001 1 0.00 0.00 0.000 0.000 0 0.705 -0.001 0.7047 -0.0012
1770994009.8473868 0 0.710 -0.008 -0.001 1 0.00 0.00 0.000 0.000 0 0.706 -0.001 0.7062 -0.0012
% 1770994009.8677657 robobot/cmd/ti alive 2026-02-13 15:46:45.782851
1770994009.89752 0 0.720 -0.008 -0.004 1 0.00 0.00 0.000 0.000 0 0.716 -0.004 0.7159 -0.0035
1770994009.9418302 0 0.728 -0.008 -0.002 1 0.00 0.00 0.000 0.000 0 0.726 -0.002 0.7259 -0.0023
1770994009.946635 0 0.730 -0.008 -0.005 1 0.00 0.00 0.000 0.000 0 0.728 -0.005 0.7275 -0.0046
1770994009.9977283 0 0.741 -0.008 -0.005 1 0.00 0.00 0.000 0.000 0 0.737 -0.005 0.7375 -0.0046
1770994010.0417638 0 0.749 -0.008 -0.005 1 0.00 0.00 0.000 0.000 0 0.746 -0.005 0.7457 -0.0046
1770994010.0479767 0 0.751 -0.008 -0.005 1 0.00 0.00 0.000 0.000 0 0.747 -0.005 0.7471 -0.0046
1770994010.0979722 0 0.761 -0.008 -0.002 1 0.00 0.00 0.000 0.000 0 0.757 -0.002 0.7567 -0.0023
1770994010.1405735 0 0.769 -0.008 -0.001 1 0.00 0.00 0.000 0.000 0 0.766 -0.001 0.7662 -0.0012
1770994010.146983 0 0.770 -0.008 -0.001 1 0.00 0.00 0.000 0.000 0 0.768 -0.001 0.7677 -0.0012
1770994010.1975918 0 0.780 -0.008 -0.001 1 0.00 0.00 0.000 0.000 0 0.777 -0.001 0.7766 -0.0012
1770994010.2414238 0 0.788 -0.008 -0.000 1 0.00 0.00 0.000 0.000 0 0.784 0.000 0.7844 0.0000
1770994010.2479744 0 0.790 -0.008 0.001 1 0.00 0.00 0.000 0.000 0 0.786 0.001 0.7859 0.0012
1770994010.2983794 0 0.799 -0.008 -0.000 1 0.00 0.00 0.000 0.000 0 0.795 0.000 0.7952 0.0000
1770994010.340241 0 0.807 -0.008 0.001 1 0.00 0.00 0.000 0.000 0 0.805 0.001 0.8046 0.0012
1770994010.348527 0 0.809 -0.008 0.001 1 0.00 0.00 0.000 0.000 0 0.806 0.001 0.8062 0.0012
% 1770994010.3696995 robobot/cmd/ti alive 2026-02-13 15:46:45.782851
1770994010.3984032 0 0.819 -0.008 0.001 1 0.00 0.00 0.000 0.000 0 0.816 0.001 0.8156 0.0012
1770994010.4413056 0 0.827 -0.008 0.001 1 0.00 0.00 0.000 0.000 0 0.824 0.001 0.8236 0.0012
1770994010.447958 0 0.829 -0.008 0.001 1 0.00 0.00 0.000 0.000 0 0.825 0.001 0.8254 0.0012
1770994010.499023 0 0.839 -0.008 0.002 1 0.00 0.00 0.000 0.000 0 0.835 0.002 0.8349 0.0023
1770994010.5410213 0 0.848 -0.008 0.001 1 0.00 0.00 0.000 0.000 0 0.845 0.001 0.8449 0.0012
1770994010.5483472 0 0.850 -0.008 0.001 1 0.00 0.00 0.000 0.000 0 0.846 0.001 0.8465 0.0012
1770994010.5979285 0 0.860 -0.008 0.002 1 0.00 0.00 0.000 0.000 0 0.856 0.002 0.8565 0.0023
1770994010.641209 0 0.868 -0.008 0.001 1 0.00 0.00 0.000 0.000 0 0.864 0.001 0.8644 0.0012
1770994010.6485605 0 0.870 -0.008 0.001 1 0.00 0.00 0.000 0.000 0 0.866 0.001 0.8662 0.0012
1770994010.6987782 0 0.880 -0.008 0.001 1 0.00 0.00 0.000 0.000 0 0.876 0.001 0.8757 0.0012
1770994010.7423122 0 0.888 -0.008 -0.001 1 0.00 0.00 0.000 0.000 0 0.886 -0.001 0.8857 -0.0012
1770994010.748677 0 0.890 -0.008 -0.001 1 0.00 0.00 0.000 0.000 0 0.887 -0.001 0.8874 -0.0012
1770994010.7982786 0 0.901 -0.008 -0.002 1 0.00 0.00 0.000 0.000 0 0.897 -0.002 0.8972 -0.0023
1770994010.841388 0 0.909 -0.008 -0.002 1 0.00 0.00 0.000 0.000 0 0.905 -0.002 0.9054 -0.0023
1770994010.8489006 0 0.911 -0.008 -0.004 1 0.00 0.00 0.000 0.000 0 0.907 -0.004 0.9071 -0.0035
% 1770994010.8722274 robobot/cmd/ti alive 2026-02-13 15:46:45.782851
1770994010.8998077 0 0.921 -0.008 -0.005 1 0.00 0.00 0.000 0.000 0 0.918 -0.005 0.9184 -0.0046
1770994010.9409049 0 0.929 -0.008 -0.005 1 0.00 0.00 0.000 0.000 0 0.926 -0.005 0.9265 -0.0046
1770994010.9494493 0 0.931 -0.008 -0.005 1 0.00 0.00 0.000 0.000 0 0.928 -0.005 0.9282 -0.0046
1770994010.9996622 0 0.941 -0.008 -0.004 1 0.00 0.00 0.000 0.000 0 0.938 -0.004 0.9378 -0.0035
1770994011.0417619 0 0.949 -0.008 -0.005 1 0.00 0.00 0.000 0.000 0 0.946 -0.005 0.9456 -0.0046
1770994011.0492237 0 0.951 -0.008 -0.005 1 0.00 0.00 0.000 0.000 0 0.947 -0.005 0.9473 -0.0046
1770994011.0991123 0 0.961 -0.008 -0.005 1 0.00 0.00 0.000 0.000 0 0.958 -0.005 0.9583 -0.0046
1770994011.140582 0 0.969 -0.008 -0.005 1 0.00 0.00 0.000 0.000 0 0.966 -0.005 0.9665 -0.0046
1770994011.1495283 0 0.971 -0.008 -0.005 1 0.00 0.00 0.000 0.000 0 0.968 -0.005 0.9683 -0.0046
1770994011.1994638 0 0.981 -0.008 -0.006 1 0.00 0.00 0.000 0.000 0 0.978 -0.006 0.9780 -0.0058
1770994011.2409587 0 0.990 -0.008 -0.006 1 0.00 0.00 0.000 0.000 0 0.986 -0.006 0.9860 -0.0058
1770994011.249658 0 0.991 -0.008 -0.006 1 0.00 0.00 0.000 0.000 0 0.988 -0.006 0.9877 -0.0058
1770994011.3004024 0 1.001 -0.008 -0.007 1 0.00 0.00 0.000 0.000 0 0.999 -0.007 0.9988 -0.0069
1770994011.340671 0 1.009 -0.008 -0.007 1 0.00 0.00 0.000 0.000 0 1.007 -0.007 1.0066 -0.0069
% 1770994011.3423529 robobot/cmd/ti rc 0.0 0.0
% 1770994011.3428721 robobot/cmd/T0 servo 1 0 0
1770994011.349711 0 1.011 -0.008 -0.007 1 0.00 0.00 0.000 0.000 0 1.008 -0.007 1.0082 -0.0069
% 1770994011.37453 robobot/cmd/ti alive 2026-02-13 15:46:45.782851
1770994011.400894 0 1.016 -0.008 0.001 1 0.00 0.00 0.000 0.000 0 1.014 0.001 1.0139 0.0012
1770994011.4417062 0 1.019 -0.008 0.006 1 0.00 0.00 0.000 0.000 0 1.018 0.006 1.0181 0.0058
1770994011.4508772 0 1.019 -0.008 0.006 1 0.00 0.00 0.000 0.000 0 1.018 0.006 1.0185 0.0058
1770994011.5006077 0 1.019 -0.008 0.008 1 0.00 0.00 0.000 0.000 0 1.020 0.008 1.0200 0.0081
1770994011.540999 0 1.019 -0.008 0.006 1 0.00 0.00 0.000 0.000 0 1.020 0.006 1.0201 0.0058
1770994011.5493515 0 1.019 -0.008 0.005 1 0.00 0.00 0.000 0.000 0 1.020 0.005 1.0201 0.0046
1770994011.599819 0 1.018 -0.008 0.005 1 0.00 0.00 0.000 0.000 0 1.020 0.005 1.0199 0.0046
1770994011.64089 0 1.018 -0.008 0.005 1 0.00 0.00 0.000 0.000 0 1.020 0.005 1.0196 0.0046
1770994011.6515975 0 1.018 -0.008 0.005 1 0.00 0.00 0.000 0.000 0 1.020 0.005 1.0196 0.0046
1770994011.7010105 0 1.018 -0.008 0.005 1 0.00 0.00 0.000 0.000 0 1.019 0.005 1.0192 0.0046
1770994011.7416499 0 1.018 -0.008 0.005 1 0.00 0.00 0.000 0.000 0 1.019 0.005 1.0190 0.0046
1770994011.7504587 0 1.018 -0.008 0.005 1 0.00 0.00 0.000 0.000 0 1.019 0.005 1.0190 0.0046
1770994011.820501 0 1.018 -0.008 0.005 1 0.00 0.00 0.000 0.000 0 1.019 0.005 1.0188 0.0046
1770994011.8413563 0 1.018 -0.008 0.005 1 0.00 0.00 0.000 0.000 0 1.019 0.005 1.0186 0.0046
1770994011.8507187 0 1.018 -0.008 0.005 1 0.00 0.00 0.000 0.000 0 1.019 0.005 1.0186 0.0046
% 1770994011.8766649 robobot/cmd/ti alive 2026-02-13 15:46:45.782851
1770994011.9010973 0 1.019 -0.008 0.002 1 0.00 0.00 0.000 0.000 0 1.018 0.002 1.0185 0.0023
1770994011.9417748 0 1.019 -0.008 0.002 1 0.00 0.00 0.000 0.000 0 1.018 0.002 1.0184 0.0023
1770994011.9501066 0 1.019 -0.008 0.002 1 0.00 0.00 0.000 0.000 0 1.018 0.002 1.0184 0.0023
1770994012.0009093 0 1.019 -0.008 0.002 1 0.00 0.00 0.000 0.000 0 1.018 0.002 1.0184 0.0023
1770994012.0416527 0 1.019 -0.008 0.002 1 0.00 0.00 0.000 0.000 0 1.018 0.002 1.0183 0.0023
1770994012.0503001 0 1.019 -0.008 0.002 1 0.00 0.00 0.000 0.000 0 1.018 0.002 1.0183 0.0023
% 1770994012.0976787 robobot/cmd/ti rc 0.0 0.0
% 1770994012.0983984 robobot/cmd/T0 leds 16 0 0 0
% 1770994012.0985496 % State change from -1 to 100
1770994012.1010838 0 1.019 -0.008 0.002 1 0.00 0.00 0.000 0.000 0 1.018 0.002 1.0183 0.0023
1770994012.1411715 0 1.019 -0.008 0.002 1 0.00 0.00 0.000 0.000 0 1.018 0.002 1.0184 0.0023
1770994012.1505432 0 1.019 -0.008 0.002 1 0.00 0.00 0.000 0.000 0 1.018 0.002 1.0184 0.0023
% 1770994012.1991882 robobot/cmd/T0 leds 16 0 0 0
% 1770994012.1999536 robobot/cmd/ti rc 0 0
% 1770994012.2008328 robobot/cmd/T0 servo 1 0 0
1770994012.2014558 0 1.019 -0.008 0.002 1 0.00 0.00 0.000 0.000 0 1.018 0.002 1.0184 0.0023
1770994012.2413733 0 1.019 -0.008 0.002 1 0.00 0.00 0.000 0.000 0 1.018 0.002 1.0184 0.0023
1770994012.2509673 0 1.019 -0.008 0.002 1 0.00 0.00 0.000 0.000 0 1.018 0.002 1.0184 0.0023
% 1770994012.2723515 robobot/cmd/ti rc 0 0
% 1770994012.293375 robobot/cmd/T0 stop
% 1770994012.2958124 robobot/cmd/T0 leds 14 0 0 0
1770994012.3023226 0 1.019 -0.008 0.002 1 0.00 0.00 0.000 0.000 0 1.018 0.002 1.0184 0.0023
% 1770994012.306728 robobot/cmd/T0 leds 15 0 0 0
% 1770994012.307259 robobot/cmd/T0 leds 16 0 0 0
% 1770994012.3180473 robobot/cmd/ti log 0
