% IP display service for Teensy
% Version  1234 2026-02-01 08:46:32
% 1 	Time (sec) from system
% 2 	Number of users on Linux system
% 3 	CPU temperature (deg C)
% 4 	% (to help import to Matlab)
% 5 	Message string (possibly more lines)
1771578882.4728 0 0.0 % Fri Feb 20 10:14:42 AM CET 2026

1771578882.4728 0 18.8 % 
1771578882.4845 0 18.8 %  10:14:42 up 0 min,  1 user,  load average: 0.29, 0.06, 0.02
USER     TTY      FROM             LOGIN@   IDLE   JCPU   PCPU  WHAT
local    tty1     -                10:14    1.00s  0.03s  0.03s -bash

1771578891.4985 1 19.9 % 
1771578894.5055 1 19.4 % 
1771578897.5125 1 19.9 % 
1771578900.5196 1 18.8 % 
1771578903.5266 1 19.9 % 
1771580709.3354 1 21.0 % 
1771580715.3491 1 20.5 % 
1771580724.5910 1 21.0 % 
1771580727.5992 1 19.9 % 
1771580730.6065 1 21.5 % 
1771580733.6136 1 22.1 % 
1771580736.6240 1 21.5 % 
1771580739.6343 1 22.6 % 
1771580742.6439 1 20.5 % 
1771580745.6535 1 22.1 % 
1771580748.6630 1 21.5 % 
1771580751.6731 1 22.1 % 
1771580754.6829 1 21.5 % 
1771580757.6925 1 22.1 % 
1771580760.7020 1 21.0 % 
1771580763.7119 1 22.1 % 
1771580766.7217 1 22.6 % 
1771580769.7313 1 22.1 % 
1771580772.7409 1 22.6 % 
1771580781.7700 1 23.8 % 
1771580784.7796 1 22.6 % 
1771580787.7890 1 23.2 % 
1771580793.8098 1 24.9 % 
1771580796.8193 1 25.4 % 
1771580799.8292 1 23.8 % 
1771580802.8394 1 23.2 % 
1771580805.8489 1 24.3 % 
1771580817.8880 1 24.9 % 
1771580820.8975 1 24.3 % 
1771580823.9071 1 24.9 % 
1771580826.9174 1 23.8 % 
1771580829.9268 1 24.3 % 
1771580832.9364 1 24.9 % 
1771580841.9663 1 25.4 % 
1771580844.9757 1 24.3 % 
1771580847.9854 1 25.4 % 
1771580854.0059 1 26.5 % 
1771580857.0156 1 26.0 % 
1771580860.0255 1 25.4 % 
1771580863.0357 1 26.0 % 
1771580875.0742 1 26.5 % 
1771580887.1122 1 27.0 % 
1771580890.1219 1 26.5 % 
1771580896.1410 1 27.0 % 
1771580902.1601 1 28.1 % 
1771580905.1702 1 27.0 % 
1771580908.1803 1 26.5 % 
1771580914.2009 1 27.6 % 
1771580926.2391 1 26.0 % 
1771580929.2486 1 27.6 % 
1771580935.2690 1 27.0 % 
1771580938.2785 1 28.1 % 
1771580947.3072 1 27.6 % 
1771580950.3170 1 28.7 % 
1771580956.3361 1 28.1 % 
1771580968.3749 1 28.7 % 
1771580971.3843 1 27.6 % 
1771580974.3948 1 29.2 % 
1771580977.4048 1 29.8 % 
1771580980.4128 1 30.4 % 
1771580983.4196 1 30.9 % 
1771580986.4291 1 29.2 % 
1771580992.4478 1 29.8 % 
1771580995.4568 1 29.2 % 
1771580998.4660 1 29.8 % 
1771581004.4838 1 29.2 % 
1771581007.4926 1 29.8 % 
1771581010.5015 1 29.2 % 
1771581013.5102 1 29.8 % 
1771581025.5457 1 30.4 % 
1771581028.5551 1 28.7 % 
1771581031.5640 1 30.4 % 
1771581037.5826 1 30.9 % 
1771581040.5975 1 29.8 % 
1771581043.6069 1 30.9 % 
1771581052.6371 1 30.4 % 
1771581055.6460 1 30.9 % 
1771581058.6548 1 30.4 % 
1771581061.6637 1 30.9 % 
1771581070.6903 1 29.8 % 
1771581073.6994 1 30.9 % 
1771581079.7173 1 31.5 % 
1771581082.7263 1 30.4 % 
1771581085.7351 1 31.5 % 
1771581088.7444 1 29.8 % 
1771581091.7532 1 31.5 % 
1771581094.7622 1 30.4 % 
1771581097.7710 1 32.0 % 
1771581103.7897 1 30.9 % 
1771581106.8000 1 32.5 % 
1771581109.8096 1 30.4 % 
1771581112.8185 1 31.5 % 
1771581115.8280 1 30.4 % 
1771581118.8378 1 33.1 % 
1771581121.8471 1 32.0 % 
1771581124.8567 1 31.5 % 
1771581127.8656 1 32.0 % 
1771581133.8834 1 31.5 % 
1771581139.9010 1 32.5 % 
1771581142.9102 1 32.0 % 
1771581148.9279 1 32.5 % 
1771581151.9368 1 32.0 % 
1771581157.9550 1 32.5 % 
1771581163.9730 1 33.7 % 
1771581166.9820 1 33.1 % 
1771581166.9886 1 33.1 %  10:52:46 up 8 min,  2 users,  load average: 0.17, 0.14, 0.08
USER     TTY      FROM             LOGIN@   IDLE   JCPU   PCPU  WHAT
local             10.209.152.7     10:52           0.00s  0.01s sshd-session: local [priv]
local    tty1     -                10:14   38:05   0.03s  0.03s -bash

1771581172.9966 2 31.5 % 
1771581176.0064 2 32.5 % 
1771581179.0161 2 33.1 % 
1771581188.0442 2 33.7 % 
1771581191.0533 2 32.5 % 
1771581194.0624 2 33.7 % 
1771581200.0816 2 33.1 % 
1771581203.0909 2 32.0 % 
1771581206.1003 2 33.1 % 
1771581209.1098 2 33.7 % 
1771581212.1190 2 33.1 % 
1771581215.1282 2 33.7 % 
1771581218.1373 2 32.0 % 
1771581221.1467 2 33.7 % 
1771581233.1834 2 33.1 % 
1771581236.1957 2 34.8 % 
1771581242.2150 2 33.7 % 
1771581245.2244 2 34.8 % 
1771581248.2337 2 33.7 % 
1771581251.2430 2 34.2 % 
1771581254.2525 2 33.7 % 
1771581257.2618 2 34.2 % 
1771581260.2711 2 34.8 % 
1771581269.2989 2 33.7 % 
1771581272.3081 2 34.2 % 
1771581281.3358 2 34.8 % 
1771581284.3450 2 35.3 % 
1771581287.3542 2 34.2 % 
1771581296.3822 2 34.8 % 
1771581308.4215 2 35.3 % 
1771581311.4310 2 36.4 % 
1771581314.4409 2 34.2 % 
1771581317.4507 2 34.8 % 
1771581320.4604 2 35.3 % 
1771581323.4696 2 34.8 % 
1771581326.4788 2 35.3 % 
1771581329.4882 2 34.8 % 
1771581332.4977 2 35.3 % 
1771581335.5071 2 36.4 % 
1771581338.5164 2 35.3 % 
1771581341.5259 2 35.8 % 
1771581344.5352 2 35.3 % 
1771581350.5541 2 34.2 % 
1771581353.5632 2 35.8 % 
1771581356.5724 2 34.2 % 
1771581359.5862 2 35.8 % 
1771581365.6054 2 36.4 % 
1771581368.6151 2 35.8 % 
1771581374.6341 2 37.5 % 
1771581377.6432 2 35.8 % 
1771581380.6529 2 36.4 % 
1771581383.6624 2 35.8 % 
1771581395.6997 2 36.4 % 
1771581398.7089 2 35.8 % 
1771581404.7275 2 37.5 % 
1771581407.7367 2 36.4 % 
1771581410.7462 2 35.8 % 
1771581413.7555 2 36.4 % 
1771581416.7647 2 35.8 % 
1771581419.7740 2 36.4 % 
1771581422.7842 2 35.8 % 
1771581428.8079 2 36.4 % 
1771581431.8181 2 37.0 % 
1771581434.8275 2 37.5 % 
1771581437.8368 2 35.8 % 
1771581446.8654 2 36.4 % 
1771581452.8838 2 37.0 % 
1771581455.8929 2 36.4 % 
1771581458.9021 2 35.3 % 
1771581461.9112 2 36.4 % 
1771581464.9204 2 37.0 % 
1771581470.9389 2 38.0 % 
1771581473.9481 2 37.0 % 
1771581498.0247 2 35.8 % 
1771581501.0338 2 37.5 % 
1771581504.0435 2 35.3 % 
1771581507.0527 2 37.0 % 
1771581510.0624 2 38.0 % 
1771581513.0715 2 37.0 % 
1771581516.0812 2 37.5 % 
1771581519.0908 2 37.0 % 
1771581522.1002 2 36.4 % 
1771581525.1094 2 37.5 % 
1771581528.1188 2 37.0 % 
1771581531.1281 2 37.5 % 
1771581546.1753 2 35.8 % 
1771581549.1852 2 37.5 % 
1771581552.1958 2 38.0 % 
1771581555.2053 2 37.5 % 
1771581558.2147 2 36.4 % 
1771581561.2240 2 37.5 % 
1771581564.2338 2 38.6 % 
1771581567.2431 2 37.5 % 
1771581573.2619 2 37.0 % 
1771581576.2712 2 37.5 % 
1771581579.2804 2 37.0 % 
1771581582.2899 2 37.5 % 
1771581585.2992 2 36.4 % 
1771581588.3084 2 38.0 % 
1771581594.3269 2 37.0 % 
1771581597.3364 2 37.5 % 
1771581600.3458 2 37.0 % 
1771581603.3557 2 37.5 % 
1771581606.3651 2 38.0 % 
1771581609.3747 2 38.6 % 
1771581612.3853 2 37.5 % 
1771581615.3963 2 38.0 % 
1771581624.4239 2 37.0 % 
1771581627.4332 2 38.0 % 
1771581633.4524 2 37.5 % 
1771581636.4616 2 38.0 % 
1771581642.4806 2 37.0 % 
1771581645.4897 2 39.2 % 
1771581648.4990 2 38.0 % 
1771581657.5271 2 38.6 % 
1771581663.5458 2 38.0 % 
1771581666.5551 2 37.5 % 
1771581669.5643 2 38.0 % 
1771581672.5775 2 38.6 % 
1771581675.5887 2 37.0 % 
1771581678.5986 2 37.5 % 
1771581681.6053 2 39.2 % 
1771581687.6248 2 38.6 % 
1771581690.6389 2 39.2 % 
1771581693.6483 2 38.0 % 
1771581696.6575 2 38.6 % 
1771581699.6667 2 38.0 % 
1771581702.6797 2 38.6 % 
1771581708.6982 2 37.5 % 
1771581711.7078 2 38.6 % 
1771581714.7176 2 39.2 % 
1771581717.7268 2 37.5 % 
1771581723.7452 2 39.2 % 
1771581729.7640 2 40.2 % 
1771581732.7737 2 38.6 % 
1771581738.7939 2 39.2 % 
1771581741.8037 2 38.6 % 
1771581744.8130 2 38.0 % 
1771581747.8222 2 39.2 % 
1771581750.8314 2 38.0 % 
1771581753.8410 2 38.6 % 
1771581756.8504 2 39.2 % 
1771581759.8597 2 37.5 % 
1771581762.8689 2 38.6 % 
1771581765.8782 2 39.2 % 
1771581768.8877 2 37.5 % 
1771581771.8970 2 39.2 % 
1771581774.9062 2 39.7 % 
1771581777.9156 2 37.5 % 
1771581780.9250 2 38.6 % 
1771581783.9344 2 39.7 % 
1771581786.9438 2 38.6 % 
1771581789.9531 2 39.2 % 
1771581792.9626 2 39.7 % 
1771581795.9719 2 39.2 % 
1771581798.9814 2 38.0 % 
1771581805.0015 2 39.2 % 
1771581808.0112 2 38.6 % 
1771581811.0211 2 39.7 % 
1771581814.0306 2 38.6 % 
1771581817.0398 2 39.2 % 
1771581820.0493 2 38.0 % 
1771581823.0589 2 39.7 % 
1771581826.0684 2 39.2 % 
1771581838.1061 2 39.7 % 
1771581841.1153 2 39.2 % 
1771581844.1245 2 39.7 % 
1771581847.1343 2 39.2 % 
1771581853.1527 2 39.7 % 
1771581856.1618 2 40.2 % 
1771581859.1710 2 39.7 % 
1771581865.1907 2 39.2 % 
1771581868.2011 2 39.7 % 
1771581871.2108 2 39.2 % 
1771581874.2200 2 38.0 % 
1771581877.2292 2 39.7 % 
1771581880.2385 2 40.2 % 
1771581883.2485 2 38.6 % 
1771581886.2577 2 38.0 % 
1771581892.2771 2 39.2 % 
1771581895.2868 2 39.7 % 
1771581901.3062 2 38.0 % 
1771581904.3154 2 39.2 % 
1771581910.3341 2 39.7 % 
1771581913.3437 2 40.2 % 
1771581916.3532 2 39.7 % 
1771581922.3721 2 40.2 % 
1771581925.3820 2 38.6 % 
1771581928.3924 2 40.2 % 
1771581931.4017 2 39.7 % 
1771581934.4112 2 41.3 % 
1771581937.4210 2 39.2 % 
1771581940.4311 2 39.7 % 
1771581943.4410 2 39.2 % 
1771581946.4509 2 40.2 % 
1771581952.4697 2 39.7 % 
1771581955.4791 2 40.2 % 
1771581958.4883 2 38.6 % 
1771581961.4976 2 39.2 % 
1771581964.5069 2 40.2 % 
1771581970.5263 2 39.2 % 
1771581973.5356 2 40.2 % 
1771581979.5542 2 39.7 % 
1771581982.5639 2 40.2 % 
1771581985.5731 2 39.7 % 
1771581988.5830 2 40.2 % 
1771581994.6026 2 39.7 % 
1771582000.6216 2 41.9 % 
1771582003.6310 2 39.7 % 
1771582009.6500 2 40.2 % 
1771582012.6594 2 39.7 % 
1771582015.6687 2 39.2 % 
1771582018.6780 2 39.7 % 
1771582024.6967 2 40.2 % 
1771582039.7435 2 39.7 % 
1771582042.7528 2 40.2 % 
1771582045.7622 2 41.3 % 
1771582048.7720 2 40.2 % 
1771582054.7923 2 39.7 % 
1771582057.8016 2 39.2 % 
1771582060.8110 2 40.2 % 
1771582066.8305 2 40.8 % 
1771582069.8398 2 40.2 % 
1771582075.8597 2 40.8 % 
1771582078.8691 2 39.7 % 
1771582084.8876 2 40.2 % 
1771582099.9360 2 40.8 % 
1771582102.9458 2 40.2 % 
1771582105.9552 2 41.3 % 
1771582108.9649 2 40.2 % 
1771582111.9745 2 40.8 % 
1771582114.9859 2 40.2 % 
1771582121.0045 2 41.3 % 
1771582124.0138 2 40.2 % 
1771582127.0231 2 40.8 % 
1771582130.0330 2 39.7 % 
1771582133.0425 2 40.2 % 
1771582136.0518 2 40.8 % 
1771582139.0611 2 40.2 % 
1771582142.0710 2 40.8 % 
1771582148.0895 2 40.2 % 
1771582157.1174 2 39.7 % 
1771582160.1266 2 40.2 % 
1771582166.1453 2 40.8 % 
1771582169.1546 2 40.2 % 
1771582172.1639 2 39.2 % 
1771582175.1740 2 40.2 % 
1771582178.1861 2 41.9 % 
1771582181.1956 2 40.2 % 
1771582184.2054 2 40.8 % 
1771582190.2242 2 39.7 % 
1771582196.2434 2 40.8 % 
1771582205.2716 2 39.7 % 
1771582208.2809 2 39.2 % 
1771582211.2903 2 39.7 % 
1771582214.2998 2 40.8 % 
1771582220.3189 2 41.9 % 
1771582223.3281 2 40.8 % 
1771582226.3375 2 40.2 % 
1771582229.3468 2 41.9 % 
1771582232.3560 2 40.2 % 
1771582235.3652 2 40.8 % 
1771582250.4138 2 39.7 % 
1771582253.4234 2 41.3 % 
1771582256.4328 2 40.8 % 
1771582259.4423 2 40.2 % 
1771582262.4515 2 40.8 % 
1771582265.4609 2 41.3 % 
1771582268.4700 2 40.8 % 
1771582274.4885 2 40.2 % 
1771582277.4980 2 40.8 % 
1771582301.5726 2 41.3 % 
1771582304.5841 2 40.8 % 
1771582310.6029 2 41.3 % 
1771582313.6121 2 39.7 % 
1771582316.6216 2 40.8 % 
1771582319.6309 2 41.3 % 
1771582325.6497 2 40.8 % 
1771582337.6870 2 41.3 % 
1771582352.7333 2 40.8 % 
1771582367.7817 2 41.3 % 
1771582379.8203 2 40.8 % 
1771582382.8300 2 41.3 % 
1771582397.8771 2 40.2 % 
1771582400.8863 2 41.3 % 
1771582403.8955 2 40.8 % 
1771582406.9058 2 40.2 % 
1771582412.9252 2 40.8 % 
1771582415.9352 2 41.3 % 
1771582418.9450 2 40.8 % 
1771582421.9543 2 41.3 % 
1771582433.9939 2 40.8 % 
1771582440.0130 2 40.2 % 
1771582443.0225 2 41.3 % 
1771582461.0799 2 42.5 % 
1771582464.0891 2 41.3 % 
1771582467.0984 2 41.9 % 
1771582470.1078 2 40.2 % 
1771582473.1171 2 41.3 % 
1771582482.1451 2 40.8 % 
1771582485.1543 2 41.9 % 
1771582488.1636 2 40.2 % 
1771582491.1733 2 41.3 % 
1771582500.2031 2 40.8 % 
1771582503.2124 2 41.3 % 
1771582521.2720 2 41.9 % 
1771582524.2812 2 40.2 % 
1771582527.2905 2 41.3 % 
1771582530.2998 2 40.8 % 
1771582533.3091 2 41.9 % 
1771582539.3277 2 40.8 % 
1771582545.3465 2 40.2 % 
1771582548.3560 2 41.3 % 
1771582551.3652 2 41.9 % 
1771582557.3858 2 40.8 % 
1771582560.3959 2 41.3 % 
1771582566.4151 2 42.5 % 
1771582569.4247 2 41.3 % 
1771582572.4346 2 41.9 % 
1771582575.4438 2 40.8 % 
1771582578.4533 2 41.3 % 
1771582599.5188 2 41.9 % 
1771582602.5282 2 41.3 % 
1771582605.5381 2 41.9 % 
1771582611.5569 2 40.8 % 
1771582614.5662 2 41.3 % 
1771582623.5957 2 40.2 % 
1771582626.6050 2 42.5 % 
1771582629.6147 2 40.8 % 
1771582632.6242 2 42.5 % 
1771582635.6339 2 41.3 % 
1771582641.6526 2 40.8 % 
1771582644.6618 2 41.3 % 
1771582653.6902 2 41.9 % 
1771582656.6994 2 41.3 % 
1771582659.7096 2 41.9 % 
1771582662.7188 2 41.3 % 
1771582668.7376 2 40.2 % 
1771582671.7470 2 41.9 % 
1771582680.7769 2 41.3 % 
1771582683.7867 2 41.9 % 
1771582686.7964 2 41.3 % 
1771582695.8266 2 41.9 % 
1771582707.8647 2 41.3 % 
1771582713.8837 2 41.9 % 
1771582716.8929 2 41.3 % 
1771582719.9028 2 40.8 % 
1771582722.9121 2 43.0 % 
1771582725.9220 2 41.9 % 
1771582731.9411 2 41.3 % 
1771582734.9510 2 40.8 % 
1771582740.9696 2 41.9 % 
1771582743.9803 2 41.3 % 
1771582746.9896 2 40.8 % 
1771582749.9990 2 41.3 % 
1771582753.0083 2 42.5 % 
1771582756.0176 2 41.9 % 
1771582768.0548 2 40.8 % 
1771582771.0644 2 41.3 % 
1771582774.0738 2 41.9 % 
1771582777.0831 2 42.5 % 
1771582780.0926 2 41.9 % 
1771582786.1111 2 40.2 % 
1771582789.1207 2 41.9 % 
1771582804.1677 2 41.3 % 
1771582810.1870 2 41.9 % 
1771582828.2435 2 41.3 % 
1771582831.2528 2 41.9 % 
1771582837.2718 2 41.3 % 
1771582840.2810 2 40.8 % 
1771582843.2906 2 41.9 % 
1771582846.2998 2 40.8 % 
1771582852.3184 2 40.2 % 
1771582855.3276 2 41.9 % 
1771582861.3460 2 41.3 % 
1771582867.3650 2 41.9 % 
1771582873.3847 2 41.3 % 
1771582876.3946 2 41.9 % 
1771582885.4226 2 41.3 % 
1771582888.4318 2 43.0 % 
1771582891.4410 2 42.5 % 
1771582894.4502 2 40.2 % 
1771582897.4594 2 41.3 % 
1771582900.4687 2 41.9 % 
1771582906.4875 2 42.5 % 
1771582909.4968 2 41.3 % 
1771582918.5265 2 41.9 % 
1771582921.5359 2 41.3 % 
1771582924.5451 2 41.9 % 
1771582936.5836 2 41.3 % 
1771582939.5934 2 41.9 % 
1771582942.6036 2 42.5 % 
1771582948.6222 2 41.9 % 
1771582954.6407 2 41.3 % 
1771582957.6500 2 41.9 % 
1771582960.6592 2 40.8 % 
1771582966.6781 2 41.9 % 
1771582969.6873 2 40.8 % 
1771582972.6965 2 42.5 % 
1771582975.7057 2 41.9 % 
1771582978.7149 2 42.5 % 
1771582984.7336 2 43.0 % 
1771582987.7429 2 41.3 % 
1771582990.7522 2 42.5 % 
1771582996.7710 2 40.8 % 
1771582999.7809 2 41.9 % 
1771583002.7904 2 41.3 % 
1771583005.8001 2 41.9 % 
1771583008.8096 2 42.5 % 
1771583011.8191 2 41.9 % 
1771583014.8287 2 42.5 % 
1771583017.8384 2 41.9 % 
1771583023.8577 2 42.5 % 
1771583026.8670 2 41.9 % 
1771583032.8855 2 41.3 % 
1771583035.8947 2 42.5 % 
1771583047.9321 2 41.9 % 
1771583050.9417 2 42.5 % 
1771583059.9697 2 41.9 % 
1771583065.9887 2 43.5 % 
1771583068.9980 2 41.9 % 
1771583072.0072 2 42.5 % 
1771583078.0261 2 41.9 % 
1771583081.0360 2 42.5 % 
1771583084.0453 2 40.8 % 
1771583087.0545 2 43.0 % 
1771583090.0637 2 41.9 % 
1771583093.0827 2 41.9 %  11:24:53 up 40 min,  3 users,  load average: 0.12, 0.10, 0.09
USER     TTY      FROM             LOGIN@   IDLE   JCPU   PCPU  WHAT
local    pts/0    10.209.160.55    11:24    3.00s  0.04s  0.04s -bash
local             10.209.152.7     10:52           0.00s  0.01s sshd-session: local [priv]
local    tty1     -                10:14    1:10m  0.03s  0.03s -bash

1771583096.0828 3 41.3 % 
1771583099.0925 3 42.5 % 
1771583102.1019 3 41.9 % 
1771583108.1208 3 42.5 % 
1771583111.1307 3 40.8 % 
1771583117.1506 3 41.9 % 
1771583126.1834 3 40.8 % 
1771583132.2028 3 41.3 % 
1771583138.2221 3 41.9 % 
1771583141.2315 3 40.8 % 
1771583144.2411 3 41.9 % 
1771583150.2603 3 41.3 % 
1771583153.2698 3 41.9 % 
1771583156.2794 3 41.3 % 
1771583165.3090 3 40.8 % 
1771583168.3186 3 41.3 % 
1771583174.3375 3 39.7 % 
1771583177.3472 3 41.3 % 
1771583186.3774 3 40.2 % 
1771583189.3876 3 41.9 % 
1771583192.3971 3 40.2 % 
1771583195.4065 3 41.3 % 
1771583201.4261 3 41.9 % 
1771583204.4358 3 40.8 % 
1771583210.4553 3 41.9 % 
1771583213.4650 3 41.3 % 
1771583222.4939 3 40.8 % 
1771583228.5128 3 41.9 % 
1771583231.5227 3 39.7 % 
1771583234.5322 3 41.3 % 
1771583240.5523 3 40.8 % 
1771583243.5624 3 41.3 % 
1771583246.5741 3 40.8 % 
1771583249.5837 3 41.3 % 
1771583258.6126 3 39.7 % 
1771583261.6223 3 40.8 % 
1771583270.6516 3 40.2 % 
1771583273.6611 3 40.8 % 
1771583276.6710 3 41.3 % 
1771583282.6908 3 40.2 % 
1771583285.7005 3 41.3 % 
1771583288.7099 3 40.8 % 
1771583291.7232 3 41.3 % 
1771583297.7427 3 40.8 % 
1771583303.7623 3 41.3 % 
1771583306.7746 3 40.8 % 
1771583309.7844 3 43.0 % 
1771583312.7938 3 40.8 % 
1771583318.8140 3 40.2 % 
1771583321.8235 3 41.3 % 
1771583330.8518 3 41.9 % 
1771583333.8613 3 41.3 % 
1771583339.8803 3 41.9 % 
1771583342.8898 3 41.3 % 
1771583345.8996 3 41.9 % 
1771583354.9281 3 43.0 % 
1771583357.9375 3 39.7 % 
1771583360.9469 3 41.3 % 
1771583369.9779 3 42.5 % 
1771583372.9880 3 41.3 % 
1771583375.9975 3 41.9 % 
1771583379.0072 3 41.3 % 
1771583388.0369 3 40.8 % 
1771583391.0469 3 41.3 % 
1771583394.0564 3 40.2 % 
1771583397.0663 3 40.8 % 
1771583400.0757 3 41.9 % 
1771583403.0851 3 41.3 % 
1771583421.1430 3 41.9 % 
1771583427.1627 3 41.3 % 
1771583430.1727 3 41.9 % 
1771583433.1825 3 40.8 % 
1771583436.1923 3 42.5 % 
1771583439.2018 3 41.9 % 
1771583445.2220 3 42.5 % 
1771583448.2321 3 41.3 % 
1771583451.2422 3 41.9 % 
1771583454.2522 3 40.8 % 
1771583457.2624 3 41.9 % 
1771583472.3119 3 40.8 % 
1771583475.3217 3 41.9 % 
1771583478.3312 3 41.3 % 
1771583481.3411 3 42.5 % 
1771583487.3602 3 41.9 % 
1771583490.3720 3 42.5 % 
1771583493.3820 3 41.9 % 
1771583496.3925 3 42.5 % 
1771583499.4029 3 41.9 % 
1771583502.4127 3 41.3 % 
1771583505.4223 3 43.0 % 
1771583508.4321 3 41.3 % 
1771583511.4421 3 40.8 % 
1771583514.4523 3 41.9 % 
1771583517.4622 3 41.3 % 
1771583523.4828 3 43.0 % 
1771583526.4935 3 42.5 % 
1771583532.5133 3 43.0 % 
1771583535.5231 3 42.5 % 
1771583538.5327 3 41.9 % 
1771583541.5426 3 43.0 % 
1771583544.5524 3 42.5 % 
1771583547.5622 3 43.5 % 
1771583550.5730 3 42.5 % 
1771583553.5835 3 43.0 % 
1771583556.5979 3 42.5 % 
1771583559.6077 3 41.9 % 
1771583562.6177 3 42.5 % 
1771583571.6480 3 43.5 % 
1771583574.6588 3 43.0 % 
1771583576.5330 3 43.0 % robobot/cmd/shutdown
1771583577.6695 3 43.0 % Fri Feb 20 11:32:57 AM CET 2026

