% Gyro logfile (IMU1)
% 1 	Time (sec)
% 2-4 	Gyro (x,y,z)
% Gyro offset 0 0 0
1770386328.8519 -0.1443 0.2289 -0.1067
1770386328.8640 0.0082 0.1373 -0.0152
1770386328.8759 0.0388 0.2899 -0.0457
1770386328.8880 0.0388 -0.0153 -0.1373
1770386328.8999 0.2829 0.0153 -0.2899
1770386328.9119 -0.0833 0.1984 -0.0762
1770386328.9239 -0.0833 0.1984 -0.3204
1770386328.9359 0.0693 -0.1678 -0.1067
1770386328.9480 0.1303 0.1373 0.0458
1770386328.9601 0.0388 -0.1373 0.1069
1770386328.9720 0.0998 0.0458 -0.2288
1770386328.9841 0.1608 0.1678 -0.0457
1770386328.9960 -0.1443 0.0153 -0.5035
1770386329.0080 0.1303 0.2899 -0.0762
1770386329.0200 0.0082 0.0153 -0.1678
1770386329.0319 0.0082 -0.0458 -0.1067
1770386329.0440 -0.1138 0.0153 -0.1067
1770386329.0561 -0.1443 0.2289 0.0153
1770386329.0679 0.0388 0.1984 -0.0152
1770386329.0800 0.0693 -0.0458 -0.0762
1770386329.0919 0.0082 -0.1373 0.0458
1770386329.1041 -0.0223 0.1678 -0.3509
1770386329.1160 0.0388 0.0763 -0.0762
1770386329.1281 -0.0833 -0.0763 -0.1067
1770386329.1405 0.0998 0.1678 -0.1373
1770386329.1517 -0.0223 0.1068 0.0153
1770386329.1640 0.0998 -0.0763 0.1984
1770386329.1764 -0.0223 0.1373 0.0153
1770386329.1884 -0.0223 0.1678 0.0458
1770386329.1998 -0.2359 0.1373 -0.1067
1770386329.2122 0.0388 0.0458 -0.0762
1770386329.2236 0.2524 0.2594 -0.1067
1770386329.2358 0.0388 0.0458 -0.1373
1770386329.2479 -0.1138 -0.5035 -0.0457
1770386329.2599 -0.3580 -0.9918 -2.6397
1770386329.2719 3.7314 -5.7831 3.2502
1770386329.2839 -6.1563 11.5509 8.8959
1770386329.2958 5.9286 -7.6447 6.7292
1770386329.3078 -4.1116 5.2032 15.2741
1770386329.3199 3.5483 -1.7548 15.0910
1770386329.3317 0.1303 4.9896 17.3798
1770386329.3445 1.2595 6.2408 15.1520
1770386329.3556 2.8159 3.0060 12.5580
1770386329.3678 -3.0130 -1.0834 14.5112
1770386329.3799 4.5554 5.6610 8.7128
1770386329.3920 -0.3885 4.2572 8.2856
1770386329.4042 3.6398 0.1068 5.1118
1770386329.4161 -2.0364 2.2736 1.3276
1770386329.4280 -0.9073 1.9989 -1.2054
1770386329.4400 -0.9073 2.6703 -3.1890
1770386329.4519 -3.6844 -1.2360 -6.6680
1770386329.4640 -1.5787 1.4496 -8.5906
1770386329.4759 -3.7149 0.4730 -10.4217
1770386329.4879 -0.0833 -0.9003 -13.9007
1770386329.4999 -1.2735 -0.0153 -16.1895
1770386329.5119 0.3134 3.0975 -18.0206
1770386329.5239 0.0998 -1.5411 -20.5230
1770386329.5363 -3.5623 -5.9662 -19.9127
1770386329.5482 -2.8604 1.5411 -20.6756
1770386329.5603 -0.0833 -3.5248 -19.6075
1770386329.5722 -1.0294 1.0223 -18.9971
1770386329.5842 -3.0740 1.9073 -17.7764
1770386329.5961 -0.9378 0.2594 -16.2505
1770386329.6082 -0.4495 2.1210 -15.6402
1770386329.6201 0.4050 2.4872 -14.5721
1770386329.6321 -0.4190 -0.3510 -11.7950
1770386329.6441 1.6867 -3.0365 -9.5977
1770386329.6561 -0.2359 1.7242 -7.7972
1770386329.6680 0.0693 -0.8087 -6.5460
1770386329.6800 1.5952 -2.5787 -4.2877
1770386329.6919 1.0458 1.6327 -3.9214
1770386329.7039 2.9990 0.2594 -2.9449
1770386329.7159 -0.6021 -0.4120 -1.1749
1770386329.7278 1.8393 0.7172 -0.2593
1770386329.7400 -1.2125 1.4191 0.8698
1770386329.7524 0.4355 0.9003 2.3652
1770386329.7645 -1.1209 -0.6561 2.1516
1770386329.7764 0.4660 -4.8065 4.1657
1770386329.7884 0.0998 0.7782 4.3183
1770386329.7994 0.1913 -0.3510 1.9074
1770386329.8124 0.3134 -3.7689 5.7526
1770386329.8244 0.7712 -0.8392 4.2878
1770386329.8363 2.6938 -0.5035 4.4099
1770386329.8483 -1.1209 0.6256 5.9662
1770386329.8603 1.2900 0.2594 6.1494
1770386329.8723 -2.0059 -0.1984 5.8442
1770386329.8842 3.7314 3.0365 4.1047
1770386329.8963 -1.7923 0.3510 4.8371
1770386329.9081 0.9238 0.8392 4.8066
1770386329.9201 0.0998 0.1068 5.6611
1770386329.9320 -1.4261 -1.6632 6.0883
1770386329.9441 0.7101 0.6256 4.5014
1770386329.9562 1.5341 -0.1068 4.8981
1770386329.9682 -1.1209 -1.4191 4.1352
1770386329.9802 1.9003 1.8768 1.6633
1770386329.9922 0.6491 -1.1444 4.1352
1770386330.0042 -0.3275 -1.6632 2.9145
1770386330.0162 1.7783 -0.6561 3.0060
1770386330.0282 3.2126 -1.9073 3.6164
1770386330.0402 1.7783 -2.8839 2.8535
1770386330.0522 2.1445 0.5341 2.3957
1770386330.0643 1.8698 0.3510 2.9450
1770386330.0762 -2.4942 -3.6163 3.6774
1770386330.0883 -1.3345 2.5177 3.6469
1770386330.1004 -2.9520 1.6632 5.3254
1770386330.1124 -1.7923 -1.3886 4.9286
1770386330.1243 -2.2195 5.0201 2.9755
1770386330.1365 -1.9449 0.7172 2.8535
1770386330.1475 -1.8228 -3.6163 3.2197
1770386330.1596 -0.7852 0.8392 1.8464
1770386330.1715 0.4355 1.9073 2.8535
1770386330.1835 -0.6326 -1.7853 4.1657
1770386330.1955 1.6562 0.1984 1.7243
1770386330.2075 0.6186 0.8392 1.2665
1770386330.2194 1.0458 -1.0834 0.7783
1770386330.2314 0.8322 2.9755 -0.5950
1770386330.2434 0.0388 0.8087 0.0458
1770386330.2554 -0.6937 -0.0153 1.6633
1770386330.2684 -0.2969 2.4567 2.7619
1770386330.2804 -1.0294 -2.7618 3.0976
1770386330.2924 -1.8228 -1.8768 4.8981
1770386330.3044 -0.4190 0.7477 3.5248
1770386330.3164 0.5576 0.9308 4.0131
1770386330.3284 -1.2430 -0.4120 4.1047
1770386330.3394 1.6562 -0.2594 0.6257
1770386330.3516 -0.7852 1.0834 2.1516
1770386330.3636 -0.3275 0.6256 2.4872
1770386330.3756 0.9543 0.9613 3.0060
1770386330.3875 1.2900 0.8392 3.9826
1770386330.3996 2.9074 1.2970 3.0976
1770386330.4116 3.6703 1.9379 0.0153
1770386330.4236 0.0693 -1.2360 0.2289
1770386330.4356 1.5341 -2.1210 -0.0762
1770386330.4475 1.2900 1.6327 -0.5340
1770386330.4595 -1.1819 -1.8158 1.6022
1770386330.4715 0.8932 0.0763 1.6938
1770386330.4834 0.9543 1.9684 1.2971
1770386330.4955 -0.6631 -2.0599 1.4802
1770386330.5074 1.8393 -2.0294 2.0295
1770386330.5193 0.4965 1.1139 0.6257
1770386330.5313 -1.0599 -0.1373 2.8229
1770386330.5435 -0.7242 -0.8087 3.4943
1770386330.5556 1.0458 2.4567 1.1750
1770386330.5676 -0.0833 0.5035 2.4262
1770386330.5794 2.6022 -1.6632 2.2431
1770386330.5915 1.1984 1.0223 0.7783
1770386330.6035 -0.9378 -0.1984 2.1516
1770386330.6155 1.4426 1.1444 1.7853
1770386330.6275 0.0082 1.3580 0.3815
1770386330.6395 -1.1209 -1.2665 1.9379
1770386330.6515 -0.4495 -0.5646 0.9614
1770386330.6636 -1.6702 1.7242 1.0834
1770386330.6755 -2.1280 -0.0153 2.4872
1770386330.6875 1.2595 -0.5341 0.9308
1770386330.6994 -0.4190 0.4730 0.7172
1770386330.7114 -0.0528 1.5717 0.8393
1770386330.7234 1.1069 -1.9684 0.1069
1770386330.7355 0.7101 -0.2594 -0.6255
1770386330.7474 2.4802 1.7548 1.3581
1770386330.7595 1.9003 -1.2970 1.3886
1770386330.7715 -0.9988 -2.8229 0.9308
1770386330.7835 0.6491 -2.6703 1.9990
1770386330.7955 -1.1209 -1.6937 2.2736
1770386330.8075 -1.6092 1.3580 1.2360
1770386330.8195 -1.7313 0.7172 2.1516
1770386330.8315 -2.6163 -1.1749 0.8088
1770386330.8435 -0.3275 0.2594 -0.4730
1770386330.8557 -0.4800 0.9918 1.1750
1770386330.8678 0.1303 -0.4120 0.9614
1770386330.8798 0.0998 -0.0763 -0.0152
1770386330.8921 0.3439 2.7618 -0.1983
1770386330.9033 -0.9988 -1.0529 1.2360
1770386330.9155 -1.8838 0.7477 0.0153
1770386330.9275 -2.6773 0.7172 1.7853
1770386330.9394 -1.7313 -3.0670 0.0764
1770386330.9517 -1.3651 0.9308 0.9614
1770386330.9637 -0.9378 -3.5248 -1.0223
1770386330.9757 0.9238 4.1351 0.0458
1770386330.9876 0.7407 0.5646 -0.8697
1770386330.9996 0.6186 -1.5717 1.3886
1770386331.0116 0.4660 -0.9613 1.6328
1770386331.0237 -1.6397 0.4730 -0.0762
1770386331.0357 -0.9683 -1.8158 0.4731
1770386331.0477 0.4660 -0.8392 0.2900
1770386331.0597 1.9308 1.5106 0.1374
1770386331.0717 -0.2054 -0.5341 0.5646
1770386331.0837 4.0671 0.6561 0.4426
1770386331.0957 -0.3275 1.0529 -0.1983
1770386331.1077 0.8627 0.3204 0.5341
1770386331.1197 1.1069 -0.1678 0.7172
1770386331.1317 -0.1443 1.3580 -0.5950
1770386331.1439 -2.0059 -1.9379 -0.2899
1770386331.1559 -1.3040 -2.5177 1.3276
1770386331.1680 0.6491 2.0905 -1.0833
1770386331.1799 -1.0904 -1.3580 0.5646
1770386331.1920 0.8932 -2.6398 0.3510
1770386331.2040 -1.3651 1.6632 -2.2125
1770386331.2160 -0.0528 -0.2594 0.1069
1770386331.2280 1.1374 -1.0834 0.5646
1770386331.2400 2.0224 2.5177 -0.3204
1770386331.2520 0.4965 1.6632 2.0905
1770386331.2641 0.9543 -2.5787 2.6093
1770386331.2759 -1.0599 -2.3346 0.7172
1770386331.2881 -1.3345 0.1373 1.9074
1770386331.3000 0.1608 -0.5646 1.3886
1770386331.3120 -1.0599 0.3815 0.7783
1770386331.3240 0.7712 1.9989 1.1750
1770386331.3360 -0.1443 -2.9449 0.1679
1770386331.3482 -0.4800 1.4496 -0.4730
1770386331.3602 -1.8228 3.7384 0.8393
1770386331.3722 -1.7618 -3.4637 -0.6255
1770386331.3842 -0.6631 2.8534 1.1750
1770386331.3962 0.6796 6.0883 5.9968
1770386331.4083 2.9990 0.1678 9.1706
1770386331.4202 1.3205 -1.2360 8.8349
1770386331.4322 0.2829 6.8817 17.3188
1770386331.4442 -1.0294 -5.1117 27.7863
1770386331.4563 1.6562 -8.6212 23.8190
1770386331.4672 3.7314 9.5978 26.9013
1770386331.4792 -1.8838 3.4027 37.7656
1770386331.4912 2.0224 -10.4828 44.1437
1770386331.5033 -2.0975 -7.0953 45.6391
1770386331.5153 1.6867 8.1329 36.7280
1770386331.5272 0.8017 -8.3466 35.8430
1770386331.5393 2.2055 1.5106 32.5165
1770386331.5517 0.8017 1.3580 31.2653
1770386331.5639 1.8393 -6.6986 34.3781
1770386331.5760 0.6796 4.2267 34.9885
1770386331.5882 0.3439 -1.4801 35.3852
1770386331.5993 3.6703 -6.0577 35.7209
1770386331.6115 0.2829 5.5389 37.0942
1770386331.6237 3.2431 -2.0905 37.9487
1770386331.6358 0.6186 -3.0670 40.4206
1770386331.6480 1.2900 2.7008 43.0146
1770386331.6602 0.3745 -3.8910 45.7001
1770386331.6714 0.4355 -1.3580 47.4091
1770386331.6837 1.1374 0.8698 48.2636
1770386331.6959 2.8464 -4.9286 47.7753
1770386331.7081 1.7783 0.7782 46.0969
1770386331.7195 3.2126 2.0599 45.3950
1770386331.7317 3.1210 -1.9073 43.5334
1770386331.7441 1.6562 1.4801 45.0287
1770386331.7556 2.7243 0.6866 45.8222
1770386331.7679 1.8088 -1.2360 45.0593
1770386331.7801 3.4567 1.4496 43.8996
1770386331.7912 1.0153 -1.1444 42.8010
1770386331.8035 4.7995 1.4191 41.0309
1770386331.8157 0.5881 0.3510 41.5192
1770386331.8278 3.2126 -1.3275 37.7350
1770386331.8400 0.7101 2.8839 37.8571
1770386331.8512 2.1445 0.0458 41.0615
1770386331.8635 0.1608 -0.0153 41.0004
1770386331.8757 0.6491 -1.2054 42.8010
1770386331.8879 2.4191 0.3815 41.9160
1770386331.9000 0.2829 -1.6022 41.7328
1770386331.9113 3.9755 0.9613 41.3972
1770386331.9235 0.4660 -1.9073 41.4887
1770386331.9357 3.7314 -1.2360 38.4675
1770386331.9473 1.5341 2.3651 41.2751
1770386331.9599 3.3041 -3.5553 43.1061
1770386331.9714 2.2665 1.5717 41.9465
1770386331.9841 3.4567 -0.0763 42.8925
1770386331.9954 2.0224 -0.0458 40.5732
1770386332.0080 3.5483 1.3580 39.9018
1770386332.0194 2.5717 -0.2594 39.5966
1770386332.0316 2.6938 1.0529 38.5590
1770386332.0441 2.3886 1.5106 39.8102
1770386332.0556 2.4802 -0.5341 40.4206
1770386332.0678 1.8698 0.7782 40.8478
1770386332.0791 2.6328 0.6256 42.0685
1770386332.0913 1.4731 0.1373 40.1154
1770386332.1037 3.0905 0.1068 39.1389
1770386332.1160 0.0998 -0.3815 38.7421
1770386332.1282 2.0224 2.5787 36.6974
1770386332.1398 -0.1138 0.5951 38.3149
1770386332.1512 1.3205 0.6866 39.1389
1770386332.1635 -0.0223 -0.6561 41.0920
1770386332.1758 2.6022 1.9379 42.1601
1770386332.1880 -0.1749 0.3510 42.1296
1770386332.1992 3.7009 -0.2899 40.1459
1770386332.2114 -1.1209 1.6632 38.1623
1770386332.2237 2.8159 -0.1984 38.0707
1770386332.2359 -0.9988 1.8158 35.7209
1770386332.2481 2.3581 -0.7172 38.4064
1770386332.2592 -0.1443 0.0153 39.9323
1770386332.2715 2.2665 -0.3510 42.6484
1770386332.2838 0.6491 0.5341 44.7236
1770386332.2960 3.2736 -0.0763 44.5099
1770386332.3072 1.3205 -1.1444 43.9301
1770386332.3194 2.9990 1.4496 41.7328
1770386332.3315 2.4802 -1.7242 38.9252
1770386332.3441 2.0834 2.4567 37.6435
1770386332.3555 1.8698 1.5411 39.8713
1770386332.3678 1.7477 -1.6632 40.9089
1770386332.3800 2.1445 2.9144 41.2446
1770386332.3911 1.1069 -0.2289 41.7328
1770386332.4036 3.2126 -0.1984 41.7328
1770386332.4157 1.2595 1.0223 41.5497
1770386332.4279 3.7619 0.5341 40.9394
1770386332.4391 1.2289 -0.5951 37.0026
1770386332.4513 4.2807 2.2736 38.4064
1770386332.4636 0.4660 0.6256 39.9323
1770386332.4757 3.6093 0.8087 41.2751
1770386332.4880 0.0693 1.6632 44.3268
1770386332.4990 3.2431 0.9308 42.2516
1770386332.5114 0.6796 0.4120 40.4816
1770386332.5236 3.8840 1.3580 38.9252
1770386332.5351 0.0082 0.2899 37.8876
1770386332.5478 2.9074 0.6561 37.6740
1770386332.5592 0.5881 2.5177 38.3149
1770386332.5712 3.3347 -2.1515 40.1765
1770386332.5837 0.3439 2.5482 42.2822
1770386332.5959 3.6093 -1.1139 43.7470
1770386332.6073 0.5576 -1.6632 42.5873
1770386332.6199 3.5483 -0.4730 41.2141
1770386332.6314 0.5881 -3.2806 38.1318
1770386332.6440 2.9379 1.8768 39.1999
1770386332.6554 -1.2735 -4.0436 42.4042
1770386332.6670 2.2971 0.7172 43.1977
1770386332.6794 -1.5176 -0.2899 44.8151
1770386332.6917 3.0600 -1.1444 44.1743
1770386332.7034 -0.4495 -0.7477 43.3198
1770386332.7157 2.9379 -1.3275 42.3737
1770386332.7279 1.0458 1.2970 41.2751
1770386332.7393 2.7548 -2.0599 38.3454
1770386332.7519 0.5576 0.7172 39.5966
1770386332.7634 1.5952 0.1068 41.2751
1770386332.7758 1.6867 -0.5646 42.5263
1770386332.7871 1.1374 2.4567 42.7704
1770386332.7998 3.8840 -1.3886 43.6860
1770386332.8121 1.3815 -1.0223 43.5334
1770386332.8233 4.2807 2.1515 42.8010
1770386332.8355 0.6186 -0.3815 41.6718
1770386332.8477 2.5107 0.3204 38.5895
1770386332.8600 -0.6937 1.5106 39.1999
1770386332.8713 3.0905 -0.3204 40.4206
1770386332.8835 -0.3275 0.3815 41.3972
1770386332.8957 3.2431 1.7853 42.6789
1770386332.9079 -0.1443 0.1678 42.2211
1770386332.9192 4.4028 -1.6937 42.8620
1770386332.9313 -0.1138 0.9613 41.9770
1770386332.9440 2.4191 -1.7242 40.0544
1770386332.9553 1.0458 2.0599 41.3056
1770386332.9680 2.0834 0.2594 42.8620
1770386332.9794 2.0834 -1.3275 42.9536
1770386332.9917 1.5036 1.2665 43.8996
1770386333.0034 2.4802 0.1068 43.4724
1770386333.0157 1.8698 -0.5646 42.8010
1770386333.0278 3.4262 1.9989 41.6108
1770386333.0392 0.9543 -2.8534 41.5803
1770386333.0514 2.9990 1.5717 40.6342
1770386333.0639 0.0693 -0.6256 41.8854
1770386333.0759 2.6633 -0.2899 42.3127
1770386333.0870 0.1303 1.1139 41.6718
1770386333.0993 3.1821 -0.2594 42.0991
1770386333.1115 1.1984 0.1373 41.6413
1770386333.1237 3.7009 0.4120 41.3361
1770386333.1350 0.5881 -0.5035 41.2141
1770386333.1474 5.2878 0.4120 36.9416
1770386333.1598 0.5881 1.5106 40.4511
1770386333.1710 3.6093 -0.0458 41.5803
1770386333.1833 0.4355 -0.0153 42.8315
1770386333.1955 4.2502 2.7008 43.8691
1770386333.2077 1.1679 -0.0763 42.7704
1770386333.2199 3.2431 -0.4730 42.6484
1770386333.2311 0.4660 1.1749 40.2985
1770386333.2434 3.1821 -0.8392 39.5966
1770386333.2556 0.5270 -0.3204 36.6974
1770386333.2678 2.3886 1.3275 38.0097
1770386333.2790 -0.3275 -0.7477 40.5121
1770386333.2911 2.4496 -0.4120 42.4653
1770386333.3036 0.4355 0.3510 44.5405
1770386333.3157 3.7314 0.1068 43.7470
1770386333.3279 0.9543 -2.1820 43.1061
1770386333.3391 3.3957 1.6632 41.7023
1770386333.3515 0.9543 -0.1678 40.8784
1770386333.3640 2.9379 -0.2594 36.8806
1770386333.3752 -0.1443 2.9144 38.1623
1770386333.3874 1.8088 -2.6703 40.6647
1770386333.3999 0.7101 0.4730 42.5263
1770386333.4110 1.5952 -0.2289 44.0217
1770386333.4234 1.9919 -0.3510 43.0451
1770386333.4357 1.4731 1.9684 41.6718
1770386333.4469 1.5646 -2.2430 41.9770
1770386333.4594 0.4660 -0.8087 40.2070
1770386333.4717 0.8322 -0.0458 41.4887
1770386333.4831 0.0998 0.0458 41.8854
1770386333.4955 2.0224 -1.2970 41.7023
1770386333.5077 0.4660 0.9613 42.1601
1770386333.5191 2.1445 0.2289 44.4184
1770386333.5315 0.4660 -1.9684 43.1367
1770386333.5429 3.2431 2.4261 40.9089
1770386333.5565 1.6257 -0.6256 39.2609
1770386333.5677 2.9074 2.1515 37.6740
1770386333.5798 0.0388 2.4567 39.5356
1770386333.5921 3.0905 -2.2125 40.8478
1770386333.6044 0.0082 0.6256 42.0685
1770386333.6166 3.1516 1.8158 45.2424
1770386333.6276 0.0082 -1.7242 43.2892
1770386333.6399 3.7009 1.6937 41.6413
1770386333.6520 1.4120 -1.8463 40.2070
1770386333.6644 3.7314 3.4637 34.8359
1770386333.6765 0.0388 0.5035 39.4440
1770386333.6876 2.6938 -1.3275 42.4958
1770386333.6998 -0.7852 0.0763 44.5405
1770386333.7120 3.4872 -1.0223 47.3481
1770386333.7243 -0.3275 -0.5341 45.7612
1770386333.7366 3.7619 -2.0905 42.4042
1770386333.7479 -0.6631 -1.3886 41.3972
1770386333.7604 2.6633 0.1373 39.5966
1770386333.7725 -1.3956 0.2594 36.0261
1770386333.7837 1.9003 0.1678 37.5825
1770386333.7959 -1.9449 -1.1444 39.9323
1770386333.8081 1.2900 0.2594 41.8549
1770386333.8204 0.8627 -0.5646 44.1437
1770386333.8316 3.0905 -1.0223 44.2658
1770386333.8438 2.1445 0.3204 42.3432
1770386333.8561 1.2289 -0.7477 42.2211
1770386333.8682 0.4050 -1.1444 38.5285
1770386333.8804 0.7407 0.1678 37.1857
1770386333.8916 0.3134 0.9918 39.0473
1770386333.9040 1.4120 -2.2430 40.3901
1770386333.9161 0.4965 0.8087 42.5873
1770386333.9284 2.2055 -0.1984 44.1437
1770386333.9406 2.8769 -1.8463 43.0146
1770386333.9519 1.8088 0.7477 42.4958
1770386333.9643 3.0905 -3.5858 40.9394
1770386333.9765 3.5178 1.2970 38.1623
1770386333.9877 2.5412 1.6937 41.8854
1770386333.9999 1.3510 -2.5482 43.9606
1770386334.0121 3.4872 2.1820 42.6789
1770386334.0244 2.4191 -0.1068 43.2587
1770386334.0366 3.9755 1.8768 40.6647
1770386334.0477 1.6867 0.4730 39.6271
1770386334.0601 3.6093 -0.6561 39.2914
1770386334.0722 1.1679 0.5035 35.3242
1770386334.0844 2.4802 0.7477 38.2844
1770386334.0956 0.7407 1.0223 39.9628
1770386334.1078 1.4120 -2.3041 43.1061
1770386334.1201 1.9919 2.9144 43.8386
1770386334.1322 2.7243 0.1678 43.3808
1770386334.1447 3.4872 0.2289 41.3056
1770386334.1559 1.1374 -2.5177 42.2822
1770386334.1681 4.4638 0.2899 35.0190
1770386334.1802 0.8627 2.3041 38.7726
1770386334.1925 3.2431 0.7172 42.0685
1770386334.2048 -0.7242 -1.2054 44.3268
1770386334.2159 3.7619 0.6866 45.1203
1770386334.2280 0.4355 1.5106 44.9067
1770386334.2403 3.1821 -1.1139 43.5334
1770386334.2525 2.1750 0.4120 41.3056
1770386334.2648 2.4496 -0.1984 41.1225
1770386334.2758 2.6633 -2.2430 38.1928
1770386334.2881 1.8393 2.8229 38.4064
1770386334.3003 1.9919 -1.5106 42.0685
1770386334.3125 1.8393 0.1678 43.0756
1770386334.3247 1.5952 -0.0763 44.0827
1770386334.3362 2.2055 -2.8534 45.2729
1770386334.3486 3.2431 2.0905 43.3198
1770386334.3601 2.9684 0.1068 42.1601
1770386334.3722 3.4872 -1.6632 40.1154
1770386334.3846 3.1821 1.2970 35.3547
1770386334.3957 3.2736 4.3793 36.4838
1770386334.4078 2.6022 -1.3886 38.9252
1770386334.4201 1.3815 1.5411 39.5661
1770386334.4323 1.9003 -0.9308 44.0217
1770386334.4445 2.9074 -0.4730 43.9911
1770386334.4558 2.5717 2.4872 42.4653
1770386334.4679 3.3347 -1.8158 41.0004
1770386334.4801 2.1750 10.5438 29.4648
1770386334.4923 8.4921 0.1068 16.8915
1770386334.5046 -2.8299 -8.8654 19.3635
1770386334.5159 -2.5247 14.2365 13.3515
1770386334.5280 0.6491 3.4332 1.0529
1770386334.5402 -0.1749 -12.7411 -10.9710
1770386334.5527 1.2289 -1.2970 -14.4805
1770386334.5639 -2.8909 2.7618 -7.4005
1770386334.5761 -2.2501 -4.0131 -3.8299
1770386334.5883 -1.6092 2.9449 -4.7759
1770386334.6006 0.7712 -1.1139 -6.2408
1770386334.6117 1.4426 0.0458 -7.8887
1770386334.6240 0.7101 1.7548 -7.5225
1770386334.6362 -0.1138 -3.3722 -5.7525
1770386334.6485 -1.7007 -0.1678 0.7783
1770386334.6606 -2.1280 1.2665 5.8137
1770386334.6717 -0.3275 1.1444 4.6540
1770386334.6840 0.9238 0.0763 0.0153
1770386334.6963 2.4802 -0.4730 -2.7923
1770386334.7084 1.7477 0.8392 -1.7852
1770386334.7197 -0.0833 0.6866 2.1210
1770386334.7318 -1.7618 1.3886 5.8137
1770386334.7443 -1.7313 -2.2125 7.0954
1770386334.7558 -0.8463 0.9918 5.4169
1770386334.7680 1.0764 0.1678 2.4567
1770386334.7803 1.7477 -0.4730 0.4731
1770386334.7925 1.1984 0.5341 0.7477
1770386334.8047 0.1913 -0.7782 2.3652
1770386334.8160 -1.1209 1.0529 3.8911
1770386334.8280 -1.3956 -0.4425 3.7995
1770386334.8403 -0.6937 0.5646 0.2900
1770386334.8525 0.8322 -0.3815 -2.2430
1770386334.8638 0.9848 0.1373 -2.2735
1770386334.8759 1.2595 -0.1068 -0.7781
1770386334.8882 0.0082 -0.1068 1.4802
1770386334.9004 -0.9073 0.5646 2.2126
1770386334.9127 -0.9683 -0.2289 1.3276
1770386334.9237 -0.2359 0.1373 -1.0528
1770386334.9360 0.4965 -0.0763 -3.0059
1770386334.9485 1.0153 0.1373 -3.7078
1770386334.9597 0.3439 0.1984 -2.4566
1770386334.9718 -0.1138 -0.2594 0.0458
1770386334.9841 -0.8157 0.2899 1.3581
1770386334.9964 -0.4800 0.0153 1.5412
1770386335.0086 0.0693 -0.0153 0.0153
1770386335.0198 0.5881 0.0763 -1.6631
1770386335.0320 0.8017 -0.0153 -2.3040
1770386335.0443 0.4355 0.2289 -1.4800
1770386335.0556 -0.2969 0.0153 0.0458
1770386335.0677 -0.6937 0.2289 1.5412
1770386335.0799 -0.5106 0.2899 1.2971
1770386335.0920 0.2829 -0.1373 0.4426
1770386335.1043 0.3134 0.1373 -0.8697
1770386335.1166 0.4355 0.1068 -0.9307
1770386335.1277 0.5576 0.0458 0.1679
1770386335.1398 -0.2054 -0.1068 1.0529
1770386335.1524 -0.4495 -0.3815 1.8159
1770386335.1646 -0.3275 0.2594 1.3886
1770386335.1759 0.0388 0.1678 0.1679
1770386335.1880 0.4050 -0.0458 -0.5035
1770386335.2002 0.4355 0.1068 -0.4730
1770386335.2124 0.0693 -0.1068 0.3205
1770386335.2247 0.0082 -0.1984 1.5412
1770386335.2358 -0.2969 -0.1068 1.2971
1770386335.2481 -0.4495 -0.0153 0.6257
1770386335.2602 0.1913 0.0763 -0.4424
1770386335.2724 0.2829 0.1373 -1.4190
1770386335.2846 0.5270 0.2289 -0.9307
1770386335.2958 0.0998 0.1068 0.0764
1770386335.3080 -0.2359 0.0458 0.8393
1770386335.3203 -0.2969 -0.0153 0.6257
1770386335.3324 -0.2054 0.0763 0.1069
1770386335.3439 0.2524 0.0458 -0.8087
1770386335.3563 0.1913 0.1984 -0.9002
1770386335.3686 0.2829 -0.1068 -0.6866
1770386335.3797 -0.0528 0.1678 -0.1373
1770386335.3920 -0.1749 -0.0153 0.3205
1770386335.4042 -0.2969 -0.0153 0.1069
1770386335.4166 -0.2969 0.1678 -0.4119
1770386335.4286 0.3134 -0.1068 -0.7171
1770386335.4399 0.2524 0.0763 -0.8697
1770386335.4521 0.1303 0.1678 -0.4730
1770386335.4643 -0.3275 0.1068 0.0764
1770386335.4766 -0.1443 0.0153 0.5646
1770386335.4877 -0.3275 -0.1068 0.1984
1770386335.4999 0.0388 0.0763 -0.2288
1770386335.5122 0.1303 0.0153 -0.7781
1770386335.5244 0.2524 -0.0458 -0.2899
1770386335.5356 -0.0833 0.1373 -0.3509
1770386335.5481 0.0082 -0.1068 0.6257
1770386335.5597 0.0388 -0.0763 0.5036
1770386335.5720 -0.0223 0.1373 0.3510
1770386335.5842 0.0388 0.1068 -0.0457
1770386335.5965 -0.0833 0.2594 -0.2593
1770386335.6079 0.0693 0.2289 0.0153
1770386335.6201 0.0998 -0.0763 0.0153
1770386335.6324 0.1303 0.1984 0.4426
1770386335.6438 0.0388 0.2899 0.1069
1770386335.6562 -0.1443 0.0763 -0.1373
1770386335.6685 0.0082 0.1678 -0.8087
1770386335.6804 0.0693 0.0458 -0.1678
1770386335.6916 0.1913 -0.1068 -0.0457
1770386335.7040 -0.1443 -0.0458 0.1069
1770386335.7162 0.0082 0.1984 0.3510
1770386335.7283 0.0388 0.1984 -0.0762
1770386335.7401 -0.1138 0.0763 -0.1067
1770386335.7523 0.0693 0.1373 -0.4119
1770386335.7645 0.0082 0.1373 -0.2899
1770386335.7757 0.0998 0.0763 -0.0152
1770386335.7878 -0.1138 0.0458 0.1069
1770386335.8000 0.1608 0.2899 -0.1983
1770386335.8122 0.0082 0.1068 -0.3509
1770386335.8244 0.0388 -0.0153 -0.2593
1770386335.8355 0.1303 -0.0153 -0.0762
1770386335.8477 -0.0833 0.2899 0.0458
1770386335.8598 -0.0223 -0.1068 0.0764
1770386335.8721 -0.0223 -0.0458 0.1374
1770386335.8842 0.1303 0.0458 0.1069
1770386335.8965 0.2829 0.0153 0.1069
1770386335.9076 -0.1443 0.0458 -0.2899
1770386335.9198 -0.0528 0.0458 0.0153
1770386335.9319 0.0082 0.0458 0.2289
1770386335.9443 -0.0223 -0.0458 -0.0152
1770386335.9558 0.1303 0.0763 0.0153
1770386335.9685 0.0998 -0.0763 -0.1983
1770386335.9797 0.0998 -0.0458 -0.0152
1770386335.9922 -0.0528 -0.1984 0.1679
1770386336.0047 -0.0833 -0.0763 -0.1373
1770386336.0164 0.0693 -0.0153 -0.1373
1770386336.0276 -0.0223 0.1678 0.0764
1770386336.0402 0.2829 0.2289 -0.1678
1770386336.0526 -0.1749 -0.1678 0.1374
1770386336.0640 -0.0528 0.1068 -0.0457
1770386336.0764 -0.2054 0.1984 0.1984
1770386336.0879 -0.2969 -0.1068 0.0153
1770386336.1002 -0.2054 0.1984 -0.1678
1770386336.1126 -0.1443 -0.1373 -0.1373
1770386336.1238 -0.0223 0.0458 0.0764
1770386336.1365 0.0388 0.0153 0.0458
1770386336.1479 0.0693 -0.0763 -0.0762
1770386336.1602 -0.0223 0.2289 -0.0457
1770386336.1724 0.1303 0.0763 -0.0457
1770386336.1846 0.0998 0.0763 0.1679
1770386336.1956 -0.1138 0.0763 -0.0457
1770386336.2080 0.0693 0.0153 -0.2288
1770386336.2201 -0.1138 -0.0153 -0.0152
1770386336.2324 0.0388 0.2594 -0.1067
1770386336.2446 -0.2054 0.2289 -0.0457
1770386336.2557 -0.0833 0.1984 0.0764
1770386336.2679 -0.4800 -0.0458 -0.2593
1770386336.2800 -0.1138 0.2289 -0.0762
1770386336.2922 0.0998 0.1373 -0.4119
1770386336.3046 0.1303 0.1373 -0.0152
1770386336.3157 0.0693 0.1068 -0.0762
1770386336.3279 -0.2969 -0.0153 -0.0762
1770386336.3398 -0.1443 0.2289 -0.0457
1770386336.3523 -0.0528 -0.0458 -0.1373
1770386336.3637 0.0082 0.1068 0.0153
1770386336.3759 0.0082 0.1373 -0.0457
1770386336.3881 0.0388 0.1678 -0.1067
1770386336.4004 -0.1138 -0.0153 0.0764
1770386336.4115 -0.1138 -0.1068 0.0153
1770386336.4237 0.0388 0.2289 0.0764
1770386336.4359 -0.0528 0.1984 0.0764
1770386336.4481 -0.1443 -0.1678 -0.1983
1770386336.4603 0.1608 0.1373 -0.0762
1770386336.4725 0.3134 -0.1068 0.0764
1770386336.4836 -0.1138 0.1373 -0.0457
1770386336.4959 0.0388 -0.0458 -0.1983
1770386336.5081 0.1608 0.1068 -0.0457
1770386336.5203 0.0082 0.2289 -0.1067
1770386336.5319 -0.1138 -0.0458 -0.0762
1770386336.5436 -0.1443 0.2289 0.0153
1770386336.5561 0.0998 0.0458 0.2595
1770386336.5685 -0.0528 -0.2289 0.0764
1770386336.5805 0.0388 0.0458 0.1679
1770386336.5917 -0.0833 -0.3510 -0.1067
1770386336.6040 0.0388 0.1984 -0.0457
1770386336.6163 -0.1443 0.1373 -0.0152
1770386336.6285 -0.0223 0.0763 0.1374
1770386336.6396 0.1303 -0.0458 -0.1067
1770386336.6518 0.0388 0.1373 -0.0457
1770386336.6642 -0.0528 0.1068 -0.0457
1770386336.6762 0.1608 0.0153 -0.0152
1770386336.6885 -0.1749 0.0763 -0.1373
1770386336.6997 0.0693 0.0153 -0.1067
1770386336.7120 -0.2054 0.1984 -0.1983
1770386336.7241 -0.0833 -0.0153 -0.0152
1770386336.7357 0.0693 -0.1068 0.0153
1770386336.7481 -0.0528 -0.0153 -0.1678
1770386336.7605 0.1913 0.0763 -0.3509
1770386336.7716 0.1913 0.0458 0.0458
1770386336.7839 -0.0833 0.0153 -0.2288
1770386336.7961 0.1608 0.2289 -0.2593
1770386336.8083 0.1303 0.2289 -0.4424
1770386336.8205 -0.2054 0.2594 -0.1983
1770386336.8317 0.0388 -0.1373 0.1069
1770386336.8439 -0.2359 0.1678 -0.0152
1770386336.8561 0.0082 0.2899 -0.1373
1770386336.8683 -0.1749 0.4120 0.1374
1770386336.8804 -0.0528 0.0153 -0.2288
1770386336.8917 -0.3275 -0.1068 -0.1373
1770386336.9040 0.0693 0.0153 -0.3509
1770386336.9161 -0.2054 0.1373 -0.0457
1770386336.9284 -0.0833 0.1984 -0.2593
1770386336.9399 0.0082 0.1678 -0.1678
1770386336.9524 0.0082 0.0458 0.2595
1770386336.9636 -0.0833 0.2594 -0.1983
1770386336.9757 -0.0528 0.3204 0.1069
1770386336.9879 -0.2664 -0.1984 -0.1983
1770386337.0002 -0.1138 0.0763 -0.1983
1770386337.0123 -0.0223 0.2594 -0.1373
1770386337.0236 -0.1749 0.3204 0.1374
1770386337.0357 -0.1749 -0.2289 -0.1983
1770386337.0481 0.0082 -0.0458 -0.1067
1770386337.0603 -0.0223 0.1373 -0.1373
1770386337.0724 -0.1443 0.0763 -0.1983
1770386337.0846 -0.0833 0.2289 0.0458
1770386337.0958 -0.1138 0.0458 -0.1678
1770386337.1080 0.0082 0.0458 -0.2288
1770386337.1203 0.1608 -0.2899 -0.0152
1770386337.1316 -0.1443 -0.2289 0.0153
1770386337.1443 -0.5106 0.1068 0.1679
1770386337.1555 -0.0528 -0.0458 -0.1983
1770386337.1678 0.0693 0.1984 -0.0762
1770386337.1798 -0.0833 0.3204 -0.4119
1770386337.1921 -0.0223 -0.0458 0.1069
1770386337.2044 0.0082 -0.0153 -0.0762
1770386337.2156 -0.2054 -0.0763 -0.2593
1770386337.2277 -0.0833 0.0458 -0.1373
1770386337.2399 -0.2969 0.0458 -0.0152
1770386337.2521 0.0082 0.0153 0.1069
1770386337.2645 -0.2054 0.1373 0.0458
1770386337.2765 0.0998 0.1068 -0.2593
1770386337.2878 0.1913 -0.1068 -0.3509
1770386337.2999 0.1303 0.0458 0.2289
1770386337.3122 -0.1443 0.1678 0.0153
1770386337.3244 0.0998 -0.1678 -0.2593
1770386337.3362 0.0082 0.0458 -0.1373
1770386337.3485 -0.1749 0.0458 -0.3204
1770386337.3598 0.0998 0.1068 -0.1373
1770386337.3719 -0.0223 0.1678 -0.0762
1770386337.3842 0.1303 -0.1678 -0.0762
1770386337.3964 -0.0833 0.1373 -0.0457
1770386337.4076 0.0388 0.1373 0.1069
1770386337.4198 -0.0223 0.0153 -0.2899
1770386337.4319 -0.2664 -0.0763 -0.1067
1770386337.4441 -0.2664 0.1984 -0.1983
1770386337.4564 -0.0833 0.1068 -0.1067
1770386337.4676 -0.2664 0.1984 0.0764
1770386337.4797 0.0693 0.0763 -0.0152
1770386337.4919 0.0082 -0.1068 0.1374
1770386337.5043 -0.0833 0.1068 0.0458
1770386337.5164 0.0998 0.0763 0.1069
1770386337.5277 0.0082 0.0458 -0.0457
1770386337.5405 -0.4495 0.1373 -0.2288
1770386337.5519 -0.2359 0.0763 0.0764
1770386337.5643 0.0693 0.1373 -0.2288
1770386337.5764 -0.2359 -0.0153 -0.0762
1770386337.5876 0.1303 -0.0458 -0.0457
1770386337.5998 0.2219 0.1678 0.0458
1770386337.6120 0.1913 0.1068 -0.1983
1770386337.6243 0.1608 0.2899 0.0764
1770386337.6364 -0.0528 0.1068 0.1069
1770386337.6476 0.0082 -0.1068 -0.1373
1770386337.6598 -0.0223 -0.1068 -0.1373
1770386337.6719 -0.2359 0.2594 -0.1067
1770386337.6842 0.1913 -0.0763 0.0153
1770386337.6964 -0.1138 -0.0153 0.1374
1770386337.7075 -0.2054 0.3815 -0.0457
1770386337.7198 -0.0528 0.0763 -0.1373
1770386337.7318 0.0693 0.1678 0.0153
1770386337.7445 0.0388 0.4425 0.0458
1770386337.7557 0.1608 0.0153 -0.0152
1770386337.7679 0.0388 0.0458 -0.1678
1770386337.7800 0.0388 0.1984 -0.2288
1770386337.7922 0.0388 -0.0763 -0.0762
1770386337.8045 -0.0223 0.0153 -0.1983
1770386337.8157 -0.0528 0.1984 -0.2288
1770386337.8279 -0.1443 0.0763 -0.1373
1770386337.8400 -0.1138 -0.0458 0.0153
1770386337.8523 -0.1138 0.3510 -0.0457
1770386337.8646 -0.0833 -0.0458 -0.2288
1770386337.8756 0.0388 -0.0153 -0.0152
1770386337.8881 0.2829 -0.1068 0.0153
1770386337.9003 0.1608 0.1373 -0.0152
1770386337.9125 0.0388 0.0763 -0.1373
1770386337.9238 0.0693 0.0153 -0.0762
1770386337.9361 -0.4190 0.0763 -0.2593
1770386337.9475 -0.0223 -0.0458 -0.0457
1770386337.9598 0.1303 0.0458 -0.0457
1770386337.9718 -0.1138 0.1678 -0.0152
1770386337.9842 -0.0223 -0.0763 0.0153
1770386337.9963 -0.1749 0.0153 -0.0457
1770386338.0076 0.2219 -0.0153 0.0458
1770386338.0198 0.1913 0.2289 0.0458
1770386338.0319 -0.1138 0.2899 -0.1067
1770386338.0442 -0.0528 -0.0458 -0.2288
1770386338.0565 -0.0833 0.1068 -0.2593
1770386338.0677 -0.2664 0.1373 -0.1067
1770386338.0799 0.0082 0.0763 -0.1373
1770386338.0920 0.1303 0.0458 0.0153
1770386338.1043 -0.1749 0.1373 -0.0457
1770386338.1165 -0.0833 0.2289 -0.1678
1770386338.1276 0.0082 0.1373 -0.0457
1770386338.1404 -0.0528 0.0153 -0.1067
1770386338.1525 0.0082 0.0763 0.0458
1770386338.1640 -0.0833 -0.0458 -0.1373
1770386338.1764 0.0082 0.1373 -0.1067
1770386338.1877 0.0998 0.2899 -0.0152
1770386338.2001 0.0693 -0.0458 -0.2288
1770386338.2119 -0.1749 0.2289 -0.1373
1770386338.2243 0.0082 0.0458 -0.1373
1770386338.2365 0.1608 0.1373 -0.0762
1770386338.2479 -0.1138 0.1984 -0.2288
1770386338.2600 -0.0528 0.1984 -0.0152
1770386338.2721 0.1913 0.0153 -0.0762
1770386338.2844 -0.1443 0.1068 -0.1983
1770386338.2955 0.1303 0.2594 0.1679
1770386338.3077 -0.0833 -0.1068 -0.0457
1770386338.3199 -0.0833 0.1678 -0.1678
1770386338.3324 -0.0528 -0.0458 -0.0457
1770386338.3441 -0.1749 0.2289 -0.0152
1770386338.3563 -0.2359 0.1068 -0.0762
1770386338.3677 0.0998 0.1068 0.3205
1770386338.3799 -0.0528 0.1373 -0.3204
1770386338.3922 -0.1138 0.1068 0.1069
1770386338.4046 -0.0833 0.1068 0.1374
1770386338.4158 -0.1443 0.1678 -0.3204
1770386338.4279 0.0388 0.2289 0.1984
1770386338.4401 -0.2664 0.0153 0.0153
1770386338.4524 -0.0833 0.1068 -0.0762
1770386338.4637 -0.0223 0.0458 -0.1067
1770386338.4758 0.0082 0.1984 0.1374
1770386338.4880 -0.2359 0.3204 0.1374
1770386338.5002 -0.0223 0.1678 -0.0152
1770386338.5124 -0.0528 0.1373 0.0764
1770386338.5246 -0.2054 -0.1068 -0.2593
1770386338.5358 -0.0528 0.0153 -0.2899
1770386338.5483 -0.2664 0.1068 -0.1373
1770386338.5606 0.0388 0.1984 -0.1373
1770386338.5726 -0.0833 0.3204 -0.3204
1770386338.5839 0.0998 0.0153 -0.1067
1770386338.5960 0.1608 -0.0763 -0.0762
1770386338.6083 -0.0223 0.0458 0.0764
1770386338.6205 -0.0528 -0.1068 0.0153
1770386338.6326 0.1303 0.1984 0.2900
1770386338.6439 0.0998 -0.0153 -0.3204
1770386338.6562 -0.1138 -0.0153 -0.0762
1770386338.6683 0.0693 -0.0763 -0.0152
1770386338.6805 0.0998 -0.2594 -0.1373
1770386338.6926 -0.1443 0.0153 -0.3204
1770386338.7039 0.0998 -0.0153 -0.1983
1770386338.7161 0.0082 0.2899 -0.0152
1770386338.7282 -0.1443 0.0153 -0.3204
1770386338.7406 0.2219 -0.0153 0.0764
1770386338.7520 -0.1749 0.0458 -0.1983
1770386338.7644 0.0998 -0.0153 -0.0762
