% Pose logfile
% 1 	Time (sec)
% 2,3 	X, Y position (m)
% 4 	Heading in radians (m)
% 5 	Tilt angle, if calculated (rad)
1770386328.8486 0.000 0.000 0.0000 -3.1034
1770386328.8531 0.000 0.000 0.0000 -3.1034
1770386328.8585 0.000 0.000 0.0000 -3.1034
1770386328.8629 0.000 0.000 0.0000 -3.1034
1770386328.8683 0.000 0.000 0.0000 -3.1034
1770386328.8727 0.000 0.000 0.0000 -3.1034
1770386328.8781 0.000 0.000 0.0000 -3.1034
1770386328.8835 0.000 0.000 0.0000 -3.1034
1770386328.8879 0.000 0.000 0.0000 -3.1034
1770386328.8933 0.000 0.000 0.0000 -3.1034
1770386328.8977 0.000 0.000 0.0000 -3.1034
1770386328.9032 0.000 0.000 0.0000 -3.1034
1770386328.9086 0.000 0.000 0.0000 -3.1034
1770386328.9131 0.000 0.000 0.0000 -3.1034
1770386328.9185 0.000 0.000 0.0000 -3.1034
1770386328.9228 0.000 0.000 0.0000 -3.1034
1770386328.9283 0.000 0.000 0.0000 -3.1034
1770386328.9336 0.000 0.000 0.0000 -3.1034
1770386328.9383 0.000 0.000 0.0000 -3.1034
1770386328.9426 0.000 0.000 0.0000 -3.1034
1770386328.9481 0.000 0.000 0.0000 -3.1034
1770386328.9535 0.000 0.000 0.0000 -3.1034
1770386328.9578 0.000 0.000 0.0000 -3.1034
1770386328.9633 0.000 0.000 0.0000 -3.1034
1770386328.9688 0.000 0.000 0.0000 -3.1034
1770386328.9732 0.000 0.000 0.0000 -3.1034
1770386328.9786 0.000 0.000 0.0000 -3.1034
1770386328.9829 0.000 0.000 0.0000 -3.1034
1770386328.9884 0.000 0.000 0.0000 -3.1034
1770386328.9937 0.000 0.000 0.0000 -3.1034
1770386328.9982 0.000 0.000 0.0000 -3.1034
1770386329.0036 0.000 0.000 0.0000 -3.1034
1770386329.0081 0.000 0.000 0.0000 -3.1034
1770386329.0135 0.000 0.000 0.0000 -3.1033
1770386329.0179 0.000 0.000 0.0000 -3.1034
1770386329.0233 0.000 0.000 0.0000 -3.1033
1770386329.0287 0.000 0.000 0.0000 -3.1034
1770386329.0341 0.000 0.000 0.0000 -3.1033
1770386329.0386 0.000 0.000 0.0000 -3.1033
1770386329.0439 0.000 0.000 0.0000 -3.1033
1770386329.0484 0.000 0.000 0.0000 -3.1033
1770386329.0538 0.000 0.000 0.0000 -3.1033
1770386329.0593 0.000 0.000 0.0000 -3.1033
1770386329.0636 0.000 0.000 0.0000 -3.1033
1770386329.0691 0.000 0.000 0.0000 -3.1033
1770386329.0735 0.000 0.000 0.0000 -3.1033
1770386329.0789 0.000 0.000 0.0000 -3.1033
1770386329.0843 0.000 0.000 0.0000 -3.1033
1770386329.0887 0.000 0.000 0.0000 -3.1033
1770386329.0941 0.000 0.000 0.0000 -3.1033
1770386329.0985 0.000 0.000 0.0000 -3.1033
1770386329.1040 0.000 0.000 0.0000 -3.1033
1770386329.1084 0.000 0.000 0.0000 -3.1033
1770386329.1138 0.000 0.000 0.0000 -3.1033
1770386329.1193 0.000 0.000 0.0000 -3.1033
1770386329.1236 0.000 0.000 0.0000 -3.1033
1770386329.1293 0.000 0.000 0.0000 -3.1033
1770386329.1336 0.000 0.000 0.0000 -3.1033
1770386329.1393 0.000 0.000 0.0000 -3.1033
1770386329.1439 0.000 0.000 0.0000 -3.1033
1770386329.1493 0.000 0.000 0.0000 -3.1033
1770386329.1540 0.000 0.000 0.0000 -3.1033
1770386329.1585 0.000 0.000 0.0000 -3.1033
1770386329.1639 0.000 0.000 0.0000 -3.1033
1770386329.1686 0.000 0.000 0.0000 -3.1033
1770386329.1739 0.000 0.000 0.0000 -3.1033
1770386329.1786 0.000 0.000 0.0000 -3.1033
1770386329.1840 0.000 0.000 0.0000 -3.1033
1770386329.1886 0.000 0.000 0.0000 -3.1033
1770386329.1940 0.000 0.000 0.0000 -3.1033
1770386329.1985 0.000 0.000 0.0000 -3.1033
1770386329.2034 0.000 0.000 0.0000 -3.1033
1770386329.2089 0.000 0.000 0.0000 -3.1033
1770386329.2136 0.000 0.000 0.0000 -3.1033
1770386329.2192 0.000 0.000 0.0000 -3.1033
1770386329.2235 0.000 0.000 0.0000 -3.1033
1770386329.2290 0.000 0.000 0.0000 -3.1033
1770386329.2334 0.000 0.000 0.0000 -3.1033
1770386329.2392 0.000 0.000 0.0000 -3.1033
1770386329.2435 0.000 0.000 0.0000 -3.1033
1770386329.2490 0.000 0.000 0.0000 -3.1033
1770386329.2533 0.001 -0.000 -0.0000 -3.1033
1770386329.2588 0.001 -0.000 -0.0000 -3.1031
1770386329.2643 0.002 -0.000 -0.0000 -3.1021
1770386329.2686 0.003 -0.000 -0.0023 -3.1013
1770386329.2741 0.003 -0.000 -0.0012 -3.1008
1770386329.2784 0.004 -0.000 -0.0023 -3.0998
1770386329.2837 0.004 -0.000 -0.0012 -3.0973
1770386329.2893 0.004 -0.000 -0.0012 -3.0951
1770386329.2936 0.005 -0.000 -0.0023 -3.0919
1770386329.2991 0.005 -0.000 -0.0012 -3.0911
1770386329.3035 0.006 -0.000 -0.0000 -3.0902
1770386329.3090 0.006 -0.000 0.0012 -3.0892
1770386329.3144 0.007 -0.000 0.0012 -3.0871
1770386329.3187 0.008 -0.000 0.0012 -3.0857
1770386329.3241 0.009 -0.000 0.0023 -3.0843
1770386329.3285 0.009 -0.000 0.0023 -3.0833
1770386329.3339 0.010 0.000 0.0023 -3.0816
1770386329.3387 0.011 0.000 0.0023 -3.0800
1770386329.3443 0.012 0.000 0.0023 -3.0775
1770386329.3490 0.013 0.000 0.0035 -3.0761
1770386329.3534 0.014 0.000 0.0046 -3.0743
1770386329.3590 0.015 0.000 0.0058 -3.0735
1770386329.3634 0.016 0.000 0.0058 -3.0722
1770386329.3690 0.017 0.000 0.0069 -3.0715
1770386329.3744 0.019 0.000 0.0069 -3.0700
1770386329.3788 0.019 0.000 0.0069 -3.0691
1770386329.3843 0.021 0.000 0.0081 -3.0677
1770386329.3887 0.022 0.000 0.0093 -3.0665
1770386329.3942 0.023 0.000 0.0104 -3.0652
1770386329.3987 0.024 0.000 0.0104 -3.0646
1770386329.4041 0.026 0.000 0.0104 -3.0642
1770386329.4086 0.027 0.000 0.0104 -3.0638
1770386329.4139 0.029 0.000 0.0104 -3.0632
1770386329.4193 0.030 0.000 0.0104 -3.0627
1770386329.4236 0.031 0.000 0.0104 -3.0618
1770386329.4291 0.032 0.000 0.0104 -3.0617
1770386329.4335 0.034 0.000 0.0116 -3.0613
1770386329.4389 0.035 0.000 0.0116 -3.0610
1770386329.4443 0.037 0.000 0.0104 -3.0608
1770386329.4486 0.038 0.000 0.0104 -3.0604
1770386329.4541 0.040 0.000 0.0093 -3.0603
1770386329.4585 0.041 0.000 0.0093 -3.0604
1770386329.4639 0.042 0.000 0.0104 -3.0602
1770386329.4684 0.044 0.000 0.0093 -3.0602
1770386329.4737 0.045 0.000 0.0081 -3.0602
1770386329.4792 0.046 0.000 0.0081 -3.0602
1770386329.4835 0.048 0.000 0.0069 -3.0603
1770386329.4890 0.049 0.000 0.0058 -3.0604
1770386329.4943 0.051 0.000 0.0058 -3.0607
1770386329.4988 0.052 0.000 0.0058 -3.0608
1770386329.5043 0.054 0.000 0.0058 -3.0610
1770386329.5086 0.055 0.000 0.0035 -3.0609
1770386329.5141 0.057 0.000 0.0035 -3.0609
1770386329.5185 0.058 0.000 0.0035 -3.0609
1770386329.5238 0.059 0.000 0.0023 -3.0612
1770386329.5293 0.060 0.000 0.0023 -3.0615
1770386329.5339 0.062 0.000 0.0012 -3.0623
1770386329.5394 0.063 0.000 0.0012 -3.0629
1770386329.5438 0.065 0.000 0.0012 -3.0633
1770386329.5494 0.066 0.000 0.0012 -3.0636
1770386329.5537 0.068 0.000 -0.0000 -3.0639
1770386329.5591 0.069 0.000 -0.0000 -3.0641
1770386329.5636 0.070 0.000 -0.0012 -3.0649
1770386329.5690 0.071 0.000 -0.0012 -3.0655
1770386329.5734 0.073 0.000 -0.0023 -3.0660
1770386329.5788 0.074 0.000 -0.0035 -3.0662
1770386329.5841 0.076 0.000 -0.0046 -3.0664
1770386329.5886 0.077 0.000 -0.0046 -3.0667
1770386329.5939 0.078 0.000 -0.0069 -3.0672
1770386329.5995 0.080 0.000 -0.0081 -3.0677
1770386329.6039 0.081 0.000 -0.0081 -3.0679
1770386329.6093 0.083 0.000 -0.0093 -3.0681
1770386329.6136 0.084 0.000 -0.0093 -3.0681
1770386329.6190 0.086 0.000 -0.0116 -3.0682
1770386329.6245 0.087 0.000 -0.0116 -3.0684
1770386329.6288 0.088 0.000 -0.0116 -3.0690
1770386329.6344 0.090 0.000 -0.0127 -3.0694
1770386329.6387 0.091 0.000 -0.0127 -3.0703
1770386329.6442 0.092 0.000 -0.0139 -3.0708
1770386329.6485 0.094 0.000 -0.0150 -3.0715
1770386329.6539 0.095 0.000 -0.0150 -3.0719
1770386329.6594 0.096 0.000 -0.0150 -3.0723
1770386329.6638 0.097 0.000 -0.0162 -3.0725
1770386329.6691 0.099 0.000 -0.0162 -3.0730
1770386329.6746 0.100 0.000 -0.0162 -3.0735
1770386329.6789 0.102 0.000 -0.0162 -3.0744
1770386329.6843 0.103 0.000 -0.0173 -3.0749
1770386329.6887 0.104 0.000 -0.0173 -3.0753
1770386329.6941 0.105 0.000 -0.0173 -3.0755
1770386329.6995 0.107 -0.000 -0.0173 -3.0757
1770386329.7040 0.108 -0.000 -0.0173 -3.0759
1770386329.7093 0.109 -0.000 -0.0173 -3.0764
1770386329.7147 0.110 -0.000 -0.0173 -3.0766
1770386329.7192 0.112 -0.000 -0.0185 -3.0769
1770386329.7245 0.113 -0.000 -0.0173 -3.0773
1770386329.7290 0.114 -0.000 -0.0173 -3.0777
1770386329.7344 0.115 -0.000 -0.0185 -3.0779
1770386329.7399 0.117 -0.000 -0.0173 -3.0783
1770386329.7448 0.118 -0.000 -0.0173 -3.0785
1770386329.7492 0.119 -0.000 -0.0162 -3.0785
1770386329.7546 0.120 -0.000 -0.0173 -3.0787
1770386329.7600 0.122 -0.000 -0.0162 -3.0789
1770386329.7645 0.122 -0.000 -0.0173 -3.0789
1770386329.7699 0.124 -0.000 -0.0162 -3.0799
1770386329.7742 0.125 -0.000 -0.0162 -3.0805
1770386329.7797 0.126 -0.000 -0.0150 -3.0811
1770386329.7851 0.127 -0.000 -0.0162 -3.0815
1770386329.7895 0.129 -0.000 -0.0150 -3.0815
1770386329.7949 0.130 -0.000 -0.0150 -3.0813
1770386329.7994 0.131 -0.000 -0.0150 -3.0814
1770386329.8049 0.132 -0.000 -0.0139 -3.0819
1770386329.8092 0.134 -0.000 -0.0139 -3.0825
1770386329.8146 0.135 -0.000 -0.0139 -3.0830
1770386329.8200 0.136 -0.000 -0.0139 -3.0834
1770386329.8245 0.137 -0.001 -0.0127 -3.0835
1770386329.8298 0.138 -0.001 -0.0127 -3.0835
1770386329.8342 0.140 -0.001 -0.0127 -3.0838
1770386329.8396 0.141 -0.001 -0.0116 -3.0840
1770386329.8450 0.142 -0.001 -0.0127 -3.0844
1770386329.8495 0.143 -0.001 -0.0116 -3.0845
1770386329.8548 0.144 -0.001 -0.0104 -3.0846
1770386329.8591 0.146 -0.001 -0.0116 -3.0846
1770386329.8647 0.147 -0.001 -0.0104 -3.0846
1770386329.8701 0.148 -0.001 -0.0104 -3.0847
1770386329.8745 0.149 -0.001 -0.0104 -3.0849
1770386329.8799 0.151 -0.001 -0.0104 -3.0848
1770386329.8843 0.152 -0.001 -0.0093 -3.0847
1770386329.8897 0.153 -0.001 -0.0104 -3.0845
1770386329.8941 0.154 -0.001 -0.0093 -3.0844
1770386329.8996 0.156 -0.001 -0.0093 -3.0846
1770386329.9049 0.156 -0.001 -0.0093 -3.0847
1770386329.9093 0.158 -0.001 -0.0093 -3.0848
1770386329.9147 0.159 -0.001 -0.0081 -3.0846
1770386329.9190 0.160 -0.001 -0.0093 -3.0848
1770386329.9244 0.161 -0.001 -0.0093 -3.0849
1770386329.9299 0.163 -0.001 -0.0081 -3.0850
1770386329.9343 0.164 -0.001 -0.0093 -3.0852
1770386329.9397 0.165 -0.001 -0.0081 -3.0853
1770386329.9442 0.166 -0.001 -0.0081 -3.0853
1770386329.9496 0.168 -0.001 -0.0081 -3.0854
1770386329.9540 0.169 -0.001 -0.0081 -3.0854
1770386329.9595 0.170 -0.001 -0.0069 -3.0854
1770386329.9650 0.171 -0.001 -0.0081 -3.0855
1770386329.9694 0.173 -0.001 -0.0081 -3.0855
1770386329.9748 0.174 -0.001 -0.0069 -3.0856
1770386329.9791 0.175 -0.001 -0.0081 -3.0855
1770386329.9846 0.176 -0.001 -0.0069 -3.0855
1770386329.9900 0.178 -0.001 -0.0069 -3.0857
1770386329.9945 0.179 -0.001 -0.0069 -3.0858
1770386329.9999 0.180 -0.001 -0.0069 -3.0862
1770386330.0043 0.181 -0.001 -0.0069 -3.0864
1770386330.0097 0.183 -0.001 -0.0058 -3.0864
1770386330.0140 0.184 -0.001 -0.0058 -3.0865
1770386330.0195 0.185 -0.001 -0.0058 -3.0867
1770386330.0249 0.186 -0.001 -0.0058 -3.0868
1770386330.0293 0.188 -0.001 -0.0046 -3.0871
1770386330.0347 0.189 -0.001 -0.0046 -3.0874
1770386330.0391 0.190 -0.001 -0.0058 -3.0877
1770386330.0446 0.191 -0.001 -0.0058 -3.0878
1770386330.0500 0.193 -0.001 -0.0046 -3.0879
1770386330.0544 0.194 -0.001 -0.0046 -3.0880
1770386330.0599 0.195 -0.001 -0.0046 -3.0880
1770386330.0644 0.196 -0.001 -0.0046 -3.0882
1770386330.0697 0.197 -0.001 -0.0035 -3.0886
1770386330.0751 0.199 -0.001 -0.0035 -3.0886
1770386330.0796 0.200 -0.001 -0.0035 -3.0889
1770386330.0850 0.201 -0.001 -0.0023 -3.0889
1770386330.0895 0.203 -0.001 -0.0035 -3.0888
1770386330.0949 0.203 -0.001 -0.0023 -3.0886
1770386330.0993 0.205 -0.001 -0.0023 -3.0886
1770386330.1048 0.206 -0.001 -0.0012 -3.0886
1770386330.1091 0.208 -0.001 -0.0012 -3.0886
1770386330.1147 0.209 -0.001 -0.0012 -3.0888
1770386330.1200 0.210 -0.001 -0.0012 -3.0885
1770386330.1245 0.211 -0.001 -0.0012 -3.0882
1770386330.1299 0.213 -0.001 -0.0000 -3.0876
1770386330.1342 0.214 -0.001 -0.0000 -3.0875
1770386330.1398 0.215 -0.001 -0.0000 -3.0875
1770386330.1443 0.216 -0.001 0.0012 -3.0878
1770386330.1498 0.218 -0.001 -0.0000 -3.0882
1770386330.1542 0.219 -0.001 -0.0000 -3.0884
1770386330.1596 0.220 -0.001 -0.0000 -3.0886
1770386330.1650 0.221 -0.001 -0.0000 -3.0887
1770386330.1693 0.223 -0.001 0.0012 -3.0887
1770386330.1748 0.224 -0.001 0.0012 -3.0887
1770386330.1791 0.225 -0.001 0.0012 -3.0891
1770386330.1847 0.226 -0.001 0.0012 -3.0892
1770386330.1900 0.228 -0.001 0.0012 -3.0895
1770386330.1944 0.229 -0.001 0.0012 -3.0896
1770386330.2000 0.230 -0.001 0.0023 -3.0897
1770386330.2042 0.231 -0.001 0.0012 -3.0896
1770386330.2097 0.233 -0.001 0.0012 -3.0895
1770386330.2151 0.234 -0.001 0.0023 -3.0896
1770386330.2194 0.235 -0.001 0.0023 -3.0897
1770386330.2250 0.236 -0.001 0.0023 -3.0897
1770386330.2292 0.238 -0.001 0.0012 -3.0898
1770386330.2347 0.239 -0.001 0.0023 -3.0896
1770386330.2391 0.240 -0.001 0.0023 -3.0895
1770386330.2445 0.242 -0.001 0.0023 -3.0896
1770386330.2500 0.243 -0.001 0.0023 -3.0899
1770386330.2543 0.244 -0.001 0.0023 -3.0900
1770386330.2598 0.246 -0.001 0.0023 -3.0903
1770386330.2642 0.247 -0.001 0.0023 -3.0903
1770386330.2696 0.248 -0.001 0.0023 -3.0901
1770386330.2750 0.249 -0.001 0.0023 -3.0901
1770386330.2793 0.251 -0.001 0.0023 -3.0903
1770386330.2848 0.251 -0.001 0.0035 -3.0907
1770386330.2891 0.253 -0.001 0.0023 -3.0913
1770386330.2946 0.254 -0.001 0.0023 -3.0916
1770386330.3001 0.255 -0.001 0.0035 -3.0915
1770386330.3045 0.256 -0.001 0.0023 -3.0914
1770386330.3098 0.258 -0.001 0.0023 -3.0915
1770386330.3142 0.259 -0.001 0.0035 -3.0915
1770386330.3197 0.261 -0.001 0.0035 -3.0915
1770386330.3241 0.261 -0.001 0.0023 -3.0916
1770386330.3295 0.263 -0.001 0.0035 -3.0916
1770386330.3349 0.264 -0.001 0.0035 -3.0915
1770386330.3393 0.265 -0.001 0.0023 -3.0914
1770386330.3450 0.267 -0.001 0.0035 -3.0915
1770386330.3493 0.268 -0.001 0.0035 -3.0916
1770386330.3549 0.270 -0.001 0.0035 -3.0916
1770386330.3593 0.271 -0.001 0.0023 -3.0917
1770386330.3648 0.272 -0.001 0.0035 -3.0917
1770386330.3701 0.273 -0.001 0.0035 -3.0917
1770386330.3745 0.274 -0.001 0.0023 -3.0918
1770386330.3799 0.275 -0.001 0.0035 -3.0918
1770386330.3853 0.277 -0.001 0.0035 -3.0917
1770386330.3898 0.278 -0.001 0.0046 -3.0918
1770386330.3952 0.279 -0.001 0.0035 -3.0918
1770386330.3997 0.280 -0.001 0.0035 -3.0917
1770386330.4051 0.282 -0.001 0.0035 -3.0916
1770386330.4105 0.283 -0.001 0.0035 -3.0915
1770386330.4150 0.284 -0.001 0.0035 -3.0914
1770386330.4203 0.286 -0.001 0.0035 -3.0915
1770386330.4248 0.287 -0.001 0.0035 -3.0918
1770386330.4301 0.288 -0.001 0.0035 -3.0920
1770386330.4355 0.290 -0.001 0.0035 -3.0924
1770386330.4400 0.290 -0.001 0.0023 -3.0924
1770386330.4453 0.292 -0.001 0.0035 -3.0925
1770386330.4498 0.293 -0.001 0.0035 -3.0925
1770386330.4553 0.294 -0.001 0.0046 -3.0926
1770386330.4607 0.295 -0.001 0.0035 -3.0928
1770386330.4651 0.297 -0.001 0.0035 -3.0931
1770386330.4704 0.298 -0.001 0.0035 -3.0933
1770386330.4748 0.299 -0.001 0.0023 -3.0934
1770386330.4802 0.300 -0.001 0.0035 -3.0933
1770386330.4857 0.302 -0.001 0.0035 -3.0931
1770386330.4901 0.303 -0.001 0.0046 -3.0932
1770386330.4955 0.304 -0.001 0.0035 -3.0932
1770386330.4999 0.305 -0.001 0.0035 -3.0935
1770386330.5053 0.307 -0.001 0.0035 -3.0940
1770386330.5107 0.308 -0.001 0.0023 -3.0942
1770386330.5150 0.309 -0.001 0.0035 -3.0942
1770386330.5205 0.311 -0.001 0.0035 -3.0941
1770386330.5249 0.312 -0.001 0.0046 -3.0941
1770386330.5302 0.313 -0.001 0.0035 -3.0942
1770386330.5358 0.315 -0.001 0.0035 -3.0943
1770386330.5401 0.315 -0.001 0.0046 -3.0944
1770386330.5457 0.317 -0.001 0.0035 -3.0946
1770386330.5500 0.318 -0.001 0.0035 -3.0944
1770386330.5555 0.319 -0.001 0.0046 -3.0943
1770386330.5600 0.321 -0.001 0.0046 -3.0942
1770386330.5654 0.322 -0.001 0.0035 -3.0941
1770386330.5698 0.323 -0.001 0.0035 -3.0942
1770386330.5752 0.324 -0.001 0.0046 -3.0945
1770386330.5806 0.326 -0.001 0.0046 -3.0948
1770386330.5850 0.327 -0.001 0.0035 -3.0950
1770386330.5904 0.328 -0.001 0.0046 -3.0950
1770386330.5949 0.330 -0.001 0.0046 -3.0950
1770386330.6003 0.331 -0.001 0.0046 -3.0950
1770386330.6057 0.332 -0.001 0.0046 -3.0951
1770386330.6101 0.333 -0.001 0.0046 -3.0953
1770386330.6155 0.335 -0.001 0.0046 -3.0955
1770386330.6199 0.336 -0.001 0.0046 -3.0955
1770386330.6253 0.337 -0.001 0.0046 -3.0952
1770386330.6307 0.338 -0.001 0.0046 -3.0951
1770386330.6352 0.340 -0.001 0.0058 -3.0951
1770386330.6406 0.341 -0.001 0.0058 -3.0954
1770386330.6449 0.342 -0.001 0.0058 -3.0956
1770386330.6504 0.343 -0.001 0.0046 -3.0959
1770386330.6549 0.345 -0.001 0.0058 -3.0959
1770386330.6603 0.346 -0.001 0.0058 -3.0957
1770386330.6658 0.347 -0.001 0.0058 -3.0957
1770386330.6700 0.348 -0.001 0.0058 -3.0956
1770386330.6754 0.350 -0.001 0.0058 -3.0957
1770386330.6798 0.351 -0.001 0.0069 -3.0958
1770386330.6852 0.352 -0.001 0.0069 -3.0963
1770386330.6907 0.353 -0.001 0.0058 -3.0963
1770386330.6951 0.355 -0.001 0.0058 -3.0964
1770386330.7005 0.356 -0.001 0.0069 -3.0964
1770386330.7049 0.357 -0.001 0.0058 -3.0962
1770386330.7103 0.358 -0.001 0.0069 -3.0962
1770386330.7147 0.360 -0.001 0.0069 -3.0962
1770386330.7202 0.361 -0.001 0.0069 -3.0964
1770386330.7256 0.362 -0.001 0.0069 -3.0967
1770386330.7299 0.363 -0.001 0.0069 -3.0969
1770386330.7354 0.365 -0.001 0.0069 -3.0969
1770386330.7398 0.365 -0.000 0.0069 -3.0968
1770386330.7453 0.367 -0.000 0.0069 -3.0969
1770386330.7507 0.368 -0.000 0.0069 -3.0970
1770386330.7552 0.370 -0.000 0.0081 -3.0973
1770386330.7607 0.371 -0.000 0.0069 -3.0974
1770386330.7650 0.372 -0.000 0.0069 -3.0976
1770386330.7704 0.373 -0.000 0.0081 -3.0976
1770386330.7749 0.375 -0.000 0.0069 -3.0980
1770386330.7802 0.375 -0.000 0.0081 -3.0983
1770386330.7847 0.377 -0.000 0.0081 -3.0987
1770386330.7901 0.378 -0.000 0.0081 -3.0988
1770386330.7955 0.379 -0.000 0.0081 -3.0991
1770386330.7999 0.380 -0.000 0.0081 -3.0990
1770386330.8053 0.382 -0.000 0.0081 -3.0991
1770386330.8098 0.383 -0.000 0.0081 -3.0992
1770386330.8152 0.384 -0.000 0.0081 -3.0992
1770386330.8207 0.385 -0.000 0.0093 -3.0991
1770386330.8250 0.387 -0.000 0.0093 -3.0990
1770386330.8303 0.388 -0.000 0.0081 -3.0990
1770386330.8349 0.389 -0.000 0.0093 -3.0990
1770386330.8403 0.390 -0.000 0.0093 -3.0991
1770386330.8457 0.392 -0.000 0.0081 -3.0990
1770386330.8501 0.393 -0.000 0.0093 -3.0991
1770386330.8557 0.394 -0.000 0.0093 -3.0991
1770386330.8601 0.395 -0.000 0.0081 -3.0990
1770386330.8656 0.397 -0.000 0.0093 -3.0991
1770386330.8700 0.398 -0.000 0.0093 -3.0991
1770386330.8755 0.399 -0.000 0.0081 -3.0991
1770386330.8799 0.400 -0.000 0.0093 -3.0991
1770386330.8855 0.402 -0.000 0.0093 -3.0990
1770386330.8899 0.403 -0.000 0.0093 -3.0988
1770386330.8955 0.404 -0.000 0.0093 -3.0987
1770386330.8999 0.405 -0.000 0.0093 -3.0987
1770386330.9056 0.407 -0.000 0.0081 -3.0988
1770386330.9099 0.408 -0.000 0.0093 -3.0990
1770386330.9154 0.409 -0.000 0.0093 -3.0989
1770386330.9199 0.410 -0.000 0.0093 -3.0989
1770386330.9253 0.412 -0.000 0.0081 -3.0988
1770386330.9307 0.413 -0.000 0.0093 -3.0988
1770386330.9351 0.414 -0.000 0.0093 -3.0986
1770386330.9406 0.415 -0.000 0.0081 -3.0987
1770386330.9450 0.417 -0.000 0.0093 -3.0992
1770386330.9505 0.418 -0.000 0.0093 -3.0993
1770386330.9550 0.419 -0.000 0.0093 -3.0993
1770386330.9604 0.421 -0.000 0.0093 -3.0993
1770386330.9648 0.422 -0.000 0.0093 -3.0995
1770386330.9702 0.423 -0.000 0.0093 -3.0998
1770386330.9756 0.425 0.000 0.0093 -3.0997
1770386330.9810 0.426 0.000 0.0081 -3.0992
1770386330.9855 0.427 0.000 0.0093 -3.0989
1770386330.9909 0.428 0.000 0.0081 -3.0988
1770386330.9953 0.429 0.000 0.0081 -3.0991
1770386331.0008 0.431 0.000 0.0081 -3.0996
1770386331.0051 0.432 0.000 0.0081 -3.0997
1770386331.0105 0.433 0.000 0.0081 -3.0998
1770386331.0150 0.434 0.000 0.0081 -3.0997
1770386331.0204 0.436 0.000 0.0081 -3.0996
1770386331.0259 0.437 0.000 0.0093 -3.0997
1770386331.0302 0.438 0.000 0.0081 -3.0999
1770386331.0356 0.440 0.000 0.0081 -3.1000
1770386331.0400 0.441 0.000 0.0081 -3.1003
1770386331.0454 0.442 0.000 0.0093 -3.1005
1770386331.0500 0.444 0.000 0.0081 -3.1007
1770386331.0554 0.445 0.000 0.0081 -3.1007
1770386331.0609 0.446 0.000 0.0081 -3.1007
1770386331.0663 0.447 0.000 0.0093 -3.1006
1770386331.0706 0.449 0.000 0.0081 -3.1008
1770386331.0761 0.450 0.000 0.0081 -3.1008
1770386331.0815 0.451 0.000 0.0093 -3.1011
1770386331.0860 0.452 0.000 0.0081 -3.1011
1770386331.0914 0.454 0.000 0.0081 -3.1010
1770386331.0958 0.455 0.000 0.0093 -3.1008
1770386331.1012 0.456 0.000 0.0081 -3.1008
1770386331.1055 0.457 0.000 0.0081 -3.1008
1770386331.1110 0.458 0.000 0.0081 -3.1008
1770386331.1165 0.459 0.000 0.0081 -3.1009
1770386331.1209 0.461 0.000 0.0093 -3.1010
1770386331.1263 0.462 0.000 0.0081 -3.1009
1770386331.1306 0.463 0.000 0.0081 -3.1010
1770386331.1362 0.465 0.000 0.0081 -3.1009
1770386331.1405 0.466 0.000 0.0081 -3.1009
1770386331.1461 0.467 0.000 0.0081 -3.1012
1770386331.1516 0.469 0.000 0.0081 -3.1016
1770386331.1560 0.469 0.000 0.0093 -3.1019
1770386331.1614 0.471 0.000 0.0081 -3.1020
1770386331.1657 0.472 0.000 0.0081 -3.1018
1770386331.1712 0.473 0.000 0.0093 -3.1017
1770386331.1756 0.474 0.000 0.0081 -3.1016
1770386331.1810 0.476 0.000 0.0093 -3.1019
1770386331.1855 0.477 0.000 0.0093 -3.1021
1770386331.1908 0.478 0.000 0.0081 -3.1023
1770386331.1963 0.479 0.000 0.0081 -3.1023
1770386331.2007 0.481 0.000 0.0081 -3.1021
1770386331.2062 0.482 0.000 0.0081 -3.1019
1770386331.2106 0.483 0.001 0.0093 -3.1018
1770386331.2161 0.484 0.001 0.0093 -3.1020
1770386331.2214 0.486 0.001 0.0081 -3.1021
1770386331.2258 0.487 0.001 0.0081 -3.1023
1770386331.2312 0.488 0.001 0.0081 -3.1022
1770386331.2356 0.489 0.001 0.0081 -3.1022
1770386331.2411 0.491 0.001 0.0081 -3.1021
1770386331.2465 0.492 0.001 0.0093 -3.1020
1770386331.2509 0.493 0.001 0.0093 -3.1020
1770386331.2564 0.494 0.001 0.0081 -3.1021
1770386331.2608 0.496 0.001 0.0093 -3.1024
1770386331.2663 0.497 0.001 0.0093 -3.1026
1770386331.2705 0.498 0.001 0.0093 -3.1029
1770386331.2760 0.499 0.001 0.0093 -3.1031
1770386331.2815 0.501 0.001 0.0093 -3.1033
1770386331.2858 0.502 0.001 0.0093 -3.1033
1770386331.2913 0.503 0.001 0.0104 -3.1035
1770386331.2957 0.504 0.001 0.0093 -3.1035
1770386331.3011 0.506 0.001 0.0104 -3.1036
1770386331.3065 0.507 0.001 0.0104 -3.1036
1770386331.3108 0.508 0.001 0.0093 -3.1036
1770386331.3164 0.509 0.001 0.0093 -3.1034
1770386331.3207 0.511 0.001 0.0104 -3.1034
1770386331.3262 0.512 0.001 0.0093 -3.1033
1770386331.3315 0.513 0.001 0.0093 -3.1032
1770386331.3361 0.514 0.001 0.0093 -3.1034
1770386331.3415 0.516 0.001 0.0093 -3.1038
1770386331.3461 0.517 0.001 0.0093 -3.1038
1770386331.3515 0.518 0.001 0.0081 -3.1037
1770386331.3559 0.519 0.001 0.0104 -3.1036
1770386331.3614 0.520 0.001 0.0116 -3.1039
1770386331.3657 0.521 0.001 0.0127 -3.1040
1770386331.3711 0.522 0.001 0.0150 -3.1051
1770386331.3755 0.523 0.001 0.0173 -3.1060
1770386331.3809 0.524 0.001 0.0197 -3.1066
1770386331.3865 0.524 0.001 0.0220 -3.1072
1770386331.3908 0.525 0.001 0.0243 -3.1078
1770386331.3963 0.526 0.001 0.0243 -3.1083
1770386331.4007 0.527 0.001 0.0254 -3.1095
1770386331.4061 0.528 0.001 0.0266 -3.1107
1770386331.4105 0.529 0.001 0.0266 -3.1120
1770386331.4160 0.530 0.001 0.0278 -3.1126
1770386331.4214 0.531 0.001 0.0301 -3.1138
1770386331.4257 0.532 0.001 0.0312 -3.1146
1770386331.4311 0.532 0.001 0.0324 -3.1155
1770386331.4356 0.533 0.001 0.0347 -3.1166
1770386331.4409 0.534 0.001 0.0359 -3.1191
1770386331.4465 0.534 0.001 0.0359 -3.1208
1770386331.4509 0.535 0.001 0.0382 -3.1225
1770386331.4564 0.536 0.001 0.0393 -3.1236
1770386331.4607 0.536 0.001 0.0416 -3.1245
1770386331.4661 0.537 0.001 0.0439 -3.1247
1770386331.4715 0.537 0.001 0.0474 -3.1246
1770386331.4759 0.538 0.001 0.0486 -3.1252
1770386331.4814 0.538 0.001 0.0509 -3.1272
1770386331.4858 0.538 0.001 0.0520 -3.1290
1770386331.4912 0.539 0.001 0.0555 -3.1315
1770386331.4956 0.539 0.001 0.0567 -3.1332
1770386331.5010 0.540 0.001 0.0590 -3.1349
1770386331.5055 0.540 0.001 0.0601 -3.1350
1770386331.5109 0.541 0.002 0.0625 -3.1343
1770386331.5165 0.541 0.002 0.0625 -3.1334
1770386331.5208 0.542 0.002 0.0659 -3.1323
1770386331.5261 0.542 0.002 0.0682 -3.1324
1770386331.5305 0.542 0.002 0.0717 -3.1334
1770386331.5360 0.543 0.002 0.0740 -3.1338
1770386331.5415 0.543 0.002 0.0775 -3.1336
1770386331.5461 0.543 0.002 0.0798 -3.1331
1770386331.5515 0.544 0.002 0.0833 -3.1327
1770386331.5561 0.544 0.002 0.0856 -3.1328
1770386331.5616 0.544 0.002 0.0890 -3.1333
1770386331.5661 0.545 0.002 0.0914 -3.1335
1770386331.5715 0.545 0.002 0.0937 -3.1335
1770386331.5761 0.545 0.002 0.0960 -3.1331
1770386331.5815 0.545 0.002 0.0983 -3.1324
1770386331.5860 0.546 0.002 0.1006 -3.1321
1770386331.5915 0.546 0.002 0.1029 -3.1318
1770386331.5959 0.546 0.002 0.1052 -3.1319
1770386331.6015 0.547 0.002 0.1076 -3.1319
1770386331.6059 0.547 0.002 0.1099 -3.1317
1770386331.6115 0.547 0.002 0.1110 -3.1308
1770386331.6160 0.548 0.002 0.1122 -3.1302
1770386331.6214 0.548 0.002 0.1145 -3.1297
1770386331.6259 0.549 0.002 0.1156 -3.1296
1770386331.6313 0.549 0.002 0.1191 -3.1295
1770386331.6359 0.549 0.002 0.1214 -3.1297
1770386331.6413 0.550 0.002 0.1249 -3.1293
1770386331.6457 0.550 0.002 0.1272 -3.1289
1770386331.6514 0.550 0.002 0.1307 -3.1283
1770386331.6559 0.551 0.002 0.1330 -3.1281
1770386331.6614 0.551 0.003 0.1365 -3.1282
1770386331.6659 0.552 0.003 0.1388 -3.1283
1770386331.6713 0.552 0.003 0.1422 -3.1286
1770386331.6760 0.553 0.003 0.1469 -3.1279
1770386331.6814 0.553 0.003 0.1480 -3.1276
1770386331.6860 0.553 0.003 0.1515 -3.1272
1770386331.6914 0.554 0.003 0.1538 -3.1271
1770386331.6960 0.554 0.003 0.1550 -3.1271
1770386331.7015 0.555 0.003 0.1573 -3.1269
1770386331.7060 0.556 0.003 0.1584 -3.1266
1770386331.7118 0.556 0.003 0.1619 -3.1261
1770386331.7162 0.557 0.003 0.1631 -3.1255
1770386331.7218 0.557 0.003 0.1654 -3.1249
1770386331.7262 0.558 0.004 0.1688 -3.1244
1770386331.7316 0.558 0.004 0.1712 -3.1241
1770386331.7371 0.559 0.004 0.1746 -3.1239
1770386331.7415 0.559 0.004 0.1781 -3.1236
1770386331.7467 0.559 0.004 0.1804 -3.1233
1770386331.7523 0.560 0.004 0.1839 -3.1230
1770386331.7568 0.560 0.004 0.1862 -3.1228
1770386331.7613 0.561 0.004 0.1897 -3.1229
1770386331.7667 0.561 0.004 0.1943 -3.1229
1770386331.7723 0.562 0.004 0.1966 -3.1229
1770386331.7768 0.562 0.004 0.2012 -3.1226
1770386331.7813 0.562 0.004 0.2035 -3.1224
1770386331.7868 0.563 0.005 0.2070 -3.1222
1770386331.7913 0.563 0.005 0.2093 -3.1221
1770386331.7968 0.564 0.005 0.2128 -3.1220
1770386331.8022 0.564 0.005 0.2140 -3.1219
1770386331.8068 0.565 0.005 0.2163 -3.1217
1770386331.8113 0.566 0.005 0.2163 -3.1215
1770386331.8169 0.566 0.005 0.2186 -3.1214
1770386331.8223 0.567 0.005 0.2197 -3.1210
1770386331.8267 0.567 0.006 0.2232 -3.1206
1770386331.8323 0.568 0.006 0.2244 -3.1204
1770386331.8367 0.568 0.006 0.2267 -3.1199
1770386331.8413 0.569 0.006 0.2301 -3.1198
1770386331.8467 0.569 0.006 0.2336 -3.1197
1770386331.8513 0.569 0.006 0.2359 -3.1197
1770386331.8569 0.570 0.006 0.2405 -3.1197
1770386331.8623 0.570 0.006 0.2429 -3.1197
1770386331.8668 0.571 0.006 0.2475 -3.1197
1770386331.8723 0.571 0.006 0.2510 -3.1196
1770386331.8769 0.572 0.007 0.2533 -3.1196
1770386331.8812 0.572 0.007 0.2556 -3.1195
1770386331.8867 0.572 0.007 0.2591 -3.1192
1770386331.8912 0.573 0.007 0.2602 -3.1191
1770386331.8967 0.573 0.007 0.2637 -3.1190
1770386331.9012 0.574 0.007 0.2660 -3.1190
1770386331.9067 0.575 0.007 0.2671 -3.1187
1770386331.9114 0.575 0.008 0.2683 -3.1184
1770386331.9168 0.576 0.008 0.2706 -3.1181
1770386331.9212 0.576 0.008 0.2718 -3.1181
1770386331.9268 0.577 0.008 0.2741 -3.1181
1770386331.9322 0.577 0.008 0.2776 -3.1178
1770386331.9369 0.578 0.008 0.2799 -3.1176
1770386331.9414 0.578 0.008 0.2833 -3.1177
1770386331.9471 0.579 0.008 0.2868 -3.1173
1770386331.9520 0.579 0.009 0.2891 -3.1172
1770386331.9566 0.579 0.009 0.2937 -3.1175
1770386331.9613 0.580 0.009 0.2972 -3.1177
1770386331.9670 0.580 0.009 0.3007 -3.1180
1770386331.9715 0.580 0.009 0.3042 -3.1179
1770386331.9763 0.581 0.009 0.3076 -3.1179
1770386331.9817 0.581 0.009 0.3099 -3.1178
1770386331.9866 0.582 0.009 0.3123 -3.1178
1770386331.9921 0.582 0.010 0.3146 -3.1177
1770386331.9967 0.583 0.010 0.3157 -3.1175
1770386332.0022 0.584 0.010 0.3180 -3.1172
1770386332.0068 0.584 0.010 0.3203 -3.1168
1770386332.0115 0.585 0.010 0.3215 -3.1167
1770386332.0172 0.585 0.011 0.3238 -3.1164
1770386332.0216 0.586 0.011 0.3250 -3.1163
1770386332.0272 0.586 0.011 0.3273 -3.1161
1770386332.0317 0.587 0.011 0.3296 -3.1159
1770386332.0373 0.587 0.011 0.3331 -3.1158
1770386332.0418 0.587 0.011 0.3354 -3.1157
1770386332.0465 0.588 0.012 0.3400 -3.1154
1770386332.0521 0.588 0.012 0.3423 -3.1154
1770386332.0568 0.589 0.012 0.3469 -3.1154
1770386332.0622 0.589 0.012 0.3493 -3.1155
1770386332.0666 0.589 0.012 0.3539 -3.1154
1770386332.0724 0.590 0.012 0.3562 -3.1152
1770386332.0768 0.590 0.012 0.3585 -3.1152
1770386332.0814 0.591 0.013 0.3608 -3.1152
1770386332.0869 0.591 0.013 0.3631 -3.1149
1770386332.0914 0.592 0.013 0.3643 -3.1148
1770386332.0970 0.592 0.013 0.3666 -3.1146
1770386332.1014 0.593 0.013 0.3678 -3.1144
1770386332.1071 0.593 0.014 0.3701 -3.1142
1770386332.1116 0.594 0.014 0.3712 -3.1141
1770386332.1172 0.595 0.014 0.3735 -3.1137
1770386332.1216 0.595 0.014 0.3747 -3.1132
1770386332.1270 0.595 0.014 0.3782 -3.1129
1770386332.1315 0.596 0.014 0.3816 -3.1127
1770386332.1363 0.596 0.015 0.3851 -3.1125
1770386332.1421 0.596 0.015 0.3886 -3.1125
1770386332.1467 0.597 0.015 0.3921 -3.1124
1770386332.1514 0.597 0.015 0.3944 -3.1125
1770386332.1568 0.597 0.015 0.3990 -3.1126
1770386332.1613 0.598 0.015 0.4013 -3.1128
1770386332.1668 0.598 0.016 0.4059 -3.1129
1770386332.1714 0.598 0.016 0.4082 -3.1129
1770386332.1770 0.599 0.016 0.4129 -3.1127
1770386332.1813 0.599 0.016 0.4140 -3.1126
1770386332.1869 0.600 0.016 0.4187 -3.1124
1770386332.1914 0.600 0.016 0.4198 -3.1124
1770386332.1968 0.601 0.017 0.4221 -3.1123
1770386332.2014 0.601 0.017 0.4233 -3.1122
1770386332.2070 0.602 0.017 0.4256 -3.1119
1770386332.2115 0.602 0.017 0.4256 -3.1115
1770386332.2170 0.603 0.018 0.4279 -3.1111
1770386332.2213 0.603 0.018 0.4291 -3.1109
1770386332.2271 0.604 0.018 0.4314 -3.1105
1770386332.2314 0.604 0.018 0.4337 -3.1101
1770386332.2372 0.605 0.018 0.4360 -3.1099
1770386332.2415 0.605 0.019 0.4383 -3.1098
1770386332.2469 0.605 0.019 0.4429 -3.1099
1770386332.2515 0.606 0.019 0.4452 -3.1099
1770386332.2570 0.606 0.019 0.4499 -3.1101
1770386332.2615 0.606 0.019 0.4522 -3.1102
1770386332.2670 0.607 0.019 0.4557 -3.1104
1770386332.2716 0.607 0.020 0.4591 -3.1106
1770386332.2771 0.608 0.020 0.4638 -3.1107
1770386332.2815 0.608 0.020 0.4672 -3.1108
1770386332.2872 0.608 0.020 0.4695 -3.1110
1770386332.2916 0.609 0.020 0.4730 -3.1111
1770386332.2972 0.609 0.021 0.4742 -3.1109
1770386332.3016 0.610 0.021 0.4776 -3.1107
1770386332.3072 0.610 0.021 0.4788 -3.1106
1770386332.3117 0.611 0.022 0.4811 -3.1104
1770386332.3172 0.611 0.022 0.4811 -3.1102
1770386332.3217 0.612 0.022 0.4834 -3.1098
1770386332.3271 0.612 0.022 0.4857 -3.1096
1770386332.3316 0.613 0.023 0.4869 -3.1091
1770386332.3374 0.613 0.023 0.4892 -3.1091
1770386332.3417 0.614 0.023 0.4915 -3.1089
1770386332.3475 0.614 0.023 0.4950 -3.1087
1770386332.3521 0.614 0.023 0.4984 -3.1083
1770386332.3567 0.615 0.024 0.5008 -3.1083
1770386332.3623 0.615 0.024 0.5054 -3.1086
1770386332.3666 0.615 0.024 0.5077 -3.1088
1770386332.3723 0.616 0.024 0.5123 -3.1089
1770386332.3768 0.616 0.024 0.5146 -3.1089
1770386332.3822 0.616 0.025 0.5181 -3.1087
1770386332.3867 0.617 0.025 0.5204 -3.1087
1770386332.3924 0.617 0.025 0.5227 -3.1088
1770386332.3967 0.618 0.025 0.5239 -3.1089
1770386332.4024 0.618 0.026 0.5274 -3.1089
1770386332.4069 0.619 0.026 0.5274 -3.1088
1770386332.4124 0.619 0.026 0.5308 -3.1086
1770386332.4169 0.620 0.026 0.5320 -3.1084
1770386332.4223 0.620 0.027 0.5355 -3.1081
1770386332.4278 0.621 0.027 0.5366 -3.1079
1770386332.4323 0.621 0.027 0.5378 -3.1077
1770386332.4379 0.622 0.027 0.5412 -3.1075
1770386332.4424 0.622 0.028 0.5436 -3.1071
1770386332.4480 0.622 0.028 0.5470 -3.1071
1770386332.4524 0.623 0.028 0.5505 -3.1069
1770386332.4580 0.623 0.028 0.5528 -3.1069
1770386332.4623 0.623 0.029 0.5574 -3.1070
1770386332.4679 0.624 0.029 0.5597 -3.1071
1770386332.4724 0.624 0.029 0.5644 -3.1071
1770386332.4780 0.624 0.029 0.5667 -3.1072
1770386332.4823 0.625 0.029 0.5690 -3.1075
1770386332.4879 0.625 0.030 0.5725 -3.1076
1770386332.4923 0.625 0.030 0.5748 -3.1076
1770386332.4978 0.626 0.030 0.5759 -3.1074
1770386332.5025 0.626 0.031 0.5794 -3.1072
1770386332.5080 0.627 0.031 0.5806 -3.1071
1770386332.5126 0.627 0.031 0.5829 -3.1068
1770386332.5180 0.628 0.031 0.5840 -3.1067
1770386332.5224 0.628 0.032 0.5875 -3.1063
1770386332.5280 0.629 0.032 0.5887 -3.1061
1770386332.5323 0.629 0.032 0.5898 -3.1059
1770386332.5374 0.630 0.033 0.5921 -3.1056
1770386332.5430 0.630 0.033 0.5956 -3.1053
1770386332.5477 0.630 0.033 0.5979 -3.1054
1770386332.5524 0.631 0.033 0.6025 -3.1052
1770386332.5579 0.631 0.033 0.6048 -3.1051
1770386332.5629 0.631 0.034 0.6083 -3.1051
1770386332.5678 0.631 0.034 0.6118 -3.1051
1770386332.5724 0.632 0.034 0.6153 -3.1055
1770386332.5780 0.632 0.034 0.6164 -3.1056
1770386332.5824 0.633 0.035 0.6210 -3.1056
1770386332.5871 0.633 0.035 0.6233 -3.1056
1770386332.5925 0.633 0.035 0.6268 -3.1056
1770386332.5971 0.634 0.035 0.6280 -3.1055
1770386332.6028 0.634 0.036 0.6303 -3.1056
1770386332.6074 0.635 0.036 0.6314 -3.1055
1770386332.6130 0.635 0.037 0.6338 -3.1054
1770386332.6177 0.636 0.037 0.6349 -3.1054
1770386332.6222 0.636 0.037 0.6372 -3.1052
1770386332.6278 0.636 0.038 0.6384 -3.1051
1770386332.6326 0.637 0.038 0.6419 -3.1047
1770386332.6373 0.637 0.038 0.6430 -3.1049
1770386332.6428 0.638 0.038 0.6465 -3.1049
1770386332.6476 0.638 0.039 0.6499 -3.1049
1770386332.6530 0.638 0.039 0.6534 -3.1051
1770386332.6578 0.639 0.039 0.6569 -3.1055
1770386332.6622 0.639 0.039 0.6604 -3.1060
1770386332.6671 0.639 0.040 0.6638 -3.1061
1770386332.6727 0.640 0.040 0.6673 -3.1061
1770386332.6771 0.640 0.040 0.6708 -3.1062
1770386332.6827 0.640 0.040 0.6742 -3.1065
1770386332.6874 0.640 0.041 0.6777 -3.1066
1770386332.6929 0.641 0.041 0.6800 -3.1068
1770386332.6975 0.641 0.041 0.6823 -3.1068
1770386332.7030 0.642 0.042 0.6858 -3.1067
1770386332.7078 0.642 0.042 0.6870 -3.1066
1770386332.7123 0.642 0.042 0.6893 -3.1067
1770386332.7180 0.643 0.043 0.6904 -3.1066
1770386332.7224 0.643 0.043 0.6916 -3.1065
1770386332.7280 0.644 0.043 0.6927 -3.1063
1770386332.7325 0.644 0.044 0.6962 -3.1060
1770386332.7370 0.645 0.044 0.6962 -3.1057
1770386332.7426 0.645 0.045 0.6997 -3.1056
1770386332.7473 0.645 0.045 0.7020 -3.1056
1770386332.7531 0.646 0.045 0.7055 -3.1056
1770386332.7575 0.646 0.045 0.7089 -3.1055
1770386332.7621 0.646 0.045 0.7124 -3.1055
1770386332.7681 0.646 0.046 0.7147 -3.1057
1770386332.7724 0.647 0.046 0.7193 -3.1059
1770386332.7781 0.647 0.046 0.7216 -3.1059
1770386332.7825 0.647 0.047 0.7240 -3.1059
1770386332.7873 0.648 0.047 0.7274 -3.1058
1770386332.7928 0.648 0.047 0.7309 -3.1057
1770386332.7973 0.648 0.047 0.7332 -3.1059
1770386332.8021 0.649 0.048 0.7378 -3.1061
1770386332.8077 0.649 0.048 0.7390 -3.1061
1770386332.8122 0.649 0.048 0.7425 -3.1061
1770386332.8177 0.650 0.049 0.7436 -3.1059
1770386332.8231 0.650 0.049 0.7459 -3.1056
1770386332.8277 0.651 0.049 0.7471 -3.1053
1770386332.8321 0.651 0.050 0.7482 -3.1052
1770386332.8378 0.651 0.050 0.7506 -3.1051
1770386332.8422 0.652 0.051 0.7517 -3.1048
1770386332.8479 0.652 0.051 0.7540 -3.1046
1770386332.8522 0.653 0.051 0.7563 -3.1043
1770386332.8579 0.653 0.052 0.7575 -3.1041
1770386332.8624 0.653 0.052 0.7621 -3.1042
1770386332.8680 0.654 0.052 0.7644 -3.1042
1770386332.8725 0.654 0.053 0.7691 -3.1044
1770386332.8779 0.654 0.053 0.7714 -3.1045
1770386332.8823 0.655 0.053 0.7760 -3.1047
1770386332.8880 0.655 0.053 0.7783 -3.1047
1770386332.8923 0.655 0.054 0.7806 -3.1048
1770386332.8981 0.655 0.054 0.7841 -3.1048
1770386332.9024 0.656 0.054 0.7864 -3.1047
1770386332.9081 0.656 0.055 0.7876 -3.1047
1770386332.9125 0.657 0.055 0.7899 -3.1048
1770386332.9180 0.657 0.055 0.7910 -3.1049
1770386332.9225 0.657 0.056 0.7933 -3.1050
1770386332.9280 0.658 0.056 0.7957 -3.1049
1770386332.9325 0.658 0.057 0.7980 -3.1048
1770386332.9371 0.658 0.057 0.7991 -3.1046
1770386332.9425 0.659 0.058 0.8026 -3.1043
1770386332.9474 0.659 0.058 0.8049 -3.1043
1770386332.9531 0.660 0.058 0.8084 -3.1043
1770386332.9577 0.660 0.059 0.8119 -3.1042
1770386332.9624 0.660 0.059 0.8142 -3.1041
1770386332.9683 0.660 0.059 0.8188 -3.1043
1770386332.9737 0.661 0.059 0.8211 -3.1043
1770386332.9783 0.661 0.060 0.8257 -3.1045
1770386332.9829 0.661 0.060 0.8292 -3.1047
1770386332.9884 0.661 0.060 0.8327 -3.1046
1770386332.9930 0.662 0.061 0.8338 -3.1045
1770386332.9986 0.662 0.061 0.8384 -3.1043
1770386333.0032 0.662 0.061 0.8408 -3.1042
1770386333.0078 0.663 0.062 0.8431 -3.1041
1770386333.0133 0.663 0.062 0.8454 -3.1040
1770386333.0180 0.664 0.063 0.8477 -3.1039
1770386333.0235 0.664 0.063 0.8477 -3.1036
1770386333.0280 0.664 0.063 0.8500 -3.1034
1770386333.0335 0.665 0.064 0.8523 -3.1032
1770386333.0380 0.665 0.064 0.8535 -3.1032
1770386333.0435 0.665 0.065 0.8558 -3.1033
1770386333.0481 0.666 0.065 0.8581 -3.1031
1770386333.0536 0.666 0.065 0.8616 -3.1028
1770386333.0581 0.666 0.066 0.8650 -3.1026
1770386333.0637 0.666 0.066 0.8685 -3.1027
1770386333.0682 0.667 0.066 0.8720 -3.1028
1770386333.0736 0.667 0.067 0.8755 -3.1029
1770386333.0782 0.667 0.067 0.8789 -3.1030
1770386333.0836 0.667 0.067 0.8812 -3.1030
1770386333.0882 0.668 0.068 0.8847 -3.1030
1770386333.0936 0.668 0.068 0.8882 -3.1030
1770386333.0981 0.668 0.068 0.8916 -3.1033
1770386333.1038 0.669 0.069 0.8940 -3.1034
1770386333.1082 0.669 0.069 0.8963 -3.1035
1770386333.1138 0.669 0.069 0.8974 -3.1034
1770386333.1182 0.670 0.070 0.8997 -3.1033
1770386333.1236 0.670 0.070 0.8997 -3.1032
1770386333.1283 0.671 0.071 0.9021 -3.1032
1770386333.1336 0.671 0.071 0.9032 -3.1031
1770386333.1383 0.671 0.072 0.9055 -3.1029
1770386333.1429 0.671 0.072 0.9078 -3.1027
1770386333.1487 0.672 0.073 0.9102 -3.1024
1770386333.1531 0.672 0.073 0.9136 -3.1024
1770386333.1586 0.672 0.073 0.9171 -3.1023
1770386333.1632 0.672 0.073 0.9194 -3.1022
1770386333.1688 0.673 0.074 0.9240 -3.1023
1770386333.1732 0.673 0.074 0.9263 -3.1024
1770386333.1787 0.673 0.075 0.9310 -3.1025
1770386333.1831 0.673 0.075 0.9333 -3.1026
1770386333.1887 0.674 0.075 0.9379 -3.1026
1770386333.1931 0.674 0.075 0.9402 -3.1027
1770386333.1988 0.674 0.076 0.9437 -3.1027
1770386333.2032 0.674 0.076 0.9472 -3.1027
1770386333.2079 0.675 0.076 0.9495 -3.1028
1770386333.2133 0.675 0.077 0.9529 -3.1029
1770386333.2188 0.675 0.077 0.9553 -3.1028
1770386333.2233 0.675 0.078 0.9564 -3.1026
1770386333.2278 0.676 0.078 0.9587 -3.1024
1770386333.2334 0.676 0.079 0.9599 -3.1022
1770386333.2378 0.677 0.079 0.9610 -3.1021
1770386333.2432 0.677 0.079 0.9633 -3.1019
1770386333.2478 0.677 0.080 0.9645 -3.1019
1770386333.2532 0.677 0.080 0.9657 -3.1018
1770386333.2578 0.678 0.081 0.9691 -3.1016
1770386333.2634 0.678 0.081 0.9703 -3.1016
1770386333.2679 0.678 0.082 0.9749 -3.1017
1770386333.2734 0.678 0.082 0.9772 -3.1018
1770386333.2788 0.679 0.082 0.9807 -3.1022
1770386333.2834 0.679 0.083 0.9842 -3.1025
1770386333.2879 0.679 0.083 0.9876 -3.1027
1770386333.2935 0.679 0.083 0.9911 -3.1029
1770386333.2979 0.680 0.084 0.9946 -3.1031
1770386333.3034 0.680 0.084 0.9969 -3.1033
1770386333.3079 0.680 0.084 1.0015 -3.1035
1770386333.3134 0.680 0.084 1.0038 -3.1035
1770386333.3180 0.681 0.085 1.0073 -3.1037
1770386333.3234 0.681 0.085 1.0085 -3.1037
1770386333.3281 0.681 0.086 1.0119 -3.1037
1770386333.3334 0.681 0.086 1.0131 -3.1037
1770386333.3380 0.682 0.087 1.0142 -3.1035
1770386333.3437 0.682 0.087 1.0165 -3.1032
1770386333.3481 0.682 0.088 1.0177 -3.1029
1770386333.3538 0.683 0.088 1.0200 -3.1027
1770386333.3582 0.683 0.089 1.0212 -3.1023
1770386333.3639 0.683 0.089 1.0223 -3.1022
1770386333.3685 0.683 0.090 1.0258 -3.1017
1770386333.3739 0.684 0.090 1.0281 -3.1017
1770386333.3785 0.684 0.090 1.0316 -3.1016
1770386333.3829 0.684 0.091 1.0339 -3.1017
1770386333.3886 0.684 0.091 1.0385 -3.1022
1770386333.3931 0.684 0.091 1.0408 -3.1023
1770386333.3986 0.685 0.092 1.0455 -3.1026
1770386333.4032 0.685 0.092 1.0478 -3.1026
1770386333.4087 0.685 0.093 1.0512 -3.1026
1770386333.4133 0.685 0.093 1.0536 -3.1027
1770386333.4189 0.686 0.093 1.0570 -3.1027
1770386333.4233 0.686 0.094 1.0582 -3.1027
1770386333.4279 0.686 0.094 1.0605 -3.1026
1770386333.4334 0.686 0.095 1.0617 -3.1024
1770386333.4380 0.687 0.095 1.0640 -3.1022
1770386333.4435 0.687 0.096 1.0663 -3.1021
1770386333.4483 0.687 0.096 1.0686 -3.1023
1770386333.4537 0.687 0.097 1.0697 -3.1023
1770386333.4583 0.688 0.097 1.0721 -3.1022
1770386333.4629 0.688 0.098 1.0744 -3.1019
1770386333.4683 0.688 0.098 1.0778 -3.1017
1770386333.4730 0.688 0.098 1.0813 -3.1019
1770386333.4785 0.688 0.099 1.0848 -3.1019
1770386333.4829 0.689 0.099 1.0871 -3.1020
1770386333.4887 0.689 0.099 1.0917 -3.1021
1770386333.4931 0.689 0.100 1.0940 -3.1023
1770386333.4989 0.689 0.100 1.0987 -3.1026
1770386333.5033 0.689 0.100 1.1010 -3.1026
1770386333.5080 0.690 0.101 1.1044 -3.1026
1770386333.5135 0.690 0.101 1.1068 -3.1026
1770386333.5179 0.690 0.102 1.1102 -3.1027
1770386333.5236 0.690 0.102 1.1114 -3.1027
1770386333.5282 0.690 0.103 1.1137 -3.1026
1770386333.5338 0.691 0.103 1.1149 -3.1027
1770386333.5384 0.691 0.104 1.1172 -3.1024
1770386333.5429 0.691 0.104 1.1183 -3.1021
1770386333.5488 0.691 0.105 1.1206 -3.1017
1770386333.5531 0.692 0.105 1.1229 -3.1015
1770386333.5588 0.692 0.106 1.1241 -3.1015
1770386333.5633 0.692 0.106 1.1264 -3.1014
1770386333.5689 0.692 0.106 1.1299 -3.1011
1770386333.5732 0.692 0.107 1.1334 -3.1010
1770386333.5787 0.693 0.107 1.1368 -3.1008
1770386333.5832 0.693 0.107 1.1391 -3.1007
1770386333.5887 0.693 0.108 1.1438 -3.1009
1770386333.5933 0.693 0.108 1.1461 -3.1011
1770386333.5988 0.693 0.109 1.1507 -3.1017
1770386333.6032 0.693 0.109 1.1542 -3.1019
1770386333.6088 0.694 0.109 1.1565 -3.1019
1770386333.6132 0.694 0.110 1.1600 -3.1021
1770386333.6188 0.694 0.110 1.1611 -3.1022
1770386333.6233 0.694 0.111 1.1646 -3.1024
1770386333.6288 0.694 0.111 1.1657 -3.1025
1770386333.6332 0.695 0.112 1.1681 -3.1025
1770386333.6387 0.695 0.112 1.1692 -3.1023
1770386333.6432 0.695 0.113 1.1715 -3.1020
1770386333.6488 0.695 0.113 1.1727 -3.1018
1770386333.6532 0.696 0.114 1.1738 -3.1013
1770386333.6588 0.696 0.114 1.1773 -3.1009
1770386333.6632 0.696 0.115 1.1796 -3.1006
1770386333.6688 0.696 0.115 1.1831 -3.1005
1770386333.6732 0.696 0.116 1.1866 -3.1004
1770386333.6787 0.696 0.116 1.1889 -3.1006
1770386333.6831 0.697 0.116 1.1935 -3.1011
1770386333.6889 0.697 0.117 1.1958 -3.1014
1770386333.6932 0.697 0.117 1.2004 -3.1018
1770386333.6987 0.697 0.117 1.2027 -3.1019
1770386333.7032 0.697 0.118 1.2062 -3.1021
1770386333.7086 0.697 0.118 1.2085 -3.1023
1770386333.7132 0.697 0.119 1.2132 -3.1027
1770386333.7186 0.698 0.119 1.2143 -3.1028
1770386333.7231 0.698 0.119 1.2178 -3.1028
1770386333.7288 0.698 0.120 1.2201 -3.1028
1770386333.7331 0.698 0.120 1.2224 -3.1027
1770386333.7389 0.698 0.121 1.2247 -3.1027
1770386333.7434 0.699 0.122 1.2247 -3.1026
1770386333.7481 0.699 0.122 1.2270 -3.1025
1770386333.7536 0.699 0.123 1.2282 -3.1024
1770386333.7581 0.699 0.123 1.2305 -3.1023
1770386333.7637 0.699 0.124 1.2328 -3.1016
1770386333.7692 0.699 0.124 1.2340 -3.1013
1770386333.7737 0.700 0.125 1.2386 -3.1013
1770386333.7792 0.700 0.125 1.2409 -3.1014
1770386333.7836 0.700 0.125 1.2455 -3.1015
1770386333.7893 0.700 0.126 1.2479 -3.1017
1770386333.7937 0.700 0.126 1.2525 -3.1020
1770386333.7994 0.700 0.126 1.2548 -3.1023
1770386333.8037 0.700 0.127 1.2583 -3.1026
1770386333.8094 0.700 0.127 1.2617 -3.1028
1770386333.8137 0.701 0.128 1.2640 -3.1031
1770386333.8192 0.701 0.128 1.2664 -3.1033
1770386333.8238 0.701 0.128 1.2710 -3.1035
1770386333.8293 0.701 0.129 1.2721 -3.1037
1770386333.8338 0.701 0.129 1.2745 -3.1039
1770386333.8394 0.701 0.130 1.2779 -3.1037
1770386333.8437 0.701 0.130 1.2791 -3.1035
1770386333.8494 0.702 0.131 1.2802 -3.1034
1770386333.8538 0.702 0.132 1.2814 -3.1033
1770386333.8594 0.702 0.132 1.2826 -3.1032
1770386333.8639 0.702 0.133 1.2849 -3.1028
1770386333.8694 0.702 0.133 1.2860 -3.1025
1770386333.8738 0.702 0.134 1.2895 -3.1021
1770386333.8793 0.703 0.134 1.2918 -3.1020
1770386333.8838 0.703 0.134 1.2953 -3.1020
1770386333.8894 0.703 0.135 1.2987 -3.1019
1770386333.8939 0.703 0.135 1.3022 -3.1020
1770386333.8995 0.703 0.136 1.3045 -3.1022
1770386333.9038 0.703 0.136 1.3092 -3.1027
1770386333.9094 0.703 0.136 1.3115 -3.1029
1770386333.9139 0.703 0.137 1.3149 -3.1032
1770386333.9195 0.703 0.137 1.3172 -3.1032
1770386333.9239 0.704 0.138 1.3219 -3.1033
1770386333.9285 0.704 0.138 1.3230 -3.1034
1770386333.9339 0.704 0.139 1.3253 -3.1036
1770386333.9395 0.704 0.139 1.3277 -3.1036
1770386333.9441 0.704 0.140 1.3288 -3.1037
1770386333.9486 0.704 0.140 1.3311 -3.1036
1770386333.9544 0.704 0.141 1.3323 -3.1033
1770386333.9588 0.704 0.141 1.3334 -3.1032
1770386333.9642 0.705 0.142 1.3369 -3.1032
1770386333.9688 0.705 0.142 1.3381 -3.1030
1770386333.9741 0.705 0.143 1.3415 -3.1029
1770386333.9787 0.705 0.143 1.3438 -3.1028
1770386333.9842 0.705 0.144 1.3485 -3.1027
1770386333.9889 0.705 0.144 1.3508 -3.1026
1770386333.9943 0.705 0.145 1.3554 -3.1030
1770386333.9988 0.705 0.145 1.3566 -3.1033
1770386334.0043 0.705 0.145 1.3612 -3.1038
1770386334.0088 0.705 0.146 1.3635 -3.1039
1770386334.0143 0.706 0.146 1.3681 -3.1039
1770386334.0189 0.706 0.146 1.3704 -3.1039
1770386334.0243 0.706 0.147 1.3739 -3.1040
1770386334.0288 0.706 0.147 1.3762 -3.1042
1770386334.0342 0.706 0.148 1.3785 -3.1043
1770386334.0389 0.706 0.148 1.3809 -3.1041
1770386334.0442 0.706 0.149 1.3820 -3.1038
1770386334.0490 0.706 0.149 1.3832 -3.1036
1770386334.0544 0.706 0.150 1.3843 -3.1036
1770386334.0589 0.706 0.151 1.3866 -3.1036
1770386334.0645 0.706 0.151 1.3890 -3.1037
1770386334.0689 0.707 0.152 1.3901 -3.1035
1770386334.0745 0.707 0.152 1.3936 -3.1029
1770386334.0789 0.707 0.153 1.3959 -3.1027
1770386334.0842 0.707 0.153 1.3982 -3.1031
1770386334.0890 0.707 0.153 1.4005 -3.1030
1770386334.0944 0.707 0.154 1.4051 -3.1030
1770386334.0990 0.707 0.154 1.4075 -3.1031
1770386334.1045 0.707 0.154 1.4109 -3.1036
1770386334.1090 0.707 0.155 1.4144 -3.1039
1770386334.1145 0.707 0.155 1.4179 -3.1041
1770386334.1190 0.707 0.156 1.4202 -3.1040
1770386334.1245 0.707 0.156 1.4236 -3.1038
1770386334.1289 0.707 0.157 1.4248 -3.1037
1770386334.1344 0.707 0.157 1.4294 -3.1037
1770386334.1390 0.708 0.158 1.4294 -3.1036
1770386334.1445 0.708 0.158 1.4329 -3.1035
1770386334.1491 0.708 0.159 1.4329 -3.1034
1770386334.1536 0.708 0.160 1.4352 -3.1032
1770386334.1593 0.708 0.160 1.4364 -3.1031
1770386334.1636 0.708 0.161 1.4387 -3.1024
1770386334.1693 0.708 0.161 1.4410 -3.1021
1770386334.1736 0.708 0.162 1.4456 -3.1019
1770386334.1791 0.708 0.162 1.4468 -3.1020
1770386334.1837 0.708 0.162 1.4502 -3.1021
1770386334.1892 0.708 0.163 1.4537 -3.1022
1770386334.1937 0.708 0.163 1.4560 -3.1025
1770386334.1993 0.708 0.164 1.4595 -3.1027
1770386334.2046 0.708 0.164 1.4630 -3.1030
1770386334.2092 0.708 0.164 1.4664 -3.1032
1770386334.2146 0.708 0.165 1.4711 -3.1033
1770386334.2193 0.708 0.165 1.4734 -3.1033
1770386334.2237 0.709 0.166 1.4768 -3.1032
1770386334.2292 0.709 0.166 1.4803 -3.1031
1770386334.2336 0.709 0.167 1.4826 -3.1031
1770386334.2391 0.709 0.167 1.4849 -3.1030
1770386334.2436 0.709 0.168 1.4873 -3.1029
1770386334.2492 0.709 0.168 1.4896 -3.1029
1770386334.2537 0.709 0.169 1.4907 -3.1028
1770386334.2592 0.709 0.169 1.4930 -3.1025
1770386334.2647 0.709 0.170 1.4942 -3.1024
1770386334.2692 0.709 0.170 1.4954 -3.1022
1770386334.2746 0.709 0.171 1.4977 -3.1021
1770386334.2792 0.709 0.172 1.5000 -3.1018
1770386334.2847 0.709 0.172 1.5034 -3.1015
1770386334.2893 0.709 0.172 1.5058 -3.1016
1770386334.2946 0.709 0.173 1.5104 -3.1016
1770386334.2991 0.709 0.173 1.5127 -3.1018
1770386334.3036 0.709 0.174 1.5162 -3.1023
1770386334.3091 0.709 0.174 1.5196 -3.1026
1770386334.3137 0.709 0.174 1.5231 -3.1029
1770386334.3192 0.709 0.175 1.5266 -3.1030
1770386334.3246 0.709 0.175 1.5289 -3.1033
1770386334.3292 0.709 0.176 1.5324 -3.1035
1770386334.3337 0.709 0.176 1.5358 -3.1038
1770386334.3395 0.709 0.177 1.5381 -3.1041
1770386334.3440 0.709 0.177 1.5405 -3.1043
1770386334.3490 0.709 0.178 1.5439 -3.1040
1770386334.3544 0.709 0.178 1.5451 -3.1038
1770386334.3589 0.709 0.179 1.5451 -3.1036
1770386334.3645 0.709 0.180 1.5474 -3.1035
1770386334.3689 0.709 0.180 1.5486 -3.1035
1770386334.3744 0.709 0.181 1.5520 -3.1032
1770386334.3789 0.709 0.181 1.5520 -3.1029
1770386334.3844 0.709 0.182 1.5566 -3.1022
1770386334.3890 0.709 0.182 1.5578 -3.1019
1770386334.3944 0.709 0.183 1.5613 -3.1017
1770386334.3991 0.709 0.183 1.5659 -3.1015
1770386334.4045 0.709 0.183 1.5682 -3.1016
1770386334.4090 0.709 0.184 1.5717 -3.1019
1770386334.4145 0.709 0.184 1.5752 -3.1021
1770386334.4190 0.709 0.185 1.5786 -3.1022
1770386334.4246 0.709 0.185 1.5809 -3.1023
1770386334.4289 0.709 0.185 1.5844 -3.1027
1770386334.4346 0.709 0.186 1.5867 -3.1030
1770386334.4401 0.709 0.186 1.5902 -3.1035
1770386334.4447 0.709 0.187 1.5913 -3.1036
1770386334.4503 0.709 0.187 1.5948 -3.1036
1770386334.4546 0.709 0.188 1.5960 -3.1035
1770386334.4602 0.709 0.189 1.5971 -3.1031
1770386334.4647 0.709 0.189 1.5971 -3.1030
1770386334.4702 0.709 0.189 1.5960 -3.1031
1770386334.4746 0.709 0.189 1.5948 -3.1033
1770386334.4800 0.709 0.189 1.5960 -3.1031
1770386334.4847 0.709 0.189 1.5971 -3.1029
1770386334.4901 0.709 0.190 1.6006 -3.1030
1770386334.4947 0.709 0.190 1.6029 -3.1036
1770386334.5002 0.709 0.190 1.6052 -3.1054
1770386334.5047 0.709 0.190 1.6064 -3.1066
1770386334.5101 0.709 0.191 1.6087 -3.1069
1770386334.5147 0.709 0.191 1.6087 -3.1067
1770386334.5203 0.709 0.191 1.6098 -3.1066
1770386334.5247 0.709 0.191 1.6098 -3.1065
1770386334.5303 0.709 0.191 1.6098 -3.1075
1770386334.5346 0.709 0.191 1.6098 -3.1089
1770386334.5401 0.709 0.191 1.6110 -3.1110
1770386334.5449 0.709 0.191 1.6110 -3.1126
1770386334.5494 0.709 0.191 1.6110 -3.1143
1770386334.5551 0.709 0.191 1.6110 -3.1149
1770386334.5595 0.709 0.191 1.6098 -3.1152
1770386334.5651 0.709 0.191 1.6098 -3.1153
1770386334.5695 0.709 0.191 1.6087 -3.1156
1770386334.5749 0.709 0.191 1.6087 -3.1159
1770386334.5795 0.709 0.191 1.6075 -3.1164
1770386334.5851 0.709 0.191 1.6075 -3.1164
1770386334.5895 0.709 0.191 1.6075 -3.1161
1770386334.5950 0.709 0.191 1.6075 -3.1158
1770386334.5995 0.709 0.191 1.6075 -3.1155
1770386334.6050 0.709 0.191 1.6075 -3.1156
1770386334.6095 0.709 0.191 1.6075 -3.1156
1770386334.6152 0.709 0.191 1.6075 -3.1155
1770386334.6196 0.709 0.191 1.6075 -3.1151
1770386334.6252 0.709 0.191 1.6075 -3.1150
1770386334.6295 0.709 0.191 1.6075 -3.1147
1770386334.6350 0.709 0.191 1.6075 -3.1147
1770386334.6396 0.709 0.191 1.6075 -3.1148
1770386334.6450 0.709 0.191 1.6075 -3.1148
1770386334.6497 0.709 0.191 1.6075 -3.1145
1770386334.6551 0.709 0.191 1.6075 -3.1141
1770386334.6595 0.709 0.191 1.6075 -3.1135
1770386334.6652 0.709 0.191 1.6075 -3.1130
1770386334.6695 0.709 0.191 1.6075 -3.1126
1770386334.6751 0.709 0.191 1.6075 -3.1123
1770386334.6796 0.709 0.191 1.6075 -3.1118
1770386334.6853 0.709 0.191 1.6075 -3.1116
1770386334.6896 0.709 0.191 1.6075 -3.1114
1770386334.6951 0.709 0.191 1.6075 -3.1113
1770386334.6997 0.709 0.191 1.6075 -3.1112
1770386334.7051 0.709 0.191 1.6075 -3.1113
1770386334.7097 0.709 0.191 1.6075 -3.1113
1770386334.7153 0.709 0.191 1.6075 -3.1115
1770386334.7196 0.709 0.191 1.6075 -3.1116
1770386334.7252 0.709 0.191 1.6075 -3.1117
1770386334.7296 0.709 0.191 1.6075 -3.1119
1770386334.7353 0.709 0.191 1.6075 -3.1120
1770386334.7397 0.709 0.191 1.6075 -3.1121
1770386334.7447 0.709 0.191 1.6075 -3.1122
1770386334.7501 0.709 0.191 1.6075 -3.1124
1770386334.7546 0.709 0.191 1.6075 -3.1124
1770386334.7603 0.709 0.191 1.6075 -3.1122
1770386334.7647 0.709 0.191 1.6075 -3.1120
1770386334.7703 0.709 0.191 1.6075 -3.1118
1770386334.7747 0.709 0.191 1.6075 -3.1118
1770386334.7802 0.709 0.191 1.6075 -3.1117
1770386334.7849 0.709 0.191 1.6075 -3.1117
1770386334.7902 0.709 0.191 1.6075 -3.1116
1770386334.7948 0.709 0.191 1.6075 -3.1116
1770386334.8003 0.709 0.191 1.6075 -3.1117
1770386334.8048 0.709 0.191 1.6075 -3.1118
1770386334.8103 0.709 0.191 1.6075 -3.1120
1770386334.8148 0.709 0.191 1.6075 -3.1120
1770386334.8204 0.709 0.191 1.6075 -3.1120
1770386334.8248 0.709 0.191 1.6075 -3.1120
1770386334.8303 0.709 0.191 1.6075 -3.1120
1770386334.8348 0.709 0.191 1.6075 -3.1120
1770386334.8402 0.709 0.191 1.6075 -3.1121
1770386334.8448 0.709 0.191 1.6075 -3.1120
1770386334.8503 0.709 0.191 1.6075 -3.1121
1770386334.8549 0.709 0.191 1.6075 -3.1122
1770386334.8604 0.709 0.191 1.6075 -3.1122
1770386334.8649 0.709 0.191 1.6075 -3.1123
1770386334.8703 0.709 0.191 1.6075 -3.1124
1770386334.8748 0.709 0.191 1.6075 -3.1125
1770386334.8804 0.709 0.191 1.6075 -3.1127
1770386334.8849 0.709 0.191 1.6075 -3.1128
1770386334.8904 0.709 0.191 1.6075 -3.1130
1770386334.8948 0.709 0.191 1.6075 -3.1130
1770386334.9003 0.709 0.191 1.6075 -3.1130
1770386334.9049 0.709 0.191 1.6075 -3.1129
1770386334.9104 0.709 0.191 1.6075 -3.1129
1770386334.9150 0.709 0.191 1.6075 -3.1128
1770386334.9204 0.709 0.191 1.6075 -3.1127
1770386334.9249 0.709 0.191 1.6075 -3.1126
1770386334.9303 0.709 0.191 1.6075 -3.1124
1770386334.9348 0.709 0.191 1.6075 -3.1123
1770386334.9404 0.709 0.191 1.6075 -3.1122
1770386334.9452 0.709 0.191 1.6075 -3.1122
1770386334.9497 0.709 0.191 1.6075 -3.1122
1770386334.9552 0.709 0.191 1.6075 -3.1123
1770386334.9598 0.709 0.191 1.6075 -3.1123
1770386334.9652 0.709 0.191 1.6075 -3.1124
1770386334.9696 0.709 0.191 1.6075 -3.1125
1770386334.9752 0.709 0.191 1.6075 -3.1127
1770386334.9797 0.709 0.191 1.6075 -3.1127
1770386334.9854 0.709 0.191 1.6075 -3.1128
1770386334.9897 0.709 0.191 1.6075 -3.1127
1770386334.9952 0.709 0.191 1.6075 -3.1126
1770386334.9999 0.709 0.191 1.6075 -3.1126
1770386335.0053 0.709 0.191 1.6075 -3.1125
1770386335.0099 0.709 0.191 1.6075 -3.1125
1770386335.0154 0.709 0.191 1.6075 -3.1123
1770386335.0199 0.709 0.191 1.6075 -3.1122
1770386335.0254 0.709 0.191 1.6075 -3.1121
1770386335.0297 0.709 0.191 1.6075 -3.1120
1770386335.0355 0.709 0.191 1.6075 -3.1120
1770386335.0398 0.709 0.191 1.6075 -3.1120
1770386335.0456 0.709 0.191 1.6075 -3.1120
1770386335.0500 0.709 0.191 1.6075 -3.1120
1770386335.0554 0.709 0.191 1.6075 -3.1121
1770386335.0600 0.709 0.191 1.6075 -3.1122
1770386335.0655 0.709 0.191 1.6075 -3.1122
1770386335.0699 0.709 0.191 1.6075 -3.1122
1770386335.0755 0.709 0.191 1.6075 -3.1122
1770386335.0800 0.709 0.191 1.6075 -3.1121
1770386335.0855 0.709 0.191 1.6075 -3.1121
1770386335.0899 0.709 0.191 1.6075 -3.1120
1770386335.0954 0.709 0.191 1.6075 -3.1120
1770386335.0999 0.709 0.191 1.6075 -3.1119
1770386335.1055 0.709 0.191 1.6075 -3.1119
1770386335.1100 0.709 0.191 1.6075 -3.1118
1770386335.1155 0.709 0.191 1.6075 -3.1118
1770386335.1210 0.709 0.191 1.6075 -3.1118
1770386335.1254 0.709 0.191 1.6075 -3.1118
1770386335.1310 0.709 0.191 1.6075 -3.1118
1770386335.1354 0.709 0.191 1.6075 -3.1119
1770386335.1410 0.709 0.191 1.6075 -3.1119
1770386335.1456 0.709 0.191 1.6075 -3.1119
1770386335.1501 0.709 0.191 1.6075 -3.1119
1770386335.1558 0.709 0.191 1.6075 -3.1119
1770386335.1602 0.709 0.191 1.6075 -3.1118
1770386335.1658 0.709 0.191 1.6075 -3.1118
1770386335.1702 0.709 0.191 1.6075 -3.1117
1770386335.1757 0.709 0.191 1.6075 -3.1116
1770386335.1802 0.709 0.191 1.6075 -3.1116
1770386335.1858 0.709 0.191 1.6075 -3.1116
1770386335.1902 0.709 0.191 1.6075 -3.1116
1770386335.1957 0.709 0.191 1.6075 -3.1116
1770386335.2003 0.709 0.191 1.6075 -3.1116
1770386335.2057 0.709 0.191 1.6075 -3.1117
1770386335.2103 0.709 0.191 1.6075 -3.1118
1770386335.2158 0.709 0.191 1.6075 -3.1118
1770386335.2202 0.709 0.191 1.6075 -3.1119
1770386335.2259 0.709 0.191 1.6075 -3.1119
1770386335.2302 0.709 0.191 1.6075 -3.1119
1770386335.2357 0.709 0.191 1.6075 -3.1119
1770386335.2404 0.709 0.191 1.6075 -3.1119
1770386335.2458 0.709 0.191 1.6075 -3.1118
1770386335.2504 0.709 0.191 1.6075 -3.1118
1770386335.2558 0.709 0.191 1.6075 -3.1117
1770386335.2604 0.709 0.191 1.6075 -3.1117
1770386335.2658 0.709 0.191 1.6075 -3.1117
1770386335.2701 0.709 0.191 1.6075 -3.1117
1770386335.2759 0.709 0.191 1.6075 -3.1117
1770386335.2803 0.709 0.191 1.6075 -3.1117
1770386335.2859 0.709 0.191 1.6075 -3.1117
1770386335.2903 0.709 0.191 1.6075 -3.1118
1770386335.2957 0.709 0.191 1.6075 -3.1118
1770386335.3002 0.709 0.191 1.6075 -3.1119
1770386335.3058 0.709 0.191 1.6075 -3.1119
1770386335.3104 0.709 0.191 1.6075 -3.1119
1770386335.3159 0.709 0.191 1.6075 -3.1119
1770386335.3204 0.709 0.191 1.6075 -3.1119
1770386335.3258 0.709 0.191 1.6075 -3.1119
1770386335.3302 0.709 0.191 1.6075 -3.1119
1770386335.3359 0.709 0.191 1.6075 -3.1118
1770386335.3404 0.709 0.191 1.6075 -3.1118
1770386335.3453 0.709 0.191 1.6075 -3.1118
1770386335.3507 0.709 0.191 1.6075 -3.1117
1770386335.3552 0.709 0.191 1.6075 -3.1117
1770386335.3609 0.709 0.191 1.6075 -3.1117
1770386335.3653 0.709 0.191 1.6075 -3.1118
1770386335.3709 0.709 0.191 1.6075 -3.1118
1770386335.3754 0.709 0.191 1.6075 -3.1118
1770386335.3809 0.709 0.191 1.6075 -3.1118
1770386335.3854 0.709 0.191 1.6075 -3.1118
1770386335.3908 0.709 0.191 1.6075 -3.1119
1770386335.3954 0.709 0.191 1.6075 -3.1119
1770386335.4009 0.709 0.191 1.6075 -3.1119
1770386335.4055 0.709 0.191 1.6075 -3.1118
1770386335.4110 0.709 0.191 1.6075 -3.1118
1770386335.4154 0.709 0.191 1.6075 -3.1118
1770386335.4209 0.709 0.191 1.6075 -3.1117
1770386335.4254 0.709 0.191 1.6075 -3.1117
1770386335.4309 0.709 0.191 1.6075 -3.1117
1770386335.4354 0.709 0.191 1.6075 -3.1116
1770386335.4411 0.709 0.191 1.6075 -3.1116
1770386335.4454 0.709 0.191 1.6075 -3.1116
1770386335.4509 0.709 0.191 1.6075 -3.1116
1770386335.4555 0.709 0.191 1.6075 -3.1116
1770386335.4609 0.709 0.191 1.6075 -3.1117
1770386335.4655 0.709 0.191 1.6075 -3.1117
1770386335.4709 0.709 0.191 1.6075 -3.1117
1770386335.4754 0.709 0.191 1.6075 -3.1117
1770386335.4810 0.709 0.191 1.6075 -3.1117
1770386335.4855 0.709 0.191 1.6075 -3.1116
1770386335.4910 0.709 0.191 1.6075 -3.1116
1770386335.4954 0.709 0.191 1.6075 -3.1115
1770386335.5011 0.709 0.191 1.6075 -3.1115
1770386335.5056 0.709 0.191 1.6075 -3.1115
1770386335.5110 0.709 0.191 1.6075 -3.1115
1770386335.5156 0.709 0.191 1.6075 -3.1115
1770386335.5211 0.709 0.191 1.6075 -3.1115
1770386335.5256 0.709 0.191 1.6075 -3.1115
1770386335.5310 0.709 0.191 1.6075 -3.1115
1770386335.5354 0.709 0.191 1.6075 -3.1115
1770386335.5401 0.709 0.191 1.6075 -3.1115
1770386335.5458 0.709 0.191 1.6075 -3.1115
1770386335.5506 0.709 0.191 1.6075 -3.1115
1770386335.5551 0.709 0.191 1.6075 -3.1115
1770386335.5609 0.709 0.191 1.6075 -3.1115
1770386335.5653 0.709 0.191 1.6075 -3.1115
1770386335.5709 0.709 0.191 1.6075 -3.1115
1770386335.5754 0.709 0.191 1.6075 -3.1115
1770386335.5809 0.709 0.191 1.6075 -3.1115
1770386335.5855 0.709 0.191 1.6075 -3.1114
1770386335.5909 0.709 0.191 1.6075 -3.1114
1770386335.5954 0.709 0.191 1.6075 -3.1114
1770386335.6011 0.709 0.191 1.6075 -3.1114
1770386335.6056 0.709 0.191 1.6075 -3.1114
1770386335.6103 0.709 0.191 1.6075 -3.1114
1770386335.6157 0.709 0.191 1.6075 -3.1114
1770386335.6203 0.709 0.191 1.6075 -3.1114
1770386335.6258 0.709 0.191 1.6075 -3.1115
1770386335.6301 0.709 0.191 1.6075 -3.1115
1770386335.6360 0.709 0.191 1.6075 -3.1114
1770386335.6404 0.709 0.191 1.6075 -3.1114
1770386335.6460 0.709 0.191 1.6075 -3.1114
1770386335.6505 0.709 0.191 1.6075 -3.1114
1770386335.6560 0.709 0.191 1.6075 -3.1114
1770386335.6607 0.709 0.191 1.6075 -3.1114
1770386335.6652 0.709 0.191 1.6075 -3.1113
1770386335.6709 0.709 0.191 1.6075 -3.1113
1770386335.6761 0.709 0.191 1.6075 -3.1113
1770386335.6806 0.709 0.191 1.6075 -3.1113
1770386335.6861 0.709 0.191 1.6075 -3.1113
1770386335.6905 0.709 0.191 1.6075 -3.1113
1770386335.6960 0.709 0.191 1.6075 -3.1114
1770386335.7005 0.709 0.191 1.6075 -3.1114
1770386335.7052 0.709 0.191 1.6075 -3.1114
1770386335.7106 0.709 0.191 1.6075 -3.1114
1770386335.7161 0.709 0.191 1.6075 -3.1114
1770386335.7206 0.709 0.191 1.6075 -3.1114
1770386335.7261 0.709 0.191 1.6075 -3.1113
1770386335.7306 0.709 0.191 1.6075 -3.1113
1770386335.7353 0.709 0.191 1.6075 -3.1113
1770386335.7403 0.709 0.191 1.6075 -3.1113
1770386335.7460 0.709 0.191 1.6075 -3.1113
1770386335.7510 0.709 0.191 1.6075 -3.1113
1770386335.7557 0.709 0.191 1.6075 -3.1113
1770386335.7612 0.709 0.191 1.6075 -3.1113
1770386335.7657 0.709 0.191 1.6075 -3.1113
1770386335.7701 0.709 0.191 1.6075 -3.1113
1770386335.7756 0.709 0.191 1.6075 -3.1113
1770386335.7811 0.709 0.191 1.6075 -3.1113
1770386335.7856 0.709 0.191 1.6075 -3.1113
1770386335.7911 0.709 0.191 1.6075 -3.1113
1770386335.7955 0.709 0.191 1.6075 -3.1113
1770386335.8012 0.709 0.191 1.6075 -3.1113
1770386335.8056 0.709 0.191 1.6075 -3.1112
1770386335.8110 0.709 0.191 1.6075 -3.1112
1770386335.8156 0.709 0.191 1.6075 -3.1112
1770386335.8210 0.709 0.191 1.6075 -3.1112
1770386335.8255 0.709 0.191 1.6075 -3.1112
1770386335.8309 0.709 0.191 1.6075 -3.1112
1770386335.8355 0.709 0.191 1.6075 -3.1112
1770386335.8410 0.709 0.191 1.6075 -3.1112
1770386335.8454 0.709 0.191 1.6075 -3.1112
1770386335.8510 0.709 0.191 1.6075 -3.1112
1770386335.8553 0.709 0.191 1.6075 -3.1112
1770386335.8610 0.709 0.191 1.6075 -3.1112
1770386335.8654 0.709 0.191 1.6075 -3.1112
1770386335.8709 0.709 0.191 1.6075 -3.1111
1770386335.8755 0.709 0.191 1.6075 -3.1111
1770386335.8809 0.709 0.191 1.6075 -3.1111
1770386335.8855 0.709 0.191 1.6075 -3.1111
1770386335.8909 0.709 0.191 1.6075 -3.1111
1770386335.8953 0.709 0.191 1.6075 -3.1111
1770386335.9010 0.709 0.191 1.6075 -3.1111
1770386335.9054 0.709 0.191 1.6075 -3.1111
1770386335.9110 0.709 0.191 1.6075 -3.1111
1770386335.9154 0.709 0.191 1.6075 -3.1111
1770386335.9210 0.709 0.191 1.6075 -3.1111
1770386335.9254 0.709 0.191 1.6075 -3.1111
1770386335.9308 0.709 0.191 1.6075 -3.1111
1770386335.9355 0.709 0.191 1.6075 -3.1111
1770386335.9429 0.709 0.191 1.6075 -3.1111
1770386335.9455 0.709 0.191 1.6075 -3.1111
1770386335.9512 0.709 0.191 1.6075 -3.1111
1770386335.9557 0.709 0.191 1.6075 -3.1111
1770386335.9604 0.709 0.191 1.6075 -3.1111
1770386335.9661 0.709 0.191 1.6075 -3.1111
1770386335.9708 0.709 0.191 1.6075 -3.1111
1770386335.9764 0.709 0.191 1.6075 -3.1111
1770386335.9809 0.709 0.191 1.6075 -3.1110
1770386335.9856 0.709 0.191 1.6075 -3.1110
1770386335.9910 0.709 0.191 1.6075 -3.1110
1770386335.9956 0.709 0.191 1.6075 -3.1110
1770386336.0013 0.709 0.191 1.6075 -3.1110
1770386336.0058 0.709 0.191 1.6075 -3.1110
1770386336.0105 0.709 0.191 1.6075 -3.1110
1770386336.0161 0.709 0.191 1.6075 -3.1110
1770386336.0207 0.709 0.191 1.6075 -3.1110
1770386336.0254 0.709 0.191 1.6075 -3.1110
1770386336.0310 0.709 0.191 1.6075 -3.1110
1770386336.0358 0.709 0.191 1.6075 -3.1110
1770386336.0403 0.709 0.191 1.6075 -3.1110
1770386336.0459 0.709 0.191 1.6075 -3.1110
1770386336.0514 0.709 0.191 1.6075 -3.1110
1770386336.0561 0.709 0.191 1.6075 -3.1110
1770386336.0615 0.709 0.191 1.6075 -3.1110
1770386336.0666 0.709 0.191 1.6075 -3.1110
1770386336.0709 0.709 0.191 1.6075 -3.1111
1770386336.0767 0.709 0.191 1.6075 -3.1110
1770386336.0811 0.709 0.191 1.6075 -3.1110
1770386336.0866 0.709 0.191 1.6075 -3.1110
1770386336.0912 0.709 0.191 1.6075 -3.1110
1770386336.0968 0.709 0.191 1.6075 -3.1110
1770386336.1015 0.709 0.191 1.6075 -3.1111
1770386336.1059 0.709 0.191 1.6075 -3.1111
1770386336.1114 0.709 0.191 1.6075 -3.1111
1770386336.1160 0.709 0.191 1.6075 -3.1111
1770386336.1215 0.709 0.191 1.6075 -3.1111
1770386336.1260 0.709 0.191 1.6075 -3.1111
1770386336.1322 0.709 0.191 1.6075 -3.1111
1770386336.1367 0.709 0.191 1.6075 -3.1111
1770386336.1410 0.709 0.191 1.6075 -3.1111
1770386336.1467 0.709 0.191 1.6075 -3.1111
1770386336.1512 0.709 0.191 1.6075 -3.1111
1770386336.1568 0.709 0.191 1.6075 -3.1111
1770386336.1614 0.709 0.191 1.6075 -3.1111
1770386336.1659 0.709 0.191 1.6075 -3.1111
1770386336.1713 0.709 0.191 1.6075 -3.1111
1770386336.1759 0.709 0.191 1.6075 -3.1110
1770386336.1812 0.709 0.191 1.6075 -3.1111
1770386336.1858 0.709 0.191 1.6075 -3.1111
1770386336.1912 0.709 0.191 1.6075 -3.1111
1770386336.1969 0.709 0.191 1.6075 -3.1111
1770386336.2014 0.709 0.191 1.6075 -3.1111
1770386336.2068 0.709 0.191 1.6075 -3.1111
1770386336.2113 0.709 0.191 1.6075 -3.1111
1770386336.2168 0.709 0.191 1.6075 -3.1111
1770386336.2213 0.709 0.191 1.6075 -3.1111
1770386336.2268 0.709 0.191 1.6075 -3.1110
1770386336.2312 0.709 0.191 1.6075 -3.1110
1770386336.2358 0.709 0.191 1.6075 -3.1110
1770386336.2412 0.709 0.191 1.6075 -3.1110
1770386336.2468 0.709 0.191 1.6075 -3.1110
1770386336.2512 0.709 0.191 1.6075 -3.1110
1770386336.2569 0.709 0.191 1.6075 -3.1110
1770386336.2612 0.709 0.191 1.6075 -3.1110
1770386336.2668 0.709 0.191 1.6075 -3.1110
1770386336.2712 0.709 0.191 1.6075 -3.1110
1770386336.2767 0.709 0.191 1.6075 -3.1110
1770386336.2812 0.709 0.191 1.6075 -3.1110
1770386336.2867 0.709 0.191 1.6075 -3.1110
1770386336.2911 0.709 0.191 1.6075 -3.1110
1770386336.2968 0.709 0.191 1.6075 -3.1110
1770386336.3012 0.709 0.191 1.6075 -3.1110
1770386336.3068 0.709 0.191 1.6075 -3.1109
1770386336.3112 0.709 0.191 1.6075 -3.1109
1770386336.3169 0.709 0.191 1.6075 -3.1109
1770386336.3212 0.709 0.191 1.6075 -3.1109
1770386336.3267 0.709 0.191 1.6075 -3.1109
1770386336.3318 0.709 0.191 1.6075 -3.1109
1770386336.3366 0.709 0.191 1.6075 -3.1109
1770386336.3411 0.709 0.191 1.6075 -3.1109
1770386336.3467 0.709 0.191 1.6075 -3.1109
1770386336.3511 0.709 0.191 1.6075 -3.1109
1770386336.3568 0.709 0.191 1.6075 -3.1109
1770386336.3613 0.709 0.191 1.6075 -3.1109
1770386336.3659 0.709 0.191 1.6075 -3.1109
1770386336.3714 0.709 0.191 1.6075 -3.1109
1770386336.3760 0.709 0.191 1.6075 -3.1109
1770386336.3813 0.709 0.191 1.6075 -3.1109
1770386336.3859 0.709 0.191 1.6075 -3.1109
1770386336.3914 0.709 0.191 1.6075 -3.1109
1770386336.3959 0.709 0.191 1.6075 -3.1109
1770386336.4016 0.709 0.191 1.6075 -3.1109
1770386336.4059 0.709 0.191 1.6075 -3.1109
1770386336.4114 0.709 0.191 1.6075 -3.1109
1770386336.4160 0.709 0.191 1.6075 -3.1109
1770386336.4213 0.709 0.191 1.6075 -3.1109
1770386336.4259 0.709 0.191 1.6075 -3.1108
1770386336.4314 0.709 0.191 1.6075 -3.1108
1770386336.4360 0.709 0.191 1.6075 -3.1108
1770386336.4414 0.709 0.191 1.6075 -3.1108
1770386336.4469 0.709 0.191 1.6075 -3.1108
1770386336.4514 0.709 0.191 1.6075 -3.1108
1770386336.4559 0.709 0.191 1.6075 -3.1108
1770386336.4615 0.709 0.191 1.6075 -3.1108
1770386336.4660 0.709 0.191 1.6075 -3.1108
1770386336.4713 0.709 0.191 1.6075 -3.1108
1770386336.4759 0.709 0.191 1.6075 -3.1108
1770386336.4814 0.709 0.191 1.6075 -3.1108
1770386336.4859 0.709 0.191 1.6075 -3.1108
1770386336.4914 0.709 0.191 1.6075 -3.1108
1770386336.4961 0.709 0.191 1.6075 -3.1108
1770386336.5015 0.709 0.191 1.6075 -3.1108
1770386336.5059 0.709 0.191 1.6075 -3.1108
1770386336.5115 0.709 0.191 1.6075 -3.1108
1770386336.5160 0.709 0.191 1.6075 -3.1108
1770386336.5215 0.709 0.191 1.6075 -3.1108
1770386336.5259 0.709 0.191 1.6075 -3.1108
1770386336.5318 0.709 0.191 1.6075 -3.1108
1770386336.5368 0.709 0.191 1.6075 -3.1108
1770386336.5412 0.709 0.191 1.6075 -3.1107
1770386336.5460 0.709 0.191 1.6075 -3.1107
1770386336.5516 0.709 0.191 1.6075 -3.1108
1770386336.5563 0.709 0.191 1.6075 -3.1108
1770386336.5618 0.709 0.191 1.6075 -3.1108
1770386336.5662 0.709 0.191 1.6075 -3.1108
1770386336.5718 0.709 0.191 1.6075 -3.1108
1770386336.5762 0.709 0.191 1.6075 -3.1108
1770386336.5817 0.709 0.191 1.6075 -3.1108
1770386336.5862 0.709 0.191 1.6075 -3.1108
1770386336.5915 0.709 0.191 1.6075 -3.1108
1770386336.5962 0.709 0.191 1.6075 -3.1108
1770386336.6017 0.709 0.191 1.6075 -3.1107
1770386336.6062 0.709 0.191 1.6075 -3.1107
1770386336.6118 0.709 0.191 1.6075 -3.1107
1770386336.6164 0.709 0.191 1.6075 -3.1107
1770386336.6218 0.709 0.191 1.6075 -3.1107
1770386336.6263 0.709 0.191 1.6075 -3.1107
1770386336.6318 0.709 0.191 1.6075 -3.1107
1770386336.6363 0.709 0.191 1.6075 -3.1107
1770386336.6419 0.709 0.191 1.6075 -3.1107
1770386336.6462 0.709 0.191 1.6075 -3.1107
1770386336.6517 0.709 0.191 1.6075 -3.1107
1770386336.6563 0.709 0.191 1.6075 -3.1107
1770386336.6619 0.709 0.191 1.6075 -3.1107
1770386336.6664 0.709 0.191 1.6075 -3.1107
1770386336.6718 0.709 0.191 1.6075 -3.1107
1770386336.6764 0.709 0.191 1.6075 -3.1107
1770386336.6818 0.709 0.191 1.6075 -3.1106
1770386336.6862 0.709 0.191 1.6075 -3.1106
1770386336.6919 0.709 0.191 1.6075 -3.1106
1770386336.6964 0.709 0.191 1.6075 -3.1106
1770386336.7019 0.709 0.191 1.6075 -3.1106
1770386336.7064 0.709 0.191 1.6075 -3.1106
1770386336.7118 0.709 0.191 1.6075 -3.1106
1770386336.7164 0.709 0.191 1.6075 -3.1106
1770386336.7218 0.709 0.191 1.6075 -3.1106
1770386336.7264 0.709 0.191 1.6075 -3.1106
1770386336.7321 0.709 0.191 1.6075 -3.1106
1770386336.7359 0.709 0.191 1.6075 -3.1106
1770386336.7413 0.709 0.191 1.6075 -3.1106
1770386336.7469 0.709 0.191 1.6075 -3.1106
1770386336.7515 0.709 0.191 1.6075 -3.1106
1770386336.7559 0.709 0.191 1.6075 -3.1106
1770386336.7617 0.709 0.191 1.6075 -3.1106
1770386336.7671 0.709 0.191 1.6075 -3.1106
1770386336.7715 0.709 0.191 1.6075 -3.1106
1770386336.7772 0.709 0.191 1.6075 -3.1106
1770386336.7815 0.709 0.191 1.6075 -3.1106
1770386336.7862 0.709 0.191 1.6075 -3.1106
1770386336.7916 0.709 0.191 1.6075 -3.1106
1770386336.7962 0.709 0.191 1.6075 -3.1106
1770386336.8017 0.709 0.191 1.6075 -3.1106
1770386336.8071 0.709 0.191 1.6075 -3.1106
1770386336.8117 0.709 0.191 1.6075 -3.1106
1770386336.8162 0.709 0.191 1.6075 -3.1106
1770386336.8217 0.709 0.191 1.6075 -3.1106
1770386336.8262 0.709 0.191 1.6075 -3.1106
1770386336.8315 0.709 0.191 1.6075 -3.1106
1770386336.8362 0.709 0.191 1.6075 -3.1106
1770386336.8417 0.709 0.191 1.6075 -3.1106
1770386336.8472 0.709 0.191 1.6075 -3.1106
1770386336.8516 0.709 0.191 1.6075 -3.1106
1770386336.8563 0.709 0.191 1.6075 -3.1106
1770386336.8617 0.709 0.191 1.6075 -3.1106
1770386336.8661 0.709 0.191 1.6075 -3.1106
1770386336.8717 0.709 0.191 1.6075 -3.1106
1770386336.8772 0.709 0.191 1.6075 -3.1106
1770386336.8816 0.709 0.191 1.6075 -3.1106
1770386336.8871 0.709 0.191 1.6075 -3.1106
1770386336.8916 0.709 0.191 1.6075 -3.1106
1770386336.8962 0.709 0.191 1.6075 -3.1106
1770386336.9016 0.709 0.191 1.6075 -3.1106
1770386336.9062 0.709 0.191 1.6075 -3.1106
1770386336.9117 0.709 0.191 1.6075 -3.1106
1770386336.9163 0.709 0.191 1.6075 -3.1106
1770386336.9217 0.709 0.191 1.6075 -3.1106
1770386336.9261 0.709 0.191 1.6075 -3.1106
1770386336.9320 0.709 0.191 1.6075 -3.1105
1770386336.9366 0.709 0.191 1.6075 -3.1105
1770386336.9422 0.709 0.191 1.6075 -3.1105
1770386336.9466 0.709 0.191 1.6075 -3.1106
1770386336.9522 0.709 0.191 1.6075 -3.1106
1770386336.9569 0.709 0.191 1.6075 -3.1106
1770386336.9614 0.709 0.191 1.6075 -3.1106
1770386336.9669 0.709 0.191 1.6075 -3.1105
1770386336.9713 0.709 0.191 1.6075 -3.1105
1770386336.9769 0.709 0.191 1.6075 -3.1105
1770386336.9812 0.709 0.191 1.6075 -3.1105
1770386336.9867 0.709 0.191 1.6075 -3.1105
1770386336.9924 0.709 0.191 1.6075 -3.1105
1770386336.9968 0.709 0.191 1.6075 -3.1105
1770386337.0024 0.709 0.191 1.6075 -3.1105
1770386337.0068 0.709 0.191 1.6075 -3.1105
1770386337.0124 0.709 0.191 1.6075 -3.1105
1770386337.0169 0.709 0.191 1.6075 -3.1105
1770386337.0224 0.709 0.191 1.6075 -3.1105
1770386337.0269 0.709 0.191 1.6075 -3.1105
1770386337.0323 0.709 0.191 1.6075 -3.1105
1770386337.0369 0.709 0.191 1.6075 -3.1105
1770386337.0423 0.709 0.191 1.6075 -3.1105
1770386337.0468 0.709 0.191 1.6075 -3.1105
1770386337.0524 0.709 0.191 1.6075 -3.1105
1770386337.0570 0.709 0.191 1.6075 -3.1105
1770386337.0626 0.709 0.191 1.6075 -3.1105
1770386337.0670 0.709 0.191 1.6075 -3.1105
1770386337.0725 0.709 0.191 1.6075 -3.1105
1770386337.0769 0.709 0.191 1.6075 -3.1105
1770386337.0823 0.709 0.191 1.6075 -3.1105
1770386337.0869 0.709 0.191 1.6075 -3.1105
1770386337.0924 0.709 0.191 1.6075 -3.1105
1770386337.0970 0.709 0.191 1.6075 -3.1105
1770386337.1024 0.709 0.191 1.6075 -3.1105
1770386337.1069 0.709 0.191 1.6075 -3.1105
1770386337.1126 0.709 0.191 1.6075 -3.1105
1770386337.1170 0.709 0.191 1.6075 -3.1105
1770386337.1226 0.709 0.191 1.6075 -3.1105
1770386337.1270 0.709 0.191 1.6075 -3.1105
1770386337.1318 0.709 0.191 1.6075 -3.1105
1770386337.1376 0.709 0.191 1.6075 -3.1105
1770386337.1419 0.709 0.191 1.6075 -3.1105
1770386337.1466 0.709 0.191 1.6075 -3.1105
1770386337.1521 0.709 0.191 1.6075 -3.1105
1770386337.1567 0.709 0.191 1.6075 -3.1105
1770386337.1622 0.709 0.191 1.6075 -3.1105
1770386337.1666 0.709 0.191 1.6075 -3.1105
1770386337.1722 0.709 0.191 1.6075 -3.1105
1770386337.1766 0.709 0.191 1.6075 -3.1105
1770386337.1821 0.709 0.191 1.6075 -3.1105
1770386337.1867 0.709 0.191 1.6075 -3.1105
1770386337.1923 0.709 0.191 1.6075 -3.1105
1770386337.1966 0.709 0.191 1.6075 -3.1105
1770386337.2021 0.709 0.191 1.6075 -3.1105
1770386337.2066 0.709 0.191 1.6075 -3.1105
1770386337.2122 0.709 0.191 1.6075 -3.1105
1770386337.2168 0.709 0.191 1.6075 -3.1105
1770386337.2222 0.709 0.191 1.6075 -3.1105
1770386337.2267 0.709 0.191 1.6075 -3.1105
1770386337.2322 0.709 0.191 1.6075 -3.1105
1770386337.2366 0.709 0.191 1.6075 -3.1105
1770386337.2422 0.709 0.191 1.6075 -3.1105
1770386337.2466 0.709 0.191 1.6075 -3.1105
1770386337.2522 0.709 0.191 1.6075 -3.1105
1770386337.2567 0.709 0.191 1.6075 -3.1105
1770386337.2621 0.709 0.191 1.6075 -3.1105
1770386337.2667 0.709 0.191 1.6075 -3.1105
1770386337.2721 0.709 0.191 1.6075 -3.1105
1770386337.2766 0.709 0.191 1.6075 -3.1105
1770386337.2821 0.709 0.191 1.6075 -3.1105
1770386337.2866 0.709 0.191 1.6075 -3.1105
1770386337.2921 0.709 0.191 1.6075 -3.1105
1770386337.2966 0.709 0.191 1.6075 -3.1105
1770386337.3022 0.709 0.191 1.6075 -3.1105
1770386337.3066 0.709 0.191 1.6075 -3.1105
1770386337.3123 0.709 0.191 1.6075 -3.1105
1770386337.3167 0.709 0.191 1.6075 -3.1105
1770386337.3222 0.709 0.191 1.6075 -3.1105
1770386337.3267 0.709 0.191 1.6075 -3.1105
1770386337.3326 0.709 0.191 1.6075 -3.1105
1770386337.3374 0.709 0.191 1.6075 -3.1105
1770386337.3418 0.709 0.191 1.6075 -3.1105
1770386337.3473 0.709 0.191 1.6075 -3.1105
1770386337.3520 0.709 0.191 1.6075 -3.1105
1770386337.3575 0.709 0.191 1.6075 -3.1105
1770386337.3621 0.709 0.191 1.6075 -3.1105
1770386337.3675 0.709 0.191 1.6075 -3.1105
1770386337.3721 0.709 0.191 1.6075 -3.1105
1770386337.3776 0.709 0.191 1.6075 -3.1105
1770386337.3819 0.709 0.191 1.6075 -3.1105
1770386337.3877 0.709 0.191 1.6075 -3.1105
1770386337.3920 0.709 0.191 1.6075 -3.1105
1770386337.3976 0.709 0.191 1.6075 -3.1105
1770386337.4021 0.709 0.191 1.6075 -3.1105
1770386337.4075 0.709 0.191 1.6075 -3.1105
1770386337.4121 0.709 0.191 1.6075 -3.1105
1770386337.4175 0.709 0.191 1.6075 -3.1105
1770386337.4221 0.709 0.191 1.6075 -3.1105
1770386337.4276 0.709 0.191 1.6075 -3.1105
1770386337.4321 0.709 0.191 1.6075 -3.1105
1770386337.4375 0.709 0.191 1.6075 -3.1105
1770386337.4419 0.709 0.191 1.6075 -3.1105
1770386337.4475 0.709 0.191 1.6075 -3.1105
1770386337.4520 0.709 0.191 1.6075 -3.1105
1770386337.4577 0.709 0.191 1.6075 -3.1105
1770386337.4620 0.709 0.191 1.6075 -3.1105
1770386337.4675 0.709 0.191 1.6075 -3.1105
1770386337.4720 0.709 0.191 1.6075 -3.1105
1770386337.4775 0.709 0.191 1.6075 -3.1105
1770386337.4820 0.709 0.191 1.6075 -3.1105
1770386337.4876 0.709 0.191 1.6075 -3.1106
1770386337.4921 0.709 0.191 1.6075 -3.1106
1770386337.4976 0.709 0.191 1.6075 -3.1106
1770386337.5020 0.709 0.191 1.6075 -3.1106
1770386337.5076 0.709 0.191 1.6075 -3.1106
1770386337.5121 0.709 0.191 1.6075 -3.1105
1770386337.5167 0.709 0.191 1.6075 -3.1105
1770386337.5221 0.709 0.191 1.6075 -3.1106
1770386337.5275 0.709 0.191 1.6075 -3.1106
1770386337.5326 0.709 0.191 1.6075 -3.1106
1770386337.5373 0.709 0.191 1.6075 -3.1106
1770386337.5417 0.709 0.191 1.6075 -3.1106
1770386337.5474 0.709 0.191 1.6075 -3.1106
1770386337.5521 0.709 0.191 1.6075 -3.1106
1770386337.5575 0.709 0.191 1.6075 -3.1106
1770386337.5620 0.709 0.191 1.6075 -3.1106
1770386337.5676 0.709 0.191 1.6075 -3.1106
1770386337.5719 0.709 0.191 1.6075 -3.1105
1770386337.5776 0.709 0.191 1.6075 -3.1105
1770386337.5819 0.709 0.191 1.6075 -3.1105
1770386337.5875 0.709 0.191 1.6075 -3.1105
1770386337.5921 0.709 0.191 1.6075 -3.1105
1770386337.5975 0.709 0.191 1.6075 -3.1105
1770386337.6021 0.709 0.191 1.6075 -3.1105
1770386337.6075 0.709 0.191 1.6075 -3.1105
1770386337.6121 0.709 0.191 1.6075 -3.1105
1770386337.6166 0.709 0.191 1.6075 -3.1105
1770386337.6220 0.709 0.191 1.6075 -3.1105
1770386337.6276 0.709 0.191 1.6075 -3.1105
1770386337.6320 0.709 0.191 1.6075 -3.1105
1770386337.6376 0.709 0.191 1.6075 -3.1105
1770386337.6420 0.709 0.191 1.6075 -3.1105
1770386337.6474 0.709 0.191 1.6075 -3.1105
1770386337.6520 0.709 0.191 1.6075 -3.1105
1770386337.6576 0.709 0.191 1.6075 -3.1105
1770386337.6620 0.709 0.191 1.6075 -3.1105
1770386337.6676 0.709 0.191 1.6075 -3.1105
1770386337.6721 0.709 0.191 1.6075 -3.1105
1770386337.6775 0.709 0.191 1.6075 -3.1105
1770386337.6819 0.709 0.191 1.6075 -3.1105
1770386337.6876 0.709 0.191 1.6075 -3.1105
1770386337.6920 0.709 0.191 1.6075 -3.1105
1770386337.6976 0.709 0.191 1.6075 -3.1105
1770386337.7019 0.709 0.191 1.6075 -3.1105
1770386337.7074 0.709 0.191 1.6075 -3.1105
1770386337.7120 0.709 0.191 1.6075 -3.1105
1770386337.7175 0.709 0.191 1.6075 -3.1105
1770386337.7220 0.709 0.191 1.6075 -3.1105
1770386337.7275 0.709 0.191 1.6075 -3.1105
1770386337.7320 0.709 0.191 1.6075 -3.1105
1770386337.7376 0.709 0.191 1.6075 -3.1105
1770386337.7421 0.709 0.191 1.6075 -3.1105
1770386337.7479 0.709 0.191 1.6075 -3.1105
1770386337.7524 0.709 0.191 1.6075 -3.1105
1770386337.7569 0.709 0.191 1.6075 -3.1105
1770386337.7623 0.709 0.191 1.6075 -3.1105
1770386337.7678 0.709 0.191 1.6075 -3.1105
1770386337.7723 0.709 0.191 1.6075 -3.1105
1770386337.7778 0.709 0.191 1.6075 -3.1105
1770386337.7823 0.709 0.191 1.6075 -3.1105
1770386337.7879 0.709 0.191 1.6075 -3.1105
1770386337.7924 0.709 0.191 1.6075 -3.1105
1770386337.7969 0.709 0.191 1.6075 -3.1105
1770386337.8023 0.709 0.191 1.6075 -3.1105
1770386337.8079 0.709 0.191 1.6075 -3.1105
1770386337.8123 0.709 0.191 1.6075 -3.1105
1770386337.8169 0.709 0.191 1.6075 -3.1105
1770386337.8223 0.709 0.191 1.6075 -3.1105
1770386337.8278 0.709 0.191 1.6075 -3.1105
1770386337.8323 0.709 0.191 1.6075 -3.1105
1770386337.8378 0.709 0.191 1.6075 -3.1105
1770386337.8423 0.709 0.191 1.6075 -3.1105
1770386337.8479 0.709 0.191 1.6075 -3.1105
1770386337.8524 0.709 0.191 1.6075 -3.1105
1770386337.8579 0.709 0.191 1.6075 -3.1105
1770386337.8623 0.709 0.191 1.6075 -3.1105
1770386337.8669 0.709 0.191 1.6075 -3.1105
1770386337.8723 0.709 0.191 1.6075 -3.1105
1770386337.8779 0.709 0.191 1.6075 -3.1105
1770386337.8824 0.709 0.191 1.6075 -3.1105
1770386337.8880 0.709 0.191 1.6075 -3.1105
1770386337.8925 0.709 0.191 1.6075 -3.1105
1770386337.8970 0.709 0.191 1.6075 -3.1106
1770386337.9026 0.709 0.191 1.6075 -3.1106
1770386337.9071 0.709 0.191 1.6075 -3.1106
1770386337.9127 0.709 0.191 1.6075 -3.1106
1770386337.9172 0.709 0.191 1.6075 -3.1106
1770386337.9226 0.709 0.191 1.6075 -3.1106
1770386337.9282 0.709 0.191 1.6075 -3.1106
1770386337.9326 0.709 0.191 1.6075 -3.1106
1770386337.9373 0.709 0.191 1.6075 -3.1106
1770386337.9427 0.709 0.191 1.6075 -3.1106
1770386337.9475 0.709 0.191 1.6075 -3.1106
1770386337.9531 0.709 0.191 1.6075 -3.1106
1770386337.9574 0.709 0.191 1.6075 -3.1106
1770386337.9631 0.709 0.191 1.6075 -3.1106
1770386337.9675 0.709 0.191 1.6075 -3.1106
1770386337.9730 0.709 0.191 1.6075 -3.1106
1770386337.9775 0.709 0.191 1.6075 -3.1106
1770386337.9829 0.709 0.191 1.6075 -3.1106
1770386337.9876 0.709 0.191 1.6075 -3.1106
1770386337.9930 0.709 0.191 1.6075 -3.1106
1770386337.9976 0.709 0.191 1.6075 -3.1106
1770386338.0030 0.709 0.191 1.6075 -3.1106
1770386338.0075 0.709 0.191 1.6075 -3.1106
1770386338.0132 0.709 0.191 1.6075 -3.1106
1770386338.0176 0.709 0.191 1.6075 -3.1106
1770386338.0231 0.709 0.191 1.6075 -3.1106
1770386338.0276 0.709 0.191 1.6075 -3.1106
1770386338.0331 0.709 0.191 1.6075 -3.1106
1770386338.0375 0.709 0.191 1.6075 -3.1106
1770386338.0430 0.709 0.191 1.6075 -3.1106
1770386338.0478 0.709 0.191 1.6075 -3.1106
1770386338.0531 0.709 0.191 1.6075 -3.1106
1770386338.0577 0.709 0.191 1.6075 -3.1106
1770386338.0632 0.709 0.191 1.6075 -3.1106
1770386338.0676 0.709 0.191 1.6075 -3.1106
1770386338.0732 0.709 0.191 1.6075 -3.1106
1770386338.0776 0.709 0.191 1.6075 -3.1106
1770386338.0832 0.709 0.191 1.6075 -3.1106
1770386338.0877 0.709 0.191 1.6075 -3.1106
1770386338.0932 0.709 0.191 1.6075 -3.1106
1770386338.0977 0.709 0.191 1.6075 -3.1106
1770386338.1031 0.709 0.191 1.6075 -3.1106
1770386338.1076 0.709 0.191 1.6075 -3.1106
1770386338.1132 0.709 0.191 1.6075 -3.1106
1770386338.1177 0.709 0.191 1.6075 -3.1106
1770386338.1231 0.709 0.191 1.6075 -3.1106
1770386338.1276 0.709 0.191 1.6075 -3.1106
1770386338.1324 0.709 0.191 1.6075 -3.1106
1770386338.1381 0.709 0.191 1.6075 -3.1106
1770386338.1429 0.709 0.191 1.6075 -3.1106
1770386338.1478 0.709 0.191 1.6075 -3.1106
1770386338.1526 0.709 0.191 1.6075 -3.1106
1770386338.1582 0.709 0.191 1.6075 -3.1106
1770386338.1628 0.709 0.191 1.6075 -3.1106
1770386338.1676 0.709 0.191 1.6075 -3.1106
1770386338.1729 0.709 0.191 1.6075 -3.1106
1770386338.1777 0.709 0.191 1.6075 -3.1106
1770386338.1830 0.709 0.191 1.6075 -3.1106
1770386338.1876 0.709 0.191 1.6075 -3.1105
1770386338.1933 0.709 0.191 1.6075 -3.1105
1770386338.1978 0.709 0.191 1.6075 -3.1106
1770386338.2024 0.709 0.191 1.6075 -3.1106
1770386338.2083 0.709 0.191 1.6075 -3.1106
1770386338.2132 0.709 0.191 1.6075 -3.1106
1770386338.2177 0.709 0.191 1.6075 -3.1106
1770386338.2230 0.709 0.191 1.6075 -3.1106
1770386338.2276 0.709 0.191 1.6075 -3.1106
1770386338.2331 0.709 0.191 1.6075 -3.1106
1770386338.2377 0.709 0.191 1.6075 -3.1106
1770386338.2433 0.709 0.191 1.6075 -3.1106
1770386338.2478 0.709 0.191 1.6075 -3.1106
1770386338.2533 0.709 0.191 1.6075 -3.1106
1770386338.2578 0.709 0.191 1.6075 -3.1106
1770386338.2633 0.709 0.191 1.6075 -3.1106
1770386338.2678 0.709 0.191 1.6075 -3.1105
1770386338.2733 0.709 0.191 1.6075 -3.1105
1770386338.2778 0.709 0.191 1.6075 -3.1105
1770386338.2832 0.709 0.191 1.6075 -3.1105
1770386338.2878 0.709 0.191 1.6075 -3.1105
1770386338.2932 0.709 0.191 1.6075 -3.1105
1770386338.2978 0.709 0.191 1.6075 -3.1105
1770386338.3032 0.709 0.191 1.6075 -3.1105
1770386338.3076 0.709 0.191 1.6075 -3.1105
1770386338.3133 0.709 0.191 1.6075 -3.1105
1770386338.3177 0.709 0.191 1.6075 -3.1105
1770386338.3232 0.709 0.191 1.6075 -3.1105
1770386338.3277 0.709 0.191 1.6075 -3.1105
1770386338.3326 0.709 0.191 1.6075 -3.1105
1770386338.3382 0.709 0.191 1.6075 -3.1105
1770386338.3427 0.709 0.191 1.6075 -3.1105
1770386338.3475 0.709 0.191 1.6075 -3.1105
1770386338.3529 0.709 0.191 1.6075 -3.1105
1770386338.3575 0.709 0.191 1.6075 -3.1105
1770386338.3631 0.709 0.191 1.6075 -3.1105
1770386338.3676 0.709 0.191 1.6075 -3.1105
1770386338.3731 0.709 0.191 1.6075 -3.1105
1770386338.3777 0.709 0.191 1.6075 -3.1105
1770386338.3832 0.709 0.191 1.6075 -3.1105
1770386338.3878 0.709 0.191 1.6075 -3.1105
1770386338.3934 0.709 0.191 1.6075 -3.1105
1770386338.3979 0.709 0.191 1.6075 -3.1105
1770386338.4034 0.709 0.191 1.6075 -3.1105
1770386338.4081 0.709 0.191 1.6075 -3.1105
1770386338.4135 0.709 0.191 1.6075 -3.1105
1770386338.4181 0.709 0.191 1.6075 -3.1105
1770386338.4234 0.709 0.191 1.6075 -3.1105
1770386338.4279 0.709 0.191 1.6075 -3.1105
1770386338.4334 0.709 0.191 1.6075 -3.1105
1770386338.4379 0.709 0.191 1.6075 -3.1105
1770386338.4426 0.709 0.191 1.6075 -3.1105
1770386338.4481 0.709 0.191 1.6075 -3.1105
1770386338.4526 0.709 0.191 1.6075 -3.1106
1770386338.4580 0.709 0.191 1.6075 -3.1106
1770386338.4635 0.709 0.191 1.6075 -3.1106
1770386338.4680 0.709 0.191 1.6075 -3.1106
1770386338.4734 0.709 0.191 1.6075 -3.1106
1770386338.4780 0.709 0.191 1.6075 -3.1106
1770386338.4835 0.709 0.191 1.6075 -3.1106
1770386338.4879 0.709 0.191 1.6075 -3.1105
1770386338.4934 0.709 0.191 1.6075 -3.1106
1770386338.4980 0.709 0.191 1.6075 -3.1106
1770386338.5035 0.709 0.191 1.6075 -3.1105
1770386338.5080 0.709 0.191 1.6075 -3.1106
1770386338.5126 0.709 0.191 1.6075 -3.1106
1770386338.5180 0.709 0.191 1.6075 -3.1105
1770386338.5234 0.709 0.191 1.6075 -3.1106
1770386338.5280 0.709 0.191 1.6075 -3.1106
1770386338.5334 0.709 0.191 1.6075 -3.1106
1770386338.5381 0.709 0.191 1.6075 -3.1106
1770386338.5436 0.709 0.191 1.6075 -3.1106
1770386338.5483 0.709 0.191 1.6075 -3.1106
1770386338.5529 0.709 0.191 1.6075 -3.1106
1770386338.5583 0.709 0.191 1.6075 -3.1106
1770386338.5628 0.709 0.191 1.6075 -3.1106
1770386338.5683 0.709 0.191 1.6075 -3.1105
1770386338.5729 0.709 0.191 1.6075 -3.1105
1770386338.5783 0.709 0.191 1.6075 -3.1105
1770386338.5837 0.709 0.191 1.6075 -3.1105
1770386338.5883 0.709 0.191 1.6075 -3.1105
1770386338.5927 0.709 0.191 1.6075 -3.1105
1770386338.5983 0.709 0.191 1.6075 -3.1105
1770386338.6037 0.709 0.191 1.6075 -3.1105
1770386338.6084 0.709 0.191 1.6075 -3.1105
1770386338.6138 0.709 0.191 1.6075 -3.1105
1770386338.6183 0.709 0.191 1.6075 -3.1105
1770386338.6238 0.709 0.191 1.6075 -3.1105
1770386338.6282 0.709 0.191 1.6075 -3.1105
1770386338.6338 0.709 0.191 1.6075 -3.1105
1770386338.6382 0.709 0.191 1.6075 -3.1105
1770386338.6437 0.709 0.191 1.6075 -3.1105
1770386338.6484 0.709 0.191 1.6075 -3.1105
1770386338.6538 0.709 0.191 1.6075 -3.1105
1770386338.6584 0.709 0.191 1.6075 -3.1105
1770386338.6638 0.709 0.191 1.6075 -3.1105
1770386338.6684 0.709 0.191 1.6075 -3.1106
1770386338.6739 0.709 0.191 1.6075 -3.1106
1770386338.6783 0.709 0.191 1.6075 -3.1106
1770386338.6838 0.709 0.191 1.6075 -3.1106
1770386338.6883 0.709 0.191 1.6075 -3.1106
1770386338.6938 0.709 0.191 1.6075 -3.1106
1770386338.6983 0.709 0.191 1.6075 -3.1106
1770386338.7037 0.709 0.191 1.6075 -3.1106
1770386338.7083 0.709 0.191 1.6075 -3.1106
1770386338.7138 0.709 0.191 1.6075 -3.1106
1770386338.7183 0.709 0.191 1.6075 -3.1106
1770386338.7238 0.709 0.191 1.6075 -3.1106
1770386338.7284 0.709 0.191 1.6075 -3.1106
1770386338.7337 0.709 0.191 1.6075 -3.1106
1770386338.7384 0.709 0.191 1.6075 -3.1106
1770386338.7440 0.709 0.191 1.6075 -3.1106
1770386338.7487 0.709 0.191 1.6075 -3.1106
1770386338.7533 0.709 0.191 1.6075 -3.1106
1770386338.7588 0.709 0.191 1.6075 -3.1106
1770386338.7632 0.709 0.191 1.6075 -3.1106
