% Pose and velocity (log_20260204_151532.106/log_t0_encoder_velocity.txt) for Teensy 0
% 1 	Time (sec)
% 2-3 	Velocity motor 1..2 (m/s or rad/s) m/s if use Teensy, else rad/sec motor vel, see robot.ini
% 4-5 	Update number (encoder, velocity) - mostly debug
1770386328.8465 0.0000 0.0000 0 7831
1770386328.8542 0.0000 0.0000 0 7832
1770386328.8628 0.0000 0.0000 0 7833
1770386328.8705 0.0000 0.0000 0 7834
1770386328.8782 0.0000 0.0000 0 7835
1770386328.8868 0.0000 0.0000 0 7836
1770386328.8945 0.0000 0.0000 0 7837
1770386328.9031 0.0000 0.0000 0 7838
1770386328.9108 0.0000 0.0000 0 7839
1770386328.9185 0.0000 0.0000 0 7840
1770386328.9272 0.0000 0.0000 0 7841
1770386328.9348 0.0000 0.0000 0 7842
1770386328.9426 0.0000 0.0000 0 7843
1770386328.9503 0.0000 0.0000 0 7844
1770386328.9589 0.0000 0.0000 0 7845
1770386328.9666 0.0000 0.0000 0 7846
1770386328.9743 0.0000 0.0000 0 7847
1770386328.9829 0.0000 0.0000 0 7848
1770386328.9905 0.0000 0.0000 0 7849
1770386328.9982 0.0000 0.0000 0 7850
1770386329.0069 0.0000 0.0000 0 7851
1770386329.0146 0.0000 0.0000 0 7852
1770386329.0222 0.0000 0.0000 0 7853
1770386329.0308 0.0000 0.0000 0 7854
1770386329.0386 0.0000 0.0000 0 7855
1770386329.0463 0.0000 0.0000 0 7856
1770386329.0550 0.0000 0.0000 0 7857
1770386329.0625 0.0000 0.0000 0 7858
1770386329.0703 0.0000 0.0000 0 7859
1770386329.0788 0.0000 0.0000 0 7860
1770386329.0866 0.0000 0.0000 0 7861
1770386329.0943 0.0000 0.0000 0 7862
1770386329.1029 0.0000 0.0000 0 7863
1770386329.1106 0.0000 0.0000 0 7864
1770386329.1182 0.0000 0.0000 0 7865
1770386329.1269 0.0000 0.0000 0 7866
1770386329.1348 0.0000 0.0000 0 7867
1770386329.1428 0.0000 0.0000 0 7868
1770386329.1506 0.0000 0.0000 0 7869
1770386329.1585 0.0000 0.0000 0 7870
1770386329.1662 0.0000 0.0000 0 7871
1770386329.1742 0.0000 0.0000 0 7872
1770386329.1829 0.0000 0.0000 0 7873
1770386329.1908 0.0000 0.0000 0 7874
1770386329.1984 0.0000 0.0000 0 7875
1770386329.2066 0.0000 0.0000 0 7876
1770386329.2148 0.0000 0.0000 0 7877
1770386329.2224 0.0000 0.0000 0 7878
1770386329.2301 0.0000 0.0000 0 7879
1770386329.2381 0.0000 0.0000 0 7880
1770386329.2468 0.0000 0.0000 0 7881
1770386329.2545 0.0000 0.0000 0 7882
1770386329.2631 0.0700 0.0630 0 7883
1770386329.2708 0.1690 0.1490 0 7884
1770386329.2784 0.1330 0.1130 0 7885
1770386329.2872 0.1000 0.0930 0 7886
1770386329.2947 0.0820 0.0770 0 7887
1770386329.3024 0.0740 0.0910 0 7888
1770386329.3101 0.0760 0.1220 0 7889
1770386329.3187 0.1070 0.1330 0 7890
1770386329.3263 0.1380 0.1600 0 7891
1770386329.3351 0.1790 0.1810 0 7892
1770386329.3430 0.1890 0.1850 0 7893
1770386329.3501 0.1670 0.1960 0 7894
1770386329.3589 0.1610 0.2140 0 7895
1770386329.3667 0.1960 0.2350 0 7896
1770386329.3745 0.2220 0.2420 0 7897
1770386329.3822 0.2200 0.2480 0 7898
1770386329.3909 0.2220 0.2540 0 7899
1770386329.3986 0.2390 0.2580 0 7900
1770386329.4064 0.2550 0.2680 0 7901
1770386329.4151 0.2630 0.2720 0 7902
1770386329.4225 0.2660 0.2750 0 7903
1770386329.4302 0.2630 0.2710 0 7904
1770386329.4389 0.2770 0.2760 0 7905
1770386329.4465 0.2860 0.2750 0 7906
1770386329.4542 0.2920 0.2740 0 7907
1770386329.4628 0.2890 0.2750 0 7908
1770386329.4705 0.2910 0.2760 0 7909
1770386329.4781 0.2990 0.2700 0 7910
1770386329.4868 0.3050 0.2710 0 7911
1770386329.4944 0.2970 0.2750 0 7912
1770386329.5021 0.2910 0.2740 0 7913
1770386329.5108 0.2910 0.2630 0 7914
1770386329.5185 0.2920 0.2590 0 7915
1770386329.5261 0.2890 0.2660 0 7916
1770386329.5341 0.2820 0.2670 0 7917
1770386329.5426 0.2830 0.2640 0 7918
1770386329.5505 0.2860 0.2610 0 7919
1770386329.5591 0.2840 0.2610 0 7920
1770386329.5669 0.2810 0.2600 0 7921
1770386329.5745 0.2860 0.2620 0 7922
1770386329.5830 0.2950 0.2540 0 7923
1770386329.5907 0.3010 0.2490 0 7924
1770386329.5984 0.3000 0.2530 0 7925
1770386329.6071 0.3000 0.2590 0 7926
1770386329.6147 0.2940 0.2550 0 7927
1770386329.6223 0.2890 0.2480 0 7928
1770386329.6310 0.2850 0.2540 0 7929
1770386329.6387 0.2900 0.2580 0 7930
1770386329.6463 0.2850 0.2590 0 7931
1770386329.6550 0.2790 0.2520 0 7932
1770386329.6626 0.2730 0.2520 0 7933
1770386329.6703 0.2690 0.2530 0 7934
1770386329.6788 0.2650 0.2540 0 7935
1770386329.6865 0.2660 0.2530 0 7936
1770386329.6941 0.2600 0.2520 0 7937
1770386329.7027 0.2560 0.2510 0 7938
1770386329.7104 0.2540 0.2490 0 7939
1770386329.7191 0.2530 0.2520 0 7940
1770386329.7267 0.2490 0.2490 0 7941
1770386329.7345 0.2460 0.2510 0 7942
1770386329.7426 0.2480 0.2510 0 7943
1770386329.7502 0.2430 0.2500 0 7944
1770386329.7589 0.2370 0.2450 0 7945
1770386329.7667 0.2320 0.2460 0 7946
1770386329.7743 0.2400 0.2530 0 7947
1770386329.7829 0.2460 0.2530 0 7948
1770386329.7906 0.2380 0.2470 0 7949
1770386329.7982 0.2280 0.2420 0 7950
1770386329.8070 0.2280 0.2480 0 7951
1770386329.8147 0.2400 0.2520 0 7952
1770386329.8222 0.2430 0.2510 0 7953
1770386329.8309 0.2320 0.2510 0 7954
1770386329.8385 0.2290 0.2460 0 7955
1770386329.8461 0.2310 0.2480 0 7956
1770386329.8549 0.2400 0.2500 0 7957
1770386329.8625 0.2400 0.2510 0 7958
1770386329.8701 0.2360 0.2460 0 7959
1770386329.8788 0.2330 0.2470 0 7960
1770386329.8864 0.2350 0.2500 0 7961
1770386329.8941 0.2440 0.2440 0 7962
1770386329.9028 0.2440 0.2420 0 7963
1770386329.9104 0.2430 0.2450 0 7964
1770386329.9190 0.2390 0.2540 0 7965
1770386329.9266 0.2420 0.2490 0 7966
1770386329.9343 0.2470 0.2480 0 7967
1770386329.9430 0.2440 0.2470 0 7968
1770386329.9508 0.2400 0.2520 0 7969
1770386329.9584 0.2400 0.2500 0 7970
1770386329.9661 0.2460 0.2450 0 7971
1770386329.9748 0.2470 0.2500 0 7972
1770386329.9824 0.2400 0.2540 0 7973
1770386329.9911 0.2390 0.2530 0 7974
1770386329.9987 0.2430 0.2490 0 7975
1770386330.0065 0.2490 0.2560 0 7976
1770386330.0141 0.2420 0.2540 0 7977
1770386330.0227 0.2400 0.2490 0 7978
1770386330.0304 0.2430 0.2480 0 7979
1770386330.0390 0.2500 0.2560 0 7980
1770386330.0468 0.2490 0.2600 0 7981
1770386330.0545 0.2400 0.2510 0 7982
1770386330.0621 0.2430 0.2520 0 7983
1770386330.0708 0.2470 0.2570 0 7984
1770386330.0784 0.2520 0.2620 0 7985
1770386330.0861 0.2440 0.2540 0 7986
1770386330.0950 0.2380 0.2530 0 7987
1770386330.1026 0.2400 0.2570 0 7988
1770386330.1102 0.2450 0.2590 0 7989
1770386330.1189 0.2510 0.2580 0 7990
1770386330.1267 0.2430 0.2550 0 7991
1770386330.1343 0.2420 0.2570 0 7992
1770386330.1431 0.2460 0.2540 0 7993
1770386330.1509 0.2570 0.2570 0 7994
1770386330.1585 0.2560 0.2560 0 7995
1770386330.1661 0.2480 0.2580 0 7996
1770386330.1749 0.2450 0.2600 0 7997
1770386330.1824 0.2490 0.2580 0 7998
1770386330.1901 0.2530 0.2550 0 7999
1770386330.1988 0.2480 0.2530 0 8000
1770386330.2064 0.2480 0.2550 0 8001
1770386330.2151 0.2470 0.2570 0 8002
1770386330.2227 0.2560 0.2580 0 8003
1770386330.2304 0.2570 0.2530 0 8004
1770386330.2390 0.2500 0.2500 0 8005
1770386330.2467 0.2470 0.2510 0 8006
1770386330.2543 0.2510 0.2540 0 8007
1770386330.2631 0.2560 0.2530 0 8008
1770386330.2707 0.2500 0.2510 0 8009
1770386330.2782 0.2430 0.2520 0 8010
1770386330.2870 0.2420 0.2540 0 8011
1770386330.2947 0.2550 0.2520 0 8012
1770386330.3033 0.2510 0.2500 0 8013
1770386330.3110 0.2450 0.2490 0 8014
1770386330.3186 0.2450 0.2520 0 8015
1770386330.3273 0.2480 0.2540 0 8016
1770386330.3350 0.2500 0.2500 0 8017
1770386330.3427 0.2460 0.2500 0 8018
1770386330.3504 0.2540 0.2500 0 8019
1770386330.3592 0.2520 0.2540 0 8020
1770386330.3669 0.2530 0.2520 0 8021
1770386330.3745 0.2460 0.2500 0 8022
1770386330.3831 0.2460 0.2500 0 8023
1770386330.3909 0.2490 0.2510 0 8024
1770386330.3985 0.2480 0.2530 0 8025
1770386330.4072 0.2510 0.2490 0 8026
1770386330.4149 0.2450 0.2490 0 8027
1770386330.4225 0.2510 0.2490 0 8028
1770386330.4312 0.2550 0.2510 0 8029
1770386330.4388 0.2560 0.2510 0 8030
1770386330.4464 0.2470 0.2490 0 8031
1770386330.4551 0.2460 0.2490 0 8032
1770386330.4629 0.2490 0.2520 0 8033
1770386330.4704 0.2520 0.2520 0 8034
1770386330.4791 0.2530 0.2470 0 8035
1770386330.4868 0.2430 0.2480 0 8036
1770386330.4944 0.2450 0.2490 0 8037
1770386330.5031 0.2520 0.2530 0 8038
1770386330.5107 0.2600 0.2520 0 8039
1770386330.5182 0.2500 0.2490 0 8040
1770386330.5270 0.2420 0.2480 0 8041
1770386330.5346 0.2490 0.2520 0 8042
1770386330.5423 0.2550 0.2550 0 8043
1770386330.5511 0.2530 0.2510 0 8044
1770386330.5589 0.2430 0.2490 0 8045
1770386330.5665 0.2490 0.2500 0 8046
1770386330.5752 0.2530 0.2540 0 8047
1770386330.5827 0.2570 0.2570 0 8048
1770386330.5904 0.2480 0.2570 0 8049
1770386330.5992 0.2460 0.2530 0 8050
1770386330.6068 0.2500 0.2510 0 8051
1770386330.6143 0.2520 0.2530 0 8052
1770386330.6231 0.2500 0.2520 0 8053
1770386330.6308 0.2390 0.2530 0 8054
1770386330.6384 0.2440 0.2510 0 8055
1770386330.6471 0.2530 0.2540 0 8056
1770386330.6548 0.2560 0.2560 0 8057
1770386330.6624 0.2480 0.2530 0 8058
1770386330.6711 0.2440 0.2500 0 8059
1770386330.6787 0.2490 0.2500 0 8060
1770386330.6864 0.2510 0.2550 0 8061
1770386330.6950 0.2530 0.2540 0 8062
1770386330.7027 0.2430 0.2530 0 8063
1770386330.7103 0.2410 0.2490 0 8064
1770386330.7190 0.2480 0.2520 0 8065
1770386330.7267 0.2520 0.2520 0 8066
1770386330.7343 0.2490 0.2510 0 8067
1770386330.7430 0.2430 0.2500 0 8068
1770386330.7508 0.2480 0.2500 0 8069
1770386330.7584 0.2500 0.2520 0 8070
1770386330.7672 0.2480 0.2520 0 8071
1770386330.7748 0.2430 0.2530 0 8072
1770386330.7823 0.2450 0.2510 0 8073
1770386330.7912 0.2500 0.2510 0 8074
1770386330.7988 0.2460 0.2490 0 8075
1770386330.8075 0.2420 0.2490 0 8076
1770386330.8151 0.2430 0.2520 0 8077
1770386330.8228 0.2460 0.2510 0 8078
1770386330.8315 0.2470 0.2490 0 8079
1770386330.8391 0.2500 0.2480 0 8080
1770386330.8468 0.2510 0.2510 0 8081
1770386330.8546 0.2450 0.2490 0 8082
1770386330.8634 0.2490 0.2480 0 8083
1770386330.8712 0.2500 0.2490 0 8084
1770386330.8787 0.2530 0.2530 0 8085
1770386330.8866 0.2450 0.2530 0 8086
1770386330.8954 0.2460 0.2490 0 8087
1770386330.9031 0.2500 0.2460 0 8088
1770386330.9110 0.2520 0.2450 0 8089
1770386330.9188 0.2110 0.2510 0 8090
1770386330.9274 0.2810 0.2500 0 8091
1770386330.9350 0.2600 0.2480 0 8092
1770386330.9428 0.2420 0.2490 0 8093
1770386330.9506 0.2520 0.2540 0 8094
1770386330.9592 0.2550 0.2540 0 8095
1770386330.9670 0.2490 0.2540 0 8096
1770386330.9756 0.2540 0.2520 0 8097
1770386330.9832 0.2550 0.2460 0 8098
1770386330.9910 0.2500 0.2480 0 8099
1770386330.9996 0.2490 0.2520 0 8100
1770386331.0073 0.2610 0.2530 0 8101
1770386331.0149 0.2550 0.2510 0 8102
1770386331.0225 0.2480 0.2520 0 8103
1770386331.0313 0.2470 0.2520 0 8104
1770386331.0389 0.2550 0.2530 0 8105
1770386331.0466 0.2540 0.2550 0 8106
1770386331.0553 0.2530 0.2510 0 8107
1770386331.0631 0.2510 0.2500 0 8108
1770386331.0706 0.2460 0.2480 0 8109
1770386331.0793 0.2520 0.2520 0 8110
1770386331.0871 0.2510 0.2520 0 8111
1770386331.0946 0.2490 0.2480 0 8112
1770386331.1033 0.2420 0.2450 0 8113
1770386331.1110 0.2460 0.2450 0 8114
1770386331.1186 0.2500 0.2470 0 8115
1770386331.1274 0.2500 0.2460 0 8116
1770386331.1350 0.2480 0.2500 0 8117
1770386331.1427 0.2440 0.2510 0 8118
1770386331.1516 0.2520 0.2510 0 8119
1770386331.1592 0.2550 0.2490 0 8120
1770386331.1669 0.2510 0.2480 0 8121
1770386331.1756 0.2410 0.2480 0 8122
1770386331.1833 0.2450 0.2470 0 8123
1770386331.1909 0.2540 0.2500 0 8124
1770386331.1986 0.2530 0.2510 0 8125
1770386331.2073 0.2470 0.2500 0 8126
1770386331.2149 0.2400 0.2480 0 8127
1770386331.2226 0.2560 0.2470 0 8128
1770386331.2313 0.2530 0.2490 0 8129
1770386331.2389 0.2490 0.2500 0 8130
1770386331.2466 0.2430 0.2480 0 8131
1770386331.2553 0.2450 0.2480 0 8132
1770386331.2629 0.2450 0.2510 0 8133
1770386331.2706 0.2460 0.2540 0 8134
1770386331.2793 0.2510 0.2570 0 8135
1770386331.2869 0.2450 0.2530 0 8136
1770386331.2946 0.2460 0.2490 0 8137
1770386331.3033 0.2440 0.2490 0 8138
1770386331.3109 0.2510 0.2490 0 8139
1770386331.3186 0.2510 0.2470 0 8140
1770386331.3273 0.2530 0.2470 0 8141
1770386331.3348 0.2540 0.2490 0 8142
1770386331.3427 0.2560 0.2480 0 8143
1770386331.3516 0.2500 0.2440 0 8144
1770386331.3591 0.2000 0.2270 0 8145
1770386331.3668 0.1590 0.2230 0 8146
1770386331.3755 0.1280 0.2350 0 8147
1770386331.3831 0.1190 0.2290 0 8148
1770386331.3908 0.1210 0.2180 0 8149
1770386331.3985 0.1490 0.2070 0 8150
1770386331.4072 0.1770 0.2060 0 8151
1770386331.4149 0.1760 0.2050 0 8152
1770386331.4235 0.1390 0.1960 0 8153
1770386331.4311 0.1050 0.1780 0 8154
1770386331.4388 0.0940 0.1680 0 8155
1770386331.4466 0.1170 0.1680 0 8156
1770386331.4552 0.1290 0.1730 0 8157
1770386331.4628 0.1060 0.1710 0 8158
1770386331.4716 0.0820 0.1480 0 8159
1770386331.4792 0.0570 0.1290 0 8160
1770386331.4869 0.0430 0.1170 0 8161
1770386331.4945 0.0360 0.1510 0 8162
1770386331.5032 0.0420 0.1540 0 8163
1770386331.5110 0.0620 0.1410 0 8164
1770386331.5186 0.0670 0.1310 0 8165
1770386331.5272 0.0620 0.1180 0 8166
1770386331.5349 0.0480 0.1280 0 8167
1770386331.5427 0.0370 0.1370 0 8168
1770386331.5516 0.0290 0.1370 0 8169
1770386331.5594 0.0230 0.1400 0 8170
1770386331.5672 0.0200 0.1320 0 8171
1770386331.5748 0.0170 0.1170 0 8172
1770386331.5826 0.0160 0.0980 0 8173
1770386331.5915 0.0130 0.1120 0 8174
1770386331.5992 0.0120 0.1190 0 8175
1770386331.6070 0.0110 0.1250 0 8176
1770386331.6149 0.0110 0.1120 0 8177
1770386331.6236 0.0180 0.1160 0 8178
1770386331.6313 0.0180 0.1330 0 8179
1770386331.6391 0.0180 0.1430 0 8180
1770386331.6469 0.0180 0.1300 0 8181
1770386331.6547 0.0180 0.1300 0 8182
1770386331.6626 0.0200 0.1510 0 8183
1770386331.6713 0.0220 0.1540 0 8184
1770386331.6792 0.0190 0.1490 0 8185
1770386331.6871 0.0170 0.1480 0 8186
1770386331.6948 0.0160 0.1500 0 8187
1770386331.7026 0.0450 0.1630 0 8188
1770386331.7107 0.0570 0.1640 0 8189
1770386331.7194 0.0660 0.1490 0 8190
1770386331.7273 0.0580 0.1540 0 8191
1770386331.7349 0.0500 0.1680 0 8192
1770386331.7428 0.0420 0.1610 0 8193
1770386331.7511 0.0390 0.1580 0 8194
1770386331.7590 0.0330 0.1650 0 8195
1770386331.7668 0.0320 0.1690 0 8196
1770386331.7747 0.0280 0.1700 0 8197
1770386331.7835 0.0260 0.1600 0 8198
1770386331.7911 0.0210 0.1570 0 8199
1770386331.7990 0.0200 0.1620 0 8200
1770386331.8068 0.0300 0.1580 0 8201
1770386331.8146 0.0810 0.1560 0 8202
1770386331.8234 0.0890 0.1570 0 8203
1770386331.8311 0.0780 0.1560 0 8204
1770386331.8389 0.0660 0.1570 0 8205
1770386331.8468 0.0560 0.1540 0 8206
1770386331.8546 0.0430 0.1500 0 8207
1770386331.8634 0.0360 0.1590 0 8208
1770386331.8711 0.0280 0.1700 0 8209
1770386331.8790 0.0230 0.1590 0 8210
1770386331.8868 0.0200 0.1550 0 8211
1770386331.8956 0.0180 0.1580 0 8212
1770386331.9034 0.0360 0.1620 0 8213
1770386331.9112 0.0740 0.1610 0 8214
1770386331.9190 0.0790 0.1520 0 8215
1770386331.9269 0.0770 0.1590 0 8216
1770386331.9346 0.0710 0.1680 0 8217
1770386331.9426 0.0610 0.1610 0 8218
1770386331.9508 0.0470 0.1530 0 8219
1770386331.9588 0.0380 0.1650 0 8220
1770386331.9671 0.0290 0.1670 0 8221
1770386331.9751 0.0230 0.1620 0 8222
1770386331.9829 0.0200 0.1590 0 8223
1770386331.9909 0.0180 0.1570 0 8224
1770386331.9990 0.0250 0.1580 0 8225
1770386332.0069 0.0560 0.1580 0 8226
1770386332.0149 0.0770 0.1550 0 8227
1770386332.0228 0.0720 0.1540 0 8228
1770386332.0315 0.0690 0.1550 0 8229
1770386332.0396 0.0610 0.1580 0 8230
1770386332.0466 0.0540 0.1570 0 8231
1770386332.0555 0.0420 0.1540 0 8232
1770386332.0633 0.0350 0.1580 0 8233
1770386332.0711 0.0270 0.1620 0 8234
1770386332.0791 0.0230 0.1540 0 8235
1770386332.0870 0.0190 0.1500 0 8236
1770386332.0948 0.0420 0.1550 0 8237
1770386332.1025 0.0680 0.1570 0 8238
1770386332.1115 0.0830 0.1520 0 8239
1770386332.1194 0.0780 0.1540 0 8240
1770386332.1270 0.0710 0.1530 0 8241
1770386332.1349 0.0580 0.1540 0 8242
1770386332.1432 0.0460 0.1530 0 8243
1770386332.1511 0.0320 0.1510 0 8244
1770386332.1590 0.0270 0.1590 0 8245
1770386332.1670 0.0220 0.1630 0 8246
1770386332.1747 0.0190 0.1550 0 8247
1770386332.1835 0.0160 0.1520 0 8248
1770386332.1913 0.0150 0.1550 0 8249
1770386332.1990 0.0140 0.1520 0 8250
1770386332.2070 0.0390 0.1520 0 8251
1770386332.2148 0.0810 0.1560 0 8252
1770386332.2235 0.0840 0.1490 0 8253
1770386332.2314 0.0790 0.1460 0 8254
1770386332.2393 0.0690 0.1560 0 8255
1770386332.2470 0.0580 0.1530 0 8256
1770386332.2548 0.0450 0.1520 0 8257
1770386332.2627 0.0360 0.1570 0 8258
1770386332.2714 0.0270 0.1570 0 8259
1770386332.2792 0.0230 0.1590 0 8260
1770386332.2873 0.0190 0.1570 0 8261
1770386332.2949 0.0170 0.1560 0 8262
1770386332.3028 0.0150 0.1590 0 8263
1770386332.3106 0.0390 0.1580 0 8264
1770386332.3194 0.0710 0.1520 0 8265
1770386332.3272 0.0840 0.1530 0 8266
1770386332.3351 0.0770 0.1590 0 8267
1770386332.3429 0.0720 0.1560 0 8268
1770386332.3509 0.0620 0.1550 0 8269
1770386332.3589 0.0490 0.1490 0 8270
1770386332.3667 0.0400 0.1540 0 8271
1770386332.3746 0.0290 0.1610 0 8272
1770386332.3834 0.0250 0.1540 0 8273
1770386332.3910 0.0190 0.1500 0 8274
1770386332.3990 0.0190 0.1560 0 8275
1770386332.4069 0.0390 0.1550 0 8276
1770386332.4146 0.0600 0.1540 0 8277
1770386332.4234 0.0680 0.1540 0 8278
1770386332.4312 0.0650 0.1500 0 8279
1770386332.4390 0.0620 0.1530 0 8280
1770386332.4468 0.0580 0.1610 0 8281
1770386332.4547 0.0490 0.1540 0 8282
1770386332.4634 0.0400 0.1490 0 8283
1770386332.4713 0.0320 0.1590 0 8284
1770386332.4791 0.0250 0.1600 0 8285
1770386332.4868 0.0210 0.1540 0 8286
1770386332.4946 0.0190 0.1520 0 8287
1770386332.5026 0.0170 0.1530 0 8288
1770386332.5113 0.0420 0.1590 0 8289
1770386332.5191 0.0700 0.1600 0 8290
1770386332.5269 0.0730 0.1480 0 8291
1770386332.5348 0.0680 0.1450 0 8292
1770386332.5431 0.0620 0.1570 0 8293
1770386332.5513 0.0540 0.1520 0 8294
1770386332.5591 0.0430 0.1470 0 8295
1770386332.5666 0.0350 0.1550 0 8296
1770386332.5748 0.0270 0.1560 0 8297
1770386332.5835 0.0220 0.1550 0 8298
1770386332.5914 0.0190 0.1540 0 8299
1770386332.5994 0.0180 0.1540 0 8300
1770386332.6072 0.0360 0.1590 0 8301
1770386332.6155 0.0820 0.1590 0 8302
1770386332.6234 0.0850 0.1570 0 8303
1770386332.6312 0.0800 0.1560 0 8304
1770386332.6395 0.0710 0.1540 0 8305
1770386332.6473 0.0590 0.1570 0 8306
1770386332.6553 0.0460 0.1590 0 8307
1770386332.6634 0.0370 0.1560 0 8308
1770386332.6715 0.0280 0.1580 0 8309
1770386332.6793 0.0230 0.1610 0 8310
1770386332.6873 0.0200 0.1560 0 8311
1770386332.6952 0.0170 0.1530 0 8312
1770386332.7031 0.0150 0.1580 0 8313
1770386332.7112 0.0140 0.1530 0 8314
1770386332.7191 0.0390 0.1510 0 8315
1770386332.7268 0.0810 0.1530 0 8316
1770386332.7349 0.0840 0.1470 0 8317
1770386332.7428 0.0760 0.1520 0 8318
1770386332.7507 0.0680 0.1590 0 8319
1770386332.7587 0.0530 0.1500 0 8320
1770386332.7669 0.0430 0.1490 0 8321
1770386332.7747 0.0310 0.1580 0 8322
1770386332.7826 0.0260 0.1530 0 8323
1770386332.7916 0.0210 0.1460 0 8324
1770386332.7986 0.0190 0.1540 0 8325
1770386332.8076 0.0170 0.1580 0 8326
1770386332.8155 0.0160 0.1540 0 8327
1770386332.8231 0.0290 0.1560 0 8328
1770386332.8310 0.0730 0.1500 0 8329
1770386332.8389 0.0850 0.1520 0 8330
1770386332.8466 0.0840 0.1590 0 8331
1770386332.8546 0.0760 0.1580 0 8332
1770386332.8635 0.0670 0.1550 0 8333
1770386332.8712 0.0520 0.1570 0 8334
1770386332.8791 0.0410 0.1580 0 8335
1770386332.8869 0.0310 0.1570 0 8336
1770386332.8946 0.0240 0.1570 0 8337
1770386332.9025 0.0210 0.1520 0 8338
1770386332.9114 0.0200 0.1520 0 8339
1770386332.9191 0.0550 0.1600 0 8340
1770386332.9268 0.0630 0.1560 0 8341
1770386332.9349 0.0670 0.1540 0 8342
1770386332.9427 0.0630 0.1560 0 8343
1770386332.9508 0.0580 0.1610 0 8344
1770386332.9589 0.0530 0.1590 0 8345
1770386332.9669 0.0430 0.1520 0 8346
1770386332.9750 0.0360 0.1570 0 8347
1770386332.9827 0.0290 0.1640 0 8348
1770386332.9906 0.0220 0.1570 0 8349
1770386332.9988 0.0200 0.1550 0 8350
1770386333.0067 0.0180 0.1600 0 8351
1770386333.0145 0.0160 0.1560 0 8352
1770386333.0234 0.0500 0.1510 0 8353
1770386333.0314 0.0680 0.1580 0 8354
1770386333.0391 0.0730 0.1570 0 8355
1770386333.0469 0.0700 0.1560 0 8356
1770386333.0549 0.0640 0.1620 0 8357
1770386333.0626 0.0540 0.1580 0 8358
1770386333.0715 0.0430 0.1540 0 8359
1770386333.0793 0.0330 0.1560 0 8360
1770386333.0869 0.0260 0.1580 0 8361
1770386333.0949 0.0220 0.1630 0 8362
1770386333.1027 0.0190 0.1620 0 8363
1770386333.1115 0.0180 0.1590 0 8364
1770386333.1193 0.0380 0.1550 0 8365
1770386333.1270 0.0820 0.1530 0 8366
1770386333.1349 0.0880 0.1500 0 8367
1770386333.1427 0.0810 0.1510 0 8368
1770386333.1509 0.0720 0.1590 0 8369
1770386333.1586 0.0580 0.1540 0 8370
1770386333.1666 0.0460 0.1490 0 8371
1770386333.1755 0.0340 0.1530 0 8372
1770386333.1831 0.0270 0.1610 0 8373
1770386333.1909 0.0220 0.1570 0 8374
1770386333.1990 0.0190 0.1480 0 8375
1770386333.2066 0.0170 0.1540 0 8376
1770386333.2155 0.0150 0.1610 0 8377
1770386333.2232 0.0140 0.1530 0 8378
1770386333.2311 0.0240 0.1470 0 8379
1770386333.2390 0.0730 0.1540 0 8380
1770386333.2467 0.0870 0.1530 0 8381
1770386333.2555 0.0820 0.1500 0 8382
1770386333.2633 0.0740 0.1580 0 8383
1770386333.2712 0.0630 0.1540 0 8384
1770386333.2789 0.0480 0.1470 0 8385
1770386333.2867 0.0400 0.1580 0 8386
1770386333.2947 0.0290 0.1600 0 8387
1770386333.3033 0.0250 0.1540 0 8388
1770386333.3112 0.0200 0.1540 0 8389
1770386333.3191 0.0180 0.1530 0 8390
1770386333.3268 0.0160 0.1570 0 8391
1770386333.3347 0.0150 0.1580 0 8392
1770386333.3436 0.0660 0.1500 0 8393
1770386333.3515 0.0850 0.1500 0 8394
1770386333.3595 0.0870 0.1570 0 8395
1770386333.3673 0.0790 0.1550 0 8396
1770386333.3751 0.0690 0.1470 0 8397
1770386333.3828 0.0520 0.1510 0 8398
1770386333.3908 0.0410 0.1540 0 8399
1770386333.3987 0.0310 0.1600 0 8400
1770386333.4065 0.0250 0.1600 0 8401
1770386333.4145 0.0200 0.1550 0 8402
1770386333.4232 0.0190 0.1540 0 8403
1770386333.4312 0.0390 0.1560 0 8404
1770386333.4391 0.0600 0.1580 0 8405
1770386333.4468 0.0680 0.1570 0 8406
1770386333.4549 0.0650 0.1550 0 8407
1770386333.4628 0.0610 0.1590 0 8408
1770386333.4705 0.0580 0.1580 0 8409
1770386333.4786 0.0490 0.1500 0 8410
1770386333.4875 0.0400 0.1520 0 8411
1770386333.4954 0.0320 0.1590 0 8412
1770386333.5032 0.0250 0.1620 0 8413
1770386333.5113 0.0210 0.1560 0 8414
1770386333.5191 0.0190 0.1510 0 8415
1770386333.5271 0.0160 0.1490 0 8416
1770386333.5351 0.0260 0.1560 0 8417
1770386333.5427 0.0690 0.1570 0 8418
1770386333.5509 0.0740 0.1470 0 8419
1770386333.5589 0.0720 0.1520 0 8420
1770386333.5666 0.0670 0.1630 0 8421
1770386333.5755 0.0590 0.1530 0 8422
1770386333.5831 0.0470 0.1440 0 8423
1770386333.5910 0.0380 0.1560 0 8424
1770386333.5989 0.0290 0.1630 0 8425
1770386333.6066 0.0230 0.1570 0 8426
1770386333.6154 0.0210 0.1580 0 8427
1770386333.6232 0.0180 0.1520 0 8428
1770386333.6310 0.0230 0.1530 0 8429
1770386333.6388 0.0550 0.1630 0 8430
1770386333.6465 0.0870 0.1550 0 8431
1770386333.6555 0.0820 0.1460 0 8432
1770386333.6632 0.0720 0.1530 0 8433
1770386333.6710 0.0600 0.1580 0 8434
1770386333.6788 0.0460 0.1530 0 8435
1770386333.6875 0.0380 0.1520 0 8436
1770386333.6954 0.0290 0.1580 0 8437
1770386333.7031 0.0250 0.1640 0 8438
1770386333.7109 0.0200 0.1640 0 8439
1770386333.7187 0.0180 0.1510 0 8440
1770386333.7266 0.0160 0.1490 0 8441
1770386333.7353 0.0160 0.1590 0 8442
1770386333.7433 0.0420 0.1660 0 8443
1770386333.7514 0.0760 0.1640 0 8444
1770386333.7592 0.0860 0.1490 0 8445
1770386333.7670 0.0800 0.1510 0 8446
1770386333.7749 0.0660 0.1580 0 8447
1770386333.7835 0.0540 0.1530 0 8448
1770386333.7915 0.0420 0.1530 0 8449
1770386333.7993 0.0350 0.1560 0 8450
1770386333.8070 0.0260 0.1530 0 8451
1770386333.8149 0.0220 0.1520 0 8452
1770386333.8227 0.0190 0.1560 0 8453
1770386333.8315 0.0170 0.1500 0 8454
1770386333.8393 0.0160 0.1510 0 8455
1770386333.8471 0.0320 0.1590 0 8456
1770386333.8550 0.0740 0.1530 0 8457
1770386333.8628 0.0860 0.1490 0 8458
1770386333.8706 0.0830 0.1590 0 8459
1770386333.8792 0.0730 0.1550 0 8460
1770386333.8872 0.0600 0.1500 0 8461
1770386333.8951 0.0470 0.1510 0 8462
1770386333.9027 0.0350 0.1520 0 8463
1770386333.9106 0.0280 0.1610 0 8464
1770386333.9195 0.0220 0.1610 0 8465
1770386333.9272 0.0200 0.1500 0 8466
1770386333.9352 0.0170 0.1490 0 8467
1770386333.9429 0.0240 0.1610 0 8468
1770386333.9508 0.0670 0.1570 0 8469
1770386333.9587 0.0750 0.1480 0 8470
1770386333.9666 0.0750 0.1560 0 8471
1770386333.9754 0.0700 0.1600 0 8472
1770386333.9830 0.0600 0.1590 0 8473
1770386333.9910 0.0470 0.1520 0 8474
1770386333.9987 0.0350 0.1550 0 8475
1770386334.0066 0.0290 0.1610 0 8476
1770386334.0145 0.0240 0.1620 0 8477
1770386334.0232 0.0210 0.1610 0 8478
1770386334.0310 0.0200 0.1560 0 8479
1770386334.0388 0.0180 0.1500 0 8480
1770386334.0466 0.0300 0.1510 0 8481
1770386334.0546 0.0710 0.1500 0 8482
1770386334.0634 0.0750 0.1440 0 8483
1770386334.0711 0.0740 0.1490 0 8484
1770386334.0788 0.0640 0.1520 0 8485
1770386334.0868 0.0530 0.1470 0 8486
1770386334.0945 0.0450 0.1460 0 8487
1770386334.1033 0.0360 0.1520 0 8488
1770386334.1112 0.0310 0.1560 0 8489
1770386334.1189 0.0260 0.1570 0 8490
1770386334.1268 0.0210 0.1510 0 8491
1770386334.1347 0.0190 0.1450 0 8492
1770386334.1433 0.0230 0.1590 0 8493
1770386334.1514 0.0640 0.1660 0 8494
1770386334.1592 0.0860 0.1530 0 8495
1770386334.1670 0.0830 0.1540 0 8496
1770386334.1748 0.0660 0.1630 0 8497
1770386334.1825 0.0520 0.1560 0 8498
1770386334.1914 0.0450 0.1500 0 8499
1770386334.1992 0.0340 0.1590 0 8500
1770386334.2070 0.0320 0.1650 0 8501
1770386334.2147 0.0280 0.1660 0 8502
1770386334.2225 0.0230 0.1600 0 8503
1770386334.2314 0.0200 0.1530 0 8504
1770386334.2391 0.0180 0.1540 0 8505
1770386334.2469 0.0180 0.1590 0 8506
1770386334.2549 0.0380 0.1620 0 8507
1770386334.2636 0.0710 0.1600 0 8508
1770386334.2714 0.0880 0.1540 0 8509
1770386334.2791 0.0840 0.1540 0 8510
1770386334.2870 0.0700 0.1600 0 8511
1770386334.2948 0.0550 0.1620 0 8512
1770386334.3025 0.0440 0.1550 0 8513
1770386334.3113 0.0330 0.1530 0 8514
1770386334.3192 0.0270 0.1580 0 8515
1770386334.3270 0.0210 0.1630 0 8516
1770386334.3350 0.0190 0.1650 0 8517
1770386334.3428 0.0170 0.1550 0 8518
1770386334.3512 0.0160 0.1540 0 8519
1770386334.3588 0.0460 0.1560 0 8520
1770386334.3667 0.0770 0.1510 0 8521
1770386334.3746 0.0890 0.1550 0 8522
1770386334.3833 0.0800 0.1590 0 8523
1770386334.3912 0.0680 0.1520 0 8524
1770386334.3990 0.0560 0.1500 0 8525
1770386334.4067 0.0430 0.1560 0 8526
1770386334.4147 0.0360 0.1520 0 8527
1770386334.4234 0.0270 0.1510 0 8528
1770386334.4311 0.0230 0.1570 0 8529
1770386334.4390 0.0190 0.1550 0 8530
1770386334.4468 0.0180 0.1530 0 8531
1770386334.4547 0.0260 0.1570 0 8532
1770386334.4635 0.0650 0.1330 0 8533
1770386334.4713 0.0670 0.1050 0 8534
1770386334.4789 0.0620 0.0730 0 8535
1770386334.4869 0.0530 0.0450 0 8536
1770386334.4947 0.0410 0.1000 0 8537
1770386334.5034 0.0350 0.1220 0 8538
1770386334.5113 0.0280 0.0950 0 8539
1770386334.5192 0.0230 0.0790 0 8540
1770386334.5269 0.0200 0.0580 0 8541
1770386334.5348 0.0170 0.0470 0 8542
1770386334.5425 0.0150 0.0360 0 8543
1770386334.5505 0.0130 0.0340 0 8544
1770386334.5594 0.0120 0.0270 0 8545
1770386334.5673 0.0120 0.0050 0 8546
1770386334.5750 0.0100 -0.0050 0 8547
1770386334.5827 0.0100 -0.0130 0 8548
1770386334.5906 0.0090 -0.0140 0 8549
1770386334.5994 0.0080 -0.0140 0 8550
1770386334.6072 0.0080 -0.0150 0 8551
1770386334.6153 0.0080 -0.0150 0 8552
1770386334.6228 0.0070 -0.0150 0 8553
1770386334.6306 0.0070 -0.0150 0 8554
1770386334.6395 0.0060 -0.0140 0 8555
1770386334.6473 0.0060 -0.0130 0 8556
1770386334.6552 0.0060 -0.0110 0 8557
1770386334.6629 0.0060 -0.0110 0 8558
1770386334.6706 0.0050 -0.0100 0 8559
1770386334.6785 0.0050 -0.0100 0 8560
1770386334.6875 0.0050 -0.0090 0 8561
1770386334.6951 0.0050 -0.0070 0 8562
1770386334.7029 0.0050 -0.0050 0 8563
1770386334.7108 0.0040 -0.0050 0 8564
1770386334.7185 0.0040 -0.0050 0 8565
1770386334.7274 0.0040 -0.0050 0 8566
1770386334.7354 0.0040 -0.0050 0 8567
1770386334.7430 0.0040 -0.0050 0 8568
1770386334.7513 0.0040 -0.0050 0 8569
1770386334.7591 0.0040 -0.0050 0 8570
1770386334.7669 0.0040 -0.0050 0 8571
1770386334.7747 0.0040 -0.0050 0 8572
1770386334.7825 0.0030 -0.0050 0 8573
1770386334.7914 0.0030 -0.0050 0 8574
1770386334.7992 0.0030 -0.0040 0 8575
1770386334.8070 0.0030 -0.0040 0 8576
1770386334.8149 0.0030 -0.0040 0 8577
1770386334.8225 0.0030 -0.0040 0 8578
1770386334.8314 0.0030 -0.0040 0 8579
1770386334.8391 0.0030 -0.0040 0 8580
1770386334.8470 0.0030 -0.0040 0 8581
1770386334.8560 0.0030 -0.0040 0 8582
1770386334.8636 0.0030 -0.0040 0 8583
1770386334.8714 0.0030 -0.0030 0 8584
1770386334.8793 0.0030 -0.0030 0 8585
1770386334.8881 0.0030 -0.0030 0 8586
1770386334.8959 0.0020 -0.0030 0 8587
1770386334.9037 0.0020 -0.0030 0 8588
1770386334.9115 0.0020 -0.0030 0 8589
1770386334.9193 0.0020 -0.0020 0 8590
1770386334.9282 0.0020 -0.0020 0 8591
1770386334.9359 0.0020 -0.0020 0 8592
1770386334.9438 0.0020 -0.0020 0 8593
1770386334.9519 0.0020 -0.0020 0 8594
1770386334.9595 0.0020 -0.0020 0 8595
1770386334.9674 0.0010 -0.0020 0 8596
1770386334.9753 0.0000 -0.0020 0 8597
1770386334.9840 0.0000 -0.0020 0 8598
1770386334.9919 0.0000 -0.0020 0 8599
1770386334.9998 0.0000 -0.0020 0 8600
1770386335.0075 0.0000 -0.0020 0 8601
1770386335.0155 0.0000 -0.0020 0 8602
1770386335.0242 0.0000 -0.0020 0 8603
1770386335.0319 0.0000 -0.0020 0 8604
1770386335.0398 0.0000 -0.0020 0 8605
1770386335.0478 0.0000 -0.0020 0 8606
1770386335.0555 0.0000 -0.0020 0 8607
1770386335.0632 0.0000 -0.0020 0 8608
1770386335.0721 0.0000 -0.0010 0 8609
1770386335.0798 0.0000 -0.0000 0 8610
1770386335.0877 0.0000 0.0000 0 8611
1770386335.0955 0.0000 0.0000 0 8612
1770386335.1042 0.0000 0.0000 0 8613
1770386335.1122 0.0000 0.0000 0 8614
1770386335.1199 0.0000 0.0000 0 8615
1770386335.1276 0.0000 0.0000 0 8616
1770386335.1355 0.0000 0.0000 0 8617
1770386335.1433 0.0000 0.0000 0 8618
1770386335.1512 0.0000 0.0000 0 8619
1770386335.1600 0.0000 0.0000 0 8620
1770386335.1680 0.0000 0.0000 0 8621
1770386335.1758 0.0000 0.0000 0 8622
1770386335.1835 0.0000 0.0000 0 8623
1770386335.1914 0.0000 0.0000 0 8624
1770386335.2001 0.0000 0.0000 0 8625
1770386335.2080 0.0000 0.0000 0 8626
1770386335.2159 0.0000 0.0000 0 8627
1770386335.2235 0.0000 0.0000 0 8628
1770386335.2313 0.0000 0.0000 0 8629
1770386335.2392 0.0000 0.0000 0 8630
1770386335.2480 0.0000 0.0000 0 8631
1770386335.2559 0.0000 0.0000 0 8632
1770386335.2636 0.0000 0.0000 0 8633
1770386335.2713 0.0000 0.0000 0 8634
1770386335.2792 0.0000 0.0000 0 8635
1770386335.2881 0.0000 0.0000 0 8636
1770386335.2958 0.0000 0.0000 0 8637
1770386335.3035 0.0000 0.0000 0 8638
1770386335.3115 0.0000 0.0000 0 8639
1770386335.3191 0.0000 0.0000 0 8640
1770386335.3280 0.0000 0.0000 0 8641
1770386335.3360 0.0000 0.0000 0 8642
1770386335.3437 0.0000 0.0000 0 8643
1770386335.3519 0.0000 0.0000 0 8644
1770386335.3596 0.0000 0.0000 0 8645
1770386335.3675 0.0000 0.0000 0 8646
1770386335.3754 0.0000 0.0000 0 8647
1770386335.3831 0.0000 0.0000 0 8648
1770386335.3919 0.0000 0.0000 0 8649
1770386335.3997 0.0000 0.0000 0 8650
1770386335.4077 0.0000 0.0000 0 8651
1770386335.4155 0.0000 0.0000 0 8652
1770386335.4231 0.0000 0.0000 0 8653
1770386335.4320 0.0000 0.0000 0 8654
1770386335.4398 0.0000 0.0000 0 8655
1770386335.4476 0.0000 0.0000 0 8656
1770386335.4555 0.0000 0.0000 0 8657
1770386335.4631 0.0000 0.0000 0 8658
1770386335.4721 0.0000 0.0000 0 8659
1770386335.4799 0.0000 0.0000 0 8660
1770386335.4877 0.0000 0.0000 0 8661
1770386335.4955 0.0000 0.0000 0 8662
1770386335.5034 0.0000 0.0000 0 8663
1770386335.5111 0.0000 0.0000 0 8664
1770386335.5199 0.0000 0.0000 0 8665
1770386335.5277 0.0000 0.0000 0 8666
1770386335.5355 0.0000 0.0000 0 8667
1770386335.5434 0.0000 0.0000 0 8668
1770386335.5518 0.0000 0.0000 0 8669
1770386335.5594 0.0000 0.0000 0 8670
1770386335.5675 0.0000 0.0000 0 8671
1770386335.5755 0.0000 0.0000 0 8672
1770386335.5841 0.0000 0.0000 0 8673
1770386335.5920 0.0000 0.0000 0 8674
1770386335.6000 0.0000 0.0000 0 8675
1770386335.6078 0.0000 0.0000 0 8676
1770386335.6158 0.0000 0.0000 0 8677
1770386335.6236 0.0000 0.0000 0 8678
1770386335.6313 0.0000 0.0000 0 8679
1770386335.6393 0.0000 0.0000 0 8680
1770386335.6472 0.0000 0.0000 0 8681
1770386335.6561 0.0000 0.0000 0 8682
1770386335.6640 0.0000 0.0000 0 8683
1770386335.6721 0.0000 0.0000 0 8684
1770386335.6793 0.0000 0.0000 0 8685
1770386335.6872 0.0000 0.0000 0 8686
1770386335.6961 0.0000 0.0000 0 8687
1770386335.7039 0.0000 0.0000 0 8688
1770386335.7117 0.0000 0.0000 0 8689
1770386335.7195 0.0000 0.0000 0 8690
1770386335.7272 0.0000 0.0000 0 8691
1770386335.7354 0.0000 0.0000 0 8692
1770386335.7435 0.0000 0.0000 0 8693
1770386335.7522 0.0000 0.0000 0 8694
1770386335.7601 0.0000 0.0000 0 8695
1770386335.7680 0.0000 0.0000 0 8696
1770386335.7757 0.0000 0.0000 0 8697
1770386335.7833 0.0000 0.0000 0 8698
1770386335.7912 0.0000 0.0000 0 8699
1770386335.7999 0.0000 0.0000 0 8700
1770386335.8078 0.0000 0.0000 0 8701
1770386335.8156 0.0000 0.0000 0 8702
1770386335.8231 0.0000 0.0000 0 8703
1770386335.8320 0.0000 0.0000 0 8704
1770386335.8399 0.0000 0.0000 0 8705
1770386335.8476 0.0000 0.0000 0 8706
1770386335.8554 0.0000 0.0000 0 8707
1770386335.8632 0.0000 0.0000 0 8708
1770386335.8720 0.0000 0.0000 0 8709
1770386335.8797 0.0000 0.0000 0 8710
1770386335.8877 0.0000 0.0000 0 8711
1770386335.8953 0.0000 0.0000 0 8712
1770386335.9032 0.0000 0.0000 0 8713
1770386335.9121 0.0000 0.0000 0 8714
1770386335.9197 0.0000 0.0000 0 8715
1770386335.9276 0.0000 0.0000 0 8716
1770386335.9354 0.0000 0.0000 0 8717
1770386335.9442 0.0000 0.0000 0 8718
1770386335.9513 0.0000 0.0000 0 8719
1770386335.9593 0.0000 0.0000 0 8720
1770386335.9672 0.0000 0.0000 0 8721
1770386335.9752 0.0000 0.0000 0 8722
1770386335.9832 0.0000 0.0000 0 8723
1770386335.9921 0.0000 0.0000 0 8724
1770386336.0002 0.0000 0.0000 0 8725
1770386336.0082 0.0000 0.0000 0 8726
1770386336.0160 0.0000 0.0000 0 8727
1770386336.0241 0.0000 0.0000 0 8728
1770386336.0313 0.0000 0.0000 0 8729
1770386336.0401 0.0000 0.0000 0 8730
1770386336.0482 0.0000 0.0000 0 8731
1770386336.0560 0.0000 0.0000 0 8732
1770386336.0637 0.0000 0.0000 0 8733
1770386336.0720 0.0000 0.0000 0 8734
1770386336.0800 0.0000 0.0000 0 8735
1770386336.0878 0.0000 0.0000 0 8736
1770386336.0956 0.0000 0.0000 0 8737
1770386336.1037 0.0000 0.0000 0 8738
1770386336.1115 0.0000 0.0000 0 8739
1770386336.1193 0.0000 0.0000 0 8740
1770386336.1272 0.0000 0.0000 0 8741
1770386336.1354 0.0000 0.0000 0 8742
1770386336.1433 0.0000 0.0000 0 8743
1770386336.1513 0.0000 0.0000 0 8744
1770386336.1601 0.0000 0.0000 0 8745
1770386336.1680 0.0000 0.0000 0 8746
1770386336.1758 0.0000 0.0000 0 8747
1770386336.1834 0.0000 0.0000 0 8748
1770386336.1913 0.0000 0.0000 0 8749
1770386336.1992 0.0000 0.0000 0 8750
1770386336.2079 0.0000 0.0000 0 8751
1770386336.2157 0.0000 0.0000 0 8752
1770386336.2235 0.0000 0.0000 0 8753
1770386336.2312 0.0000 0.0000 0 8754
1770386336.2401 0.0000 0.0000 0 8755
1770386336.2480 0.0000 0.0000 0 8756
1770386336.2556 0.0000 0.0000 0 8757
1770386336.2635 0.0000 0.0000 0 8758
1770386336.2713 0.0000 0.0000 0 8759
1770386336.2800 0.0000 0.0000 0 8760
1770386336.2879 0.0000 0.0000 0 8761
1770386336.2957 0.0000 0.0000 0 8762
1770386336.3034 0.0000 0.0000 0 8763
1770386336.3113 0.0000 0.0000 0 8764
1770386336.3201 0.0000 0.0000 0 8765
1770386336.3278 0.0000 0.0000 0 8766
1770386336.3354 0.0000 0.0000 0 8767
1770386336.3433 0.0000 0.0000 0 8768
1770386336.3512 0.0000 0.0000 0 8769
1770386336.3602 0.0000 0.0000 0 8770
1770386336.3682 0.0000 0.0000 0 8771
1770386336.3758 0.0000 0.0000 0 8772
1770386336.3835 0.0000 0.0000 0 8773
1770386336.3915 0.0000 0.0000 0 8774
1770386336.3992 0.0000 0.0000 0 8775
1770386336.4081 0.0000 0.0000 0 8776
1770386336.4159 0.0000 0.0000 0 8777
1770386336.4235 0.0000 0.0000 0 8778
1770386336.4314 0.0000 0.0000 0 8779
1770386336.4392 0.0000 0.0000 0 8780
1770386336.4481 0.0000 0.0000 0 8781
1770386336.4558 0.0000 0.0000 0 8782
1770386336.4637 0.0000 0.0000 0 8783
1770386336.4714 0.0000 0.0000 0 8784
1770386336.4802 0.0000 0.0000 0 8785
1770386336.4881 0.0000 0.0000 0 8786
1770386336.4958 0.0000 0.0000 0 8787
1770386336.5037 0.0000 0.0000 0 8788
1770386336.5116 0.0000 0.0000 0 8789
1770386336.5203 0.0000 0.0000 0 8790
1770386336.5282 0.0000 0.0000 0 8791
1770386336.5357 0.0000 0.0000 0 8792
1770386336.5434 0.0000 0.0000 0 8793
1770386336.5517 0.0000 0.0000 0 8794
1770386336.5597 0.0000 0.0000 0 8795
1770386336.5673 0.0000 0.0000 0 8796
1770386336.5761 0.0000 0.0000 0 8797
1770386336.5839 0.0000 0.0000 0 8798
1770386336.5916 0.0000 0.0000 0 8799
1770386336.5995 0.0000 0.0000 0 8800
1770386336.6074 0.0000 0.0000 0 8801
1770386336.6162 0.0000 0.0000 0 8802
1770386336.6239 0.0000 0.0000 0 8803
1770386336.6319 0.0000 0.0000 0 8804
1770386336.6395 0.0000 0.0000 0 8805
1770386336.6475 0.0000 0.0000 0 8806
1770386336.6552 0.0000 0.0000 0 8807
1770386336.6640 0.0000 0.0000 0 8808
1770386336.6719 0.0000 0.0000 0 8809
1770386336.6796 0.0000 0.0000 0 8810
1770386336.6874 0.0000 0.0000 0 8811
1770386336.6952 0.0000 0.0000 0 8812
1770386336.7041 0.0000 0.0000 0 8813
1770386336.7119 0.0000 0.0000 0 8814
1770386336.7196 0.0000 0.0000 0 8815
1770386336.7276 0.0000 0.0000 0 8816
1770386336.7355 0.0000 0.0000 0 8817
1770386336.7435 0.0000 0.0000 0 8818
1770386336.7516 0.0000 0.0000 0 8819
1770386336.7594 0.0000 0.0000 0 8820
1770386336.7672 0.0000 0.0000 0 8821
1770386336.7760 0.0000 0.0000 0 8822
1770386336.7837 0.0000 0.0000 0 8823
1770386336.7917 0.0000 0.0000 0 8824
1770386336.7995 0.0000 0.0000 0 8825
1770386336.8072 0.0000 0.0000 0 8826
1770386336.8161 0.0000 0.0000 0 8827
1770386336.8239 0.0000 0.0000 0 8828
1770386336.8316 0.0000 0.0000 0 8829
1770386336.8395 0.0000 0.0000 0 8830
1770386336.8473 0.0000 0.0000 0 8831
1770386336.8560 0.0000 0.0000 0 8832
1770386336.8639 0.0000 0.0000 0 8833
1770386336.8717 0.0000 0.0000 0 8834
1770386336.8793 0.0000 0.0000 0 8835
1770386336.8872 0.0000 0.0000 0 8836
1770386336.8961 0.0000 0.0000 0 8837
1770386336.9038 0.0000 0.0000 0 8838
1770386336.9117 0.0000 0.0000 0 8839
1770386336.9195 0.0000 0.0000 0 8840
1770386336.9273 0.0000 0.0000 0 8841
1770386336.9354 0.0000 0.0000 0 8842
1770386336.9433 0.0000 0.0000 0 8843
1770386336.9523 0.0000 0.0000 0 8844
1770386336.9602 0.0000 0.0000 0 8845
1770386336.9680 0.0000 0.0000 0 8846
1770386336.9756 0.0000 0.0000 0 8847
1770386336.9834 0.0000 0.0000 0 8848
1770386336.9912 0.0000 0.0000 0 8849
1770386337.0001 0.0000 0.0000 0 8850
1770386337.0079 0.0000 0.0000 0 8851
1770386337.0158 0.0000 0.0000 0 8852
1770386337.0235 0.0000 0.0000 0 8853
1770386337.0323 0.0000 0.0000 0 8854
1770386337.0402 0.0000 0.0000 0 8855
1770386337.0480 0.0000 0.0000 0 8856
1770386337.0559 0.0000 0.0000 0 8857
1770386337.0637 0.0000 0.0000 0 8858
1770386337.0713 0.0000 0.0000 0 8859
1770386337.0801 0.0000 0.0000 0 8860
1770386337.0881 0.0000 0.0000 0 8861
1770386337.0957 0.0000 0.0000 0 8862
1770386337.1036 0.0000 0.0000 0 8863
1770386337.1114 0.0000 0.0000 0 8864
1770386337.1202 0.0000 0.0000 0 8865
1770386337.1281 0.0000 0.0000 0 8866
1770386337.1354 0.0000 0.0000 0 8867
1770386337.1442 0.0000 0.0000 0 8868
1770386337.1520 0.0000 0.0000 0 8869
1770386337.1600 0.0000 0.0000 0 8870
1770386337.1678 0.0000 0.0000 0 8871
1770386337.1755 0.0000 0.0000 0 8872
1770386337.1832 0.0000 0.0000 0 8873
1770386337.1920 0.0000 0.0000 0 8874
1770386337.2000 0.0000 0.0000 0 8875
1770386337.2078 0.0000 0.0000 0 8876
1770386337.2155 0.0000 0.0000 0 8877
1770386337.2234 0.0000 0.0000 0 8878
1770386337.2321 0.0000 0.0000 0 8879
1770386337.2399 0.0000 0.0000 0 8880
1770386337.2478 0.0000 0.0000 0 8881
1770386337.2556 0.0000 0.0000 0 8882
1770386337.2633 0.0000 0.0000 0 8883
1770386337.2720 0.0000 0.0000 0 8884
1770386337.2799 0.0000 0.0000 0 8885
1770386337.2877 0.0000 0.0000 0 8886
1770386337.2955 0.0000 0.0000 0 8887
1770386337.3033 0.0000 0.0000 0 8888
1770386337.3121 0.0000 0.0000 0 8889
1770386337.3200 0.0000 0.0000 0 8890
1770386337.3278 0.0000 0.0000 0 8891
1770386337.3361 0.0000 0.0000 0 8892
1770386337.3440 0.0000 0.0000 0 8893
1770386337.3520 0.0000 0.0000 0 8894
1770386337.3597 0.0000 0.0000 0 8895
1770386337.3676 0.0000 0.0000 0 8896
1770386337.3754 0.0000 0.0000 0 8897
1770386337.3841 0.0000 0.0000 0 8898
1770386337.3920 0.0000 0.0000 0 8899
1770386337.3999 0.0000 0.0000 0 8900
1770386337.4076 0.0000 0.0000 0 8901
1770386337.4154 0.0000 0.0000 0 8902
1770386337.4243 0.0000 0.0000 0 8903
1770386337.4319 0.0000 0.0000 0 8904
1770386337.4397 0.0000 0.0000 0 8905
1770386337.4476 0.0000 0.0000 0 8906
1770386337.4553 0.0000 0.0000 0 8907
1770386337.4642 0.0000 0.0000 0 8908
1770386337.4720 0.0000 0.0000 0 8909
1770386337.4797 0.0000 0.0000 0 8910
1770386337.4876 0.0000 0.0000 0 8911
1770386337.4954 0.0000 0.0000 0 8912
1770386337.5042 0.0000 0.0000 0 8913
1770386337.5120 0.0000 0.0000 0 8914
1770386337.5199 0.0000 0.0000 0 8915
1770386337.5276 0.0000 0.0000 0 8916
1770386337.5361 0.0000 0.0000 0 8917
1770386337.5441 0.0000 0.0000 0 8918
1770386337.5519 0.0000 0.0000 0 8919
1770386337.5597 0.0000 0.0000 0 8920
1770386337.5676 0.0000 0.0000 0 8921
1770386337.5753 0.0000 0.0000 0 8922
1770386337.5842 0.0000 0.0000 0 8923
1770386337.5920 0.0000 0.0000 0 8924
1770386337.5998 0.0000 0.0000 0 8925
1770386337.6076 0.0000 0.0000 0 8926
1770386337.6155 0.0000 0.0000 0 8927
1770386337.6242 0.0000 0.0000 0 8928
1770386337.6319 0.0000 0.0000 0 8929
1770386337.6398 0.0000 0.0000 0 8930
1770386337.6475 0.0000 0.0000 0 8931
1770386337.6554 0.0000 0.0000 0 8932
1770386337.6642 0.0000 0.0000 0 8933
1770386337.6719 0.0000 0.0000 0 8934
1770386337.6797 0.0000 0.0000 0 8935
1770386337.6877 0.0000 0.0000 0 8936
1770386337.6953 0.0000 0.0000 0 8937
1770386337.7041 0.0000 0.0000 0 8938
1770386337.7119 0.0000 0.0000 0 8939
1770386337.7197 0.0000 0.0000 0 8940
1770386337.7275 0.0000 0.0000 0 8941
1770386337.7354 0.0000 0.0000 0 8942
1770386337.7443 0.0000 0.0000 0 8943
1770386337.7512 0.0000 0.0000 0 8944
1770386337.7601 0.0000 0.0000 0 8945
1770386337.7678 0.0000 0.0000 0 8946
1770386337.7756 0.0000 0.0000 0 8947
1770386337.7835 0.0000 0.0000 0 8948
1770386337.7922 0.0000 0.0000 0 8949
1770386337.8001 0.0000 0.0000 0 8950
1770386337.8079 0.0000 0.0000 0 8951
1770386337.8157 0.0000 0.0000 0 8952
1770386337.8234 0.0000 0.0000 0 8953
1770386337.8322 0.0000 0.0000 0 8954
1770386337.8400 0.0000 0.0000 0 8955
1770386337.8480 0.0000 0.0000 0 8956
1770386337.8557 0.0000 0.0000 0 8957
1770386337.8634 0.0000 0.0000 0 8958
1770386337.8722 0.0000 0.0000 0 8959
1770386337.8801 0.0000 0.0000 0 8960
1770386337.8881 0.0000 0.0000 0 8961
1770386337.8959 0.0000 0.0000 0 8962
1770386337.9037 0.0000 0.0000 0 8963
1770386337.9114 0.0000 0.0000 0 8964
1770386337.9194 0.0000 0.0000 0 8965
1770386337.9282 0.0000 0.0000 0 8966
1770386337.9360 0.0000 0.0000 0 8967
1770386337.9439 0.0000 0.0000 0 8968
1770386337.9519 0.0000 0.0000 0 8969
1770386337.9596 0.0000 0.0000 0 8970
1770386337.9675 0.0000 0.0000 0 8971
1770386337.9753 0.0000 0.0000 0 8972
1770386337.9841 0.0000 0.0000 0 8973
1770386337.9919 0.0000 0.0000 0 8974
1770386337.9998 0.0000 0.0000 0 8975
1770386338.0074 0.0000 0.0000 0 8976
1770386338.0154 0.0000 0.0000 0 8977
1770386338.0242 0.0000 0.0000 0 8978
1770386338.0318 0.0000 0.0000 0 8979
1770386338.0397 0.0000 0.0000 0 8980
1770386338.0477 0.0000 0.0000 0 8981
1770386338.0554 0.0000 0.0000 0 8982
1770386338.0643 0.0000 0.0000 0 8983
1770386338.0720 0.0000 0.0000 0 8984
1770386338.0798 0.0000 0.0000 0 8985
1770386338.0876 0.0000 0.0000 0 8986
1770386338.0955 0.0000 0.0000 0 8987
1770386338.1042 0.0000 0.0000 0 8988
1770386338.1121 0.0000 0.0000 0 8989
1770386338.1199 0.0000 0.0000 0 8990
1770386338.1275 0.0000 0.0000 0 8991
1770386338.1358 0.0000 0.0000 0 8992
1770386338.1442 0.0000 0.0000 0 8993
1770386338.1513 0.0000 0.0000 0 8994
1770386338.1594 0.0000 0.0000 0 8995
1770386338.1673 0.0000 0.0000 0 8996
1770386338.1763 0.0000 0.0000 0 8997
1770386338.1842 0.0000 0.0000 0 8998
1770386338.1920 0.0000 0.0000 0 8999
1770386338.2001 0.0000 0.0000 0 9000
1770386338.2082 0.0000 0.0000 0 9001
1770386338.2155 0.0000 0.0000 0 9002
1770386338.2242 0.0000 0.0000 0 9003
1770386338.2319 0.0000 0.0000 0 9004
1770386338.2400 0.0000 0.0000 0 9005
1770386338.2477 0.0000 0.0000 0 9006
1770386338.2556 0.0000 0.0000 0 9007
1770386338.2634 0.0000 0.0000 0 9008
1770386338.2721 0.0000 0.0000 0 9009
1770386338.2800 0.0000 0.0000 0 9010
1770386338.2878 0.0000 0.0000 0 9011
1770386338.2954 0.0000 0.0000 0 9012
1770386338.3043 0.0000 0.0000 0 9013
1770386338.3122 0.0000 0.0000 0 9014
1770386338.3198 0.0000 0.0000 0 9015
1770386338.3276 0.0000 0.0000 0 9016
1770386338.3360 0.0000 0.0000 0 9017
1770386338.3439 0.0000 0.0000 0 9018
1770386338.3518 0.0000 0.0000 0 9019
1770386338.3597 0.0000 0.0000 0 9020
1770386338.3675 0.0000 0.0000 0 9021
1770386338.3755 0.0000 0.0000 0 9022
1770386338.3833 0.0000 0.0000 0 9023
1770386338.3921 0.0000 0.0000 0 9024
1770386338.4001 0.0000 0.0000 0 9025
1770386338.4080 0.0000 0.0000 0 9026
1770386338.4158 0.0000 0.0000 0 9027
1770386338.4235 0.0000 0.0000 0 9028
1770386338.4323 0.0000 0.0000 0 9029
1770386338.4401 0.0000 0.0000 0 9030
1770386338.4480 0.0000 0.0000 0 9031
1770386338.4559 0.0000 0.0000 0 9032
1770386338.4635 0.0000 0.0000 0 9033
1770386338.4723 0.0000 0.0000 0 9034
1770386338.4802 0.0000 0.0000 0 9035
1770386338.4879 0.0000 0.0000 0 9036
1770386338.4957 0.0000 0.0000 0 9037
1770386338.5035 0.0000 0.0000 0 9038
1770386338.5123 0.0000 0.0000 0 9039
1770386338.5202 0.0000 0.0000 0 9040
1770386338.5279 0.0000 0.0000 0 9041
1770386338.5358 0.0000 0.0000 0 9042
1770386338.5438 0.0000 0.0000 0 9043
1770386338.5517 0.0000 0.0000 0 9044
1770386338.5594 0.0000 0.0000 0 9045
1770386338.5683 0.0000 0.0000 0 9046
1770386338.5762 0.0000 0.0000 0 9047
1770386338.5838 0.0000 0.0000 0 9048
1770386338.5915 0.0000 0.0000 0 9049
1770386338.5994 0.0000 0.0000 0 9050
1770386338.6082 0.0000 0.0000 0 9051
1770386338.6161 0.0000 0.0000 0 9052
1770386338.6238 0.0000 0.0000 0 9053
1770386338.6315 0.0000 0.0000 0 9054
1770386338.6394 0.0000 0.0000 0 9055
1770386338.6483 0.0000 0.0000 0 9056
1770386338.6561 0.0000 0.0000 0 9057
1770386338.6639 0.0000 0.0000 0 9058
1770386338.6717 0.0000 0.0000 0 9059
1770386338.6794 0.0000 0.0000 0 9060
1770386338.6883 0.0000 0.0000 0 9061
1770386338.6961 0.0000 0.0000 0 9062
1770386338.7037 0.0000 0.0000 0 9063
1770386338.7116 0.0000 0.0000 0 9064
1770386338.7195 0.0000 0.0000 0 9065
1770386338.7281 0.0000 0.0000 0 9066
1770386338.7361 0.0000 0.0000 0 9067
1770386338.7441 0.0000 0.0000 0 9068
1770386338.7520 0.0000 0.0000 0 9069
1770386338.7599 0.0000 0.0000 0 9070
