% IR distance logfile
% 1 	Time (sec)
% 2-3 	Distance sensor 1 and 2 (meter)
% 4-5 	Raw AD value for sensor 1 and 2
% 6 	Sensor power on (1=on)
1770386328.8596 0.646 1.5 0 0 0
1770386328.8836 0.661 1.5 0 0 0
1770386328.9087 0.682 1.5 0 0 0
1770386328.9337 0.672 1.5 0 0 0
1770386328.9590 0.683 1.5 0 0 0
1770386328.9840 0.656 1.5 0 0 0
1770386329.0092 0.633 1.5 0 0 0
1770386329.0342 0.705 1.5 0 0 0
1770386329.0593 0.679 1.5 0 0 0
1770386329.0844 0.646 1.5 0 0 0
1770386329.1095 0.667 1.5 0 0 0
1770386329.1337 0.681 1.5 0 0 0
1770386329.1586 0.681 1.5 0 0 0
1770386329.1841 0.677 1.5 0 0 0
1770386329.2090 0.692 1.5 0 0 0
1770386329.2346 0.712 1.5 0 0 0
1770386329.2588 0.688 1.5 0 0 0
1770386329.2838 0.681 1.5 0 0 0
1770386329.3090 0.637 1.5 0 0 0
1770386329.3340 0.658 1.5 0 0 0
1770386329.3591 0.667 1.5 0 0 0
1770386329.3844 0.635 1.343 0 0 0
1770386329.4086 0.641 1.243 0 0 0
1770386329.4346 0.626 1.058 0 0 0
1770386329.4596 0.609 1.008 0 0 0
1770386329.4836 0.604 0.902 0 0 0
1770386329.5087 0.592 0.788 0 0 0
1770386329.5341 0.586 0.778 0 0 0
1770386329.5592 0.577 0.759 0 0 0
1770386329.5843 0.593 0.73 0 0 0
1770386329.6093 0.571 0.661 0 0 0
1770386329.6344 0.546 0.715 0 0 0
1770386329.6594 0.533 0.742 0 0 0
1770386329.6844 0.525 0.748 0 0 0
1770386329.7093 0.519 0.761 0 0 0
1770386329.7345 0.508 0.732 0 0 0
1770386329.7601 0.525 0.72 0 0 0
1770386329.7852 0.563 0.69 0 0 0
1770386329.8092 0.569 0.668 0 0 0
1770386329.8342 0.602 0.665 0 0 0
1770386329.8592 0.688 0.643 0 0 0
1770386329.8843 0.66 0.643 0 0 0
1770386329.9093 0.651 0.634 0 0 0
1770386329.9344 0.663 0.617 0 0 0
1770386329.9595 0.713 0.586 0 0 0
1770386329.9846 0.752 0.543 0 0 0
1770386330.0097 0.788 0.532 0 0 0
1770386330.0348 0.803 0.498 0 0 0
1770386330.0599 0.765 0.479 0 0 0
1770386330.0850 0.875 0.453 0 0 0
1770386330.1091 0.923 0.431 0 0 0
1770386330.1343 0.874 0.422 0 0 0
1770386330.1596 0.901 0.401 0 0 0
1770386330.1847 0.891 0.395 0 0 0
1770386330.2097 0.926 0.373 0 0 0
1770386330.2348 0.888 0.356 0 0 0
1770386330.2599 0.821 0.344 0 0 0
1770386330.2848 0.791 0.322 0 0 0
1770386330.3099 0.774 0.316 0 0 0
1770386330.3350 0.757 0.299 0 0 0
1770386330.3593 0.742 0.29 0 0 0
1770386330.3853 0.689 0.276 0 0 0
1770386330.4105 0.649 0.264 0 0 0
1770386330.4355 0.596 0.256 0 0 0
1770386330.4607 0.568 0.247 0 0 0
1770386330.4856 0.536 0.245 0 0 0
1770386330.5106 0.536 0.236 0 0 0
1770386330.5347 0.558 0.23 0 0 0
1770386330.5600 0.587 0.223 0 0 0
1770386330.5850 0.634 0.219 0 0 0
1770386330.6100 0.67 0.217 0 0 0
1770386330.6351 0.669 0.214 0 0 0
1770386330.6602 0.695 0.215 0 0 0
1770386330.6852 0.71 0.209 0 0 0
1770386330.7102 0.648 0.212 0 0 0
1770386330.7354 0.643 0.212 0 0 0
1770386330.7596 0.625 0.231 0 0 0
1770386330.7846 0.657 0.24 0 0 0
1770386330.8097 0.688 0.243 0 0 0
1770386330.8348 0.732 0.236 0 0 0
1770386330.8600 0.835 0.224 0 0 0
1770386330.8855 0.861 0.282 0 0 0
1770386330.9099 0.874 0.316 0 0 0
1770386330.9351 0.923 0.635 0 0 0
1770386330.9603 0.924 0.95 0 0 0
1770386330.9854 0.866 1.309 0 0 0
1770386331.0105 0.834 1.5 0 0 0
1770386331.0345 0.816 1.5 0 0 0
1770386331.0598 0.831 1.5 0 0 0
1770386331.0849 0.844 1.5 0 0 0
1770386331.1099 0.886 1.5 0 0 0
1770386331.1350 0.81 1.5 0 0 0
1770386331.1603 0.792 1.5 0 0 0
1770386331.1855 0.822 1.5 0 0 0
1770386331.2095 0.825 1.5 0 0 0
1770386331.2345 0.837 1.5 0 0 0
1770386331.2597 0.824 1.5 0 0 0
1770386331.2847 0.775 1.5 0 0 0
1770386331.3097 0.736 1.5 0 0 0
1770386331.3348 0.629 1.5 0 0 0
1770386331.3603 0.586 1.5 0 0 0
1770386331.3854 0.53 1.5 0 0 0
1770386331.4094 0.503 1.5 0 0 0
1770386331.4345 0.489 1.5 0 0 0
1770386331.4596 0.456 1.5 0 0 0
1770386331.4847 0.437 1.5 0 0 0
1770386331.5098 0.421 1.5 0 0 0
1770386331.5348 0.394 1.5 0 0 0
1770386331.5594 0.365 1.5 0 0 0
1770386331.5849 0.339 1.5 0 0 0
1770386331.6104 0.312 1.5 0 0 0
1770386331.6346 0.303 1.5 0 0 0
1770386331.6603 0.299 1.5 0 0 0
1770386331.6849 0.297 1.5 0 0 0
1770386331.7095 0.291 1.5 0 0 0
1770386331.7349 0.285 1.5 0 0 0
1770386331.7601 0.279 1.5 0 0 0
1770386331.7847 0.276 1.5 0 0 0
1770386331.8102 0.273 1.5 0 0 0
1770386331.8345 0.27 1.5 0 0 0
1770386331.8601 0.269 1.5 0 0 0
1770386331.8845 0.28 1.5 0 0 0
1770386331.9101 0.287 1.5 0 0 0
1770386331.9345 0.292 1.5 0 0 0
1770386331.9601 0.268 1.5 0 0 0
1770386331.9853 0.286 1.5 0 0 0
1770386332.0094 0.326 1.5 0 0 0
1770386332.0351 0.417 1.5 0 0 0
1770386332.0600 0.495 1.5 0 0 0
1770386332.0847 0.585 1.5 0 0 0
1770386332.1093 0.601 1.5 0 0 0
1770386332.1349 0.604 1.5 0 0 0
1770386332.1601 0.646 1.5 0 0 0
1770386332.1847 0.68 1.5 0 0 0
1770386332.2103 0.669 1.5 0 0 0
1770386332.2347 0.702 1.5 0 0 0
1770386332.2594 0.703 1.5 0 0 0
1770386332.2850 0.675 1.5 0 0 0
1770386332.3095 0.811 1.5 0 0 0
1770386332.3350 0.971 1.5 0 0 0
1770386332.3601 1.236 1.5 0 0 0
1770386332.3846 1.5 1.5 0 0 0
1770386332.4102 1.5 1.5 0 0 0
1770386332.4347 0.508 1.5 0 0 0
1770386332.4601 0.334 1.5 0 0 0
1770386332.4846 0.279 1.5 0 0 0
1770386332.5091 0.277 1.5 0 0 0
1770386332.5347 0.271 1.5 0 0 0
1770386332.5596 0.267 1.5 0 0 0
1770386332.5849 0.238 1.5 0 0 0
1770386332.6096 0.226 1.5 0 0 0
1770386332.6351 0.213 1.5 0 0 0
1770386332.6601 0.204 1.5 0 0 0
1770386332.6851 0.198 1.5 0 0 0
1770386332.7100 0.188 1.5 0 0 0
1770386332.7348 0.153 1.5 0 0 0
1770386332.7599 0.14 1.5 0 0 0
1770386332.7850 0.128 1.5 0 0 0
1770386332.8099 0.133 1.5 0 0 0
1770386332.8344 0.138 1.5 0 0 0
1770386332.8602 0.16 1.5 0 0 0
1770386332.8847 0.194 1.5 0 0 0
1770386332.9092 0.232 1.5 0 0 0
1770386332.9348 0.321 1.5 0 0 0
1770386332.9590 0.4 1.5 0 0 0
1770386332.9841 0.51 1.5 0 0 0
1770386333.0090 0.655 1.5 0 0 0
1770386333.0347 0.721 1.5 0 0 0
1770386333.0593 0.726 1.5 0 0 0
1770386333.0848 0.776 1.5 0 0 0
1770386333.1093 0.793 1.5 0 0 0
1770386333.1349 0.929 1.5 0 0 0
1770386333.1599 0.92 1.5 0 0 0
1770386333.1845 0.891 1.5 0 0 0
1770386333.2101 0.946 1.5 0 0 0
1770386333.2346 0.935 1.5 0 0 0
1770386333.2601 0.907 1.5 0 0 0
1770386333.2846 0.89 1.5 0 0 0
1770386333.3101 0.89 1.5 0 0 0
1770386333.3347 0.839 1.5 0 0 0
1770386333.3596 0.788 1.5 0 0 0
1770386333.3852 0.793 1.5 0 0 0
1770386333.4099 0.85 1.5 0 0 0
1770386333.4346 0.987 1.5 0 0 0
1770386333.4595 1.108 1.5 0 0 0
1770386333.4843 0.925 1.5 0 0 0
1770386333.5091 0.946 1.5 0 0 0
1770386333.5350 0.938 1.5 0 0 0
1770386333.5600 0.94 1.5 0 0 0
1770386333.5844 0.92 1.5 0 0 0
1770386333.6099 0.829 1.5 0 0 0
1770386333.6344 0.968 1.5 0 0 0
1770386333.6599 1.023 1.5 0 0 0
1770386333.6853 1.021 1.5 0 0 0
1770386333.7098 0.916 1.5 0 0 0
1770386333.7354 0.832 1.5 0 0 0
1770386333.7603 0.792 1.5 0 0 0
1770386333.7849 0.8 1.5 0 0 0
1770386333.8105 0.804 1.5 0 0 0
1770386333.8351 0.791 1.5 0 0 0
1770386333.8595 0.797 1.5 0 0 0
1770386333.8850 0.819 1.5 0 0 0
1770386333.9095 0.824 1.5 0 0 0
1770386333.9351 0.842 1.5 0 0 0
1770386333.9599 0.881 1.5 0 0 0
1770386333.9854 0.848 1.5 0 0 0
1770386334.0099 0.867 1.5 0 0 0
1770386334.0354 0.932 1.5 0 0 0
1770386334.0600 0.911 1.5 0 0 0
1770386334.0846 0.903 1.5 0 0 0
1770386334.1101 0.88 1.366 0 0 0
1770386334.1346 0.86 1.156 0 0 0
1770386334.1604 0.827 1.222 0 0 0
1770386334.1849 0.81 1.143 0 0 0
1770386334.2103 0.816 1.268 0 0 0
1770386334.2348 0.769 1.31 0 0 0
1770386334.2603 0.797 1.5 0 0 0
1770386334.2848 0.819 1.5 0 0 0
1770386334.3102 0.804 1.5 0 0 0
1770386334.3349 0.802 1.5 0 0 0
1770386334.3600 0.779 1.5 0 0 0
1770386334.3847 0.845 1.5 0 0 0
1770386334.4102 0.917 1.5 0 0 0
1770386334.4347 0.93 1.5 0 0 0
1770386334.4603 0.868 1.5 0 0 0
1770386334.4847 0.835 1.5 0 0 0
1770386334.5102 0.817 1.5 0 0 0
1770386334.5347 0.916 1.5 0 0 0
1770386334.5595 0.946 1.5 0 0 0
1770386334.5850 0.97 1.5 0 0 0
1770386334.6094 0.916 1.5 0 0 0
1770386334.6350 0.901 1.5 0 0 0
1770386334.6595 0.895 1.5 0 0 0
1770386334.6852 0.926 1.5 0 0 0
1770386334.7096 0.965 1.5 0 0 0
1770386334.7352 0.904 1.5 0 0 0
1770386334.7602 0.867 1.5 0 0 0
1770386334.7848 0.84 1.5 0 0 0
1770386334.8103 0.822 1.5 0 0 0
1770386334.8348 0.882 1.5 0 0 0
1770386334.8593 0.93 1.5 0 0 0
1770386334.8848 0.891 1.5 0 0 0
1770386334.9103 0.866 1.5 0 0 0
1770386334.9347 0.778 1.5 0 0 0
1770386334.9596 0.804 1.5 0 0 0
1770386334.9843 0.818 1.5 0 0 0
1770386335.0099 0.852 1.5 0 0 0
1770386335.0343 0.889 1.5 0 0 0
1770386335.0600 0.874 1.5 0 0 0
1770386335.0844 0.934 1.5 0 0 0
1770386335.1099 0.9 1.5 0 0 0
1770386335.1343 0.826 1.5 0 0 0
1770386335.1601 0.838 1.5 0 0 0
1770386335.1847 0.839 1.5 0 0 0
1770386335.2102 0.865 1.5 0 0 0
1770386335.2346 0.851 1.5 0 0 0
1770386335.2602 0.847 1.5 0 0 0
1770386335.2848 0.939 1.5 0 0 0
1770386335.3092 0.912 1.5 0 0 0
1770386335.3348 0.881 1.5 0 0 0
1770386335.3598 0.846 1.5 0 0 0
1770386335.3843 0.858 1.5 0 0 0
1770386335.4098 0.889 1.5 0 0 0
1770386335.4343 0.886 1.5 0 0 0
1770386335.4598 0.874 1.5 0 0 0
1770386335.4844 0.839 1.5 0 0 0
1770386335.5099 0.823 1.5 0 0 0
1770386335.5343 0.836 1.5 0 0 0
1770386335.5595 0.818 1.5 0 0 0
1770386335.5844 0.844 1.5 0 0 0
1770386335.6102 0.877 1.5 0 0 0
1770386335.6348 0.822 1.5 0 0 0
1770386335.6595 0.804 1.5 0 0 0
1770386335.6850 0.772 1.5 0 0 0
1770386335.7095 0.882 1.5 0 0 0
1770386335.7351 0.923 1.5 0 0 0
1770386335.7600 0.88 1.5 0 0 0
1770386335.7845 0.848 1.5 0 0 0
1770386335.8099 0.871 1.5 0 0 0
1770386335.8344 0.918 1.5 0 0 0
1770386335.8597 0.918 1.5 0 0 0
1770386335.8844 0.87 1.5 0 0 0
1770386335.9099 0.793 1.5 0 0 0
1770386335.9343 0.807 1.5 0 0 0
1770386335.9591 0.807 1.5 0 0 0
1770386335.9844 0.876 1.5 0 0 0
1770386336.0094 0.854 1.5 0 0 0
1770386336.0347 0.827 1.5 0 0 0
1770386336.0593 0.922 1.5 0 0 0
1770386336.0844 0.955 1.5 0 0 0
1770386336.1092 0.97 1.5 0 0 0
1770386336.1353 0.833 1.5 0 0 0
1770386336.1600 0.824 1.5 0 0 0
1770386336.1847 0.871 1.5 0 0 0
1770386336.2092 0.841 1.5 0 0 0
1770386336.2347 0.845 1.5 0 0 0
1770386336.2590 0.865 1.5 0 0 0
1770386336.2846 0.843 1.5 0 0 0
1770386336.3090 0.83 1.5 0 0 0
1770386336.3341 0.847 1.5 0 0 0
1770386336.3591 0.863 1.5 0 0 0
1770386336.3847 0.82 1.5 0 0 0
1770386336.4093 0.854 1.5 0 0 0
1770386336.4347 0.868 1.5 0 0 0
1770386336.4591 0.82 1.5 0 0 0
1770386336.4848 0.913 1.5 0 0 0
1770386336.5093 0.917 1.5 0 0 0
1770386336.5342 0.834 1.5 0 0 0
1770386336.5596 0.913 1.5 0 0 0
1770386336.5840 0.926 1.5 0 0 0
1770386336.6096 0.855 1.5 0 0 0
1770386336.6341 0.835 1.5 0 0 0
1770386336.6597 0.814 1.5 0 0 0
1770386336.6841 0.835 1.5 0 0 0
1770386336.7096 0.808 1.5 0 0 0
1770386336.7344 0.773 1.5 0 0 0
1770386336.7593 0.811 1.5 0 0 0
1770386336.7851 0.859 1.5 0 0 0
1770386336.8095 0.942 1.5 0 0 0
1770386336.8351 0.827 1.5 0 0 0
1770386336.8595 0.802 1.5 0 0 0
1770386336.8849 0.87 1.5 0 0 0
1770386336.9095 0.883 1.5 0 0 0
1770386336.9353 0.895 1.5 0 0 0
1770386336.9602 0.837 1.5 0 0 0
1770386336.9846 0.801 1.5 0 0 0
1770386337.0101 0.78 1.5 0 0 0
1770386337.0346 0.832 1.5 0 0 0
1770386337.0604 0.888 1.5 0 0 0
1770386337.0847 0.874 1.5 0 0 0
1770386337.1103 0.873 1.5 0 0 0
1770386337.1353 0.892 1.5 0 0 0
1770386337.1600 0.869 1.5 0 0 0
1770386337.1855 0.859 1.5 0 0 0
1770386337.2100 0.829 1.5 0 0 0
1770386337.2355 0.814 1.5 0 0 0
1770386337.2599 0.858 1.5 0 0 0
1770386337.2854 0.86 1.5 0 0 0
1770386337.3099 0.89 1.5 0 0 0
1770386337.3350 0.837 1.5 0 0 0
1770386337.3599 0.775 1.5 0 0 0
1770386337.3855 0.858 1.5 0 0 0
1770386337.4099 0.875 1.5 0 0 0
1770386337.4354 0.881 1.5 0 0 0
1770386337.4599 0.892 1.5 0 0 0
1770386337.4854 0.859 1.5 0 0 0
1770386337.5098 0.801 1.5 0 0 0
1770386337.5350 0.803 1.5 0 0 0
1770386337.5598 0.813 1.5 0 0 0
1770386337.5854 0.87 1.5 0 0 0
1770386337.6098 0.919 1.5 0 0 0
1770386337.6353 0.964 1.5 0 0 0
1770386337.6597 0.906 1.5 0 0 0
1770386337.6854 0.906 1.5 0 0 0
1770386337.7098 0.893 1.5 0 0 0
1770386337.7353 0.837 1.5 0 0 0
1770386337.7602 0.839 1.5 0 0 0
1770386337.7847 0.815 1.5 0 0 0
1770386337.8101 0.785 1.5 0 0 0
1770386337.8346 0.782 1.5 0 0 0
1770386337.8601 0.796 1.5 0 0 0
1770386337.8847 0.829 1.5 0 0 0
1770386337.9103 0.814 1.5 0 0 0
1770386337.9349 0.854 1.5 0 0 0
1770386337.9597 0.912 1.5 0 0 0
1770386337.9854 0.926 1.5 0 0 0
1770386338.0098 0.872 1.5 0 0 0
1770386338.0354 0.875 1.5 0 0 0
1770386338.0599 0.915 1.5 0 0 0
1770386338.0844 0.875 1.5 0 0 0
1770386338.1098 0.827 1.5 0 0 0
1770386338.1347 0.82 1.5 0 0 0
1770386338.1595 0.892 1.5 0 0 0
1770386338.1854 0.926 1.5 0 0 0
1770386338.2097 0.911 1.5 0 0 0
1770386338.2354 0.86 1.5 0 0 0
1770386338.2600 0.833 1.5 0 0 0
1770386338.2845 0.876 1.5 0 0 0
1770386338.3100 0.891 1.5 0 0 0
1770386338.3349 0.898 1.5 0 0 0
1770386338.3598 0.886 1.5 0 0 0
1770386338.3846 0.902 1.5 0 0 0
1770386338.4102 0.895 1.5 0 0 0
1770386338.4347 0.815 1.5 0 0 0
1770386338.4602 0.801 1.5 0 0 0
1770386338.4846 0.856 1.5 0 0 0
1770386338.5102 0.843 1.5 0 0 0
1770386338.5346 0.831 1.5 0 0 0
1770386338.5595 0.852 1.5 0 0 0
1770386338.5851 0.865 1.5 0 0 0
1770386338.6096 0.824 1.5 0 0 0
1770386338.6350 0.814 1.5 0 0 0
1770386338.6595 0.829 1.5 0 0 0
1770386338.6850 0.81 1.5 0 0 0
1770386338.7095 0.868 1.5 0 0 0
1770386338.7350 0.879 1.5 0 0 0
1770386338.7600 0.87 1.5 0 0 0
