% Mixer logfile
% Wheel base used in calculation: 0.22 m
% 1 	Time (sec)
% 2 	control source 0 = this, 1 = manuel (gamepad), 2.. = MQTT
% 3 	manual override mode (0= automatic, 1=manuel mode (gamepad))
% 4 	Linear velocity (m/s)
% 5 	Curvature (rad/m)
% 6 	Desired left wheel velocity (rad/s)
% 7 	Desired right wheel velocity (rad/s)
1770386329.2348 2 0 0.250 0.000 0.250 0.250 1
1770386329.7357 2 0 0.250 0.000 0.250 0.250 1
1770386330.2367 2 0 0.250 0.000 0.250 0.250 1
1770386330.7371 2 0 0.250 0.000 0.250 0.250 1
1770386331.2381 2 0 0.250 0.000 0.250 0.250 1
1770386331.3372 2 0 0.100 0.500 0.045 0.155 2
1770386331.8378 2 0 0.100 0.500 0.045 0.155 2
1770386332.3382 2 0 0.100 0.500 0.045 0.155 2
1770386332.8382 2 0 0.100 0.500 0.045 0.155 2
1770386333.3383 2 0 0.100 0.500 0.045 0.155 2
1770386333.8390 2 0 0.100 0.500 0.045 0.155 2
1770386334.3394 2 0 0.100 0.500 0.045 0.155 2
1770386334.4416 2 0 0.000 0.000 0.000 0.000 3
1770386334.9418 2 0 0.000 0.000 0.000 0.000 3
1770386335.4420 2 0 0.000 0.000 0.000 0.000 3
1770386335.9429 2 0 0.000 0.000 0.000 0.000 3
1770386336.4435 2 0 0.000 0.000 0.000 0.000 3
1770386336.9439 2 0 0.000 0.000 0.000 0.000 3
1770386337.4440 2 0 0.000 0.000 0.000 0.000 3
1770386337.9447 2 0 0.000 0.000 0.000 0.000 3
1770386338.4455 2 0 0.000 0.000 0.000 0.000 3
1770386338.6523 2 0 0.000 0.000 0.000 0.000 4
1770386338.7262 2 0 0.000 0.000 0.000 0.000 5
