% Edge
% 1 	Time (sec)
% 2-10 	sensor AD value (0..4196), sensor 0 is left, AD=0 is no reflection
1770386328.848 289 333 345 278 323 342 320 241
1770386328.898 294 334 345 282 327 345 316 236
1770386328.949 288 330 345 287 328 340 316 239
1770386328.999 288 333 350 282 327 346 317 237
1770386329.048 284 326 347 286 333 347 317 243
1770386329.098 285 332 351 288 328 342 320 246
1770386329.149 290 331 348 284 330 346 316 238
1770386329.198 286 331 347 288 328 343 318 240
1770386329.249 285 328 346 287 323 344 317 242
1770386329.299 284 324 347 285 323 341 314 240
1770386329.349 289 330 350 281 324 341 312 241
1770386329.398 291 335 354 285 323 344 313 240
1770386329.448 294 336 360 286 327 346 325 246
1770386329.498 293 342 356 278 325 352 326 240
1770386329.549 294 341 356 285 325 345 315 246
1770386329.598 290 337 358 284 321 344 320 243
1770386329.648 296 341 365 296 332 345 317 238
1770386329.698 297 343 369 297 329 347 319 240
1770386329.749 289 338 360 286 332 350 319 237
1770386329.798 285 337 359 289 333 343 320 243
1770386329.848 290 339 365 295 330 349 325 239
1770386329.898 297 339 364 297 336 356 322 242
1770386329.948 287 341 365 298 339 362 338 245
1770386329.998 293 349 371 302 339 358 332 244
1770386330.048 291 344 371 303 340 363 335 243
1770386330.098 282 334 359 299 344 365 332 240
1770386330.148 292 340 367 303 346 367 331 244
1770386330.198 290 342 365 298 339 363 336 243
1770386330.248 285 331 361 302 345 362 330 243
1770386330.299 294 339 374 305 347 371 339 250
1770386330.348 299 344 370 305 349 373 336 245
1770386330.398 296 338 364 302 345 367 335 251
1770386330.448 290 339 360 293 345 369 333 243
1770386330.498 286 335 365 296 341 363 336 244
1770386330.548 288 339 368 301 342 366 333 248
1770386330.599 287 339 370 306 350 367 333 250
1770386330.648 291 345 371 303 350 361 333 249
1770386330.698 291 344 372 300 342 362 333 249
1770386330.748 290 345 369 302 337 358 333 248
1770386330.798 288 340 363 301 340 357 329 246
1770386330.849 285 332 362 297 334 352 330 244
1770386330.898 286 338 362 292 337 359 330 242
1770386330.949 290 331 355 294 336 354 326 247
1770386330.999 283 332 357 295 332 363 334 247
1770386331.048 290 335 359 294 342 366 333 241
1770386331.099 290 335 364 300 346 362 327 239
1770386331.149 291 335 366 294 338 357 324 236
1770386331.198 289 335 365 303 339 358 330 246
1770386331.248 293 341 365 297 336 361 334 247
1770386331.298 294 342 362 296 339 361 330 244
1770386331.349 291 338 366 299 339 366 333 245
1770386331.398 288 341 361 298 342 373 340 248
1770386331.448 288 341 368 299 337 365 334 245
1770386331.498 293 338 360 288 337 361 330 242
1770386331.549 285 333 359 292 332 354 335 248
1770386331.599 282 332 349 288 330 358 341 245
1770386331.649 284 327 353 292 332 355 331 246
1770386331.699 278 328 348 291 338 361 333 246
1770386331.748 279 326 351 297 338 359 330 243
1770386331.798 283 328 354 293 334 359 338 250
1770386331.849 287 329 349 287 334 364 342 253
1770386331.898 280 329 351 291 334 359 338 255
1770386331.948 279 320 338 283 331 365 335 249
1770386331.998 276 321 343 283 330 356 328 251
1770386332.048 282 319 342 285 334 356 337 257
1770386332.098 283 322 341 282 334 355 337 254
1770386332.148 280 326 344 284 327 355 340 257
1770386332.199 293 328 348 284 327 355 332 255
1770386332.248 287 333 357 291 328 352 334 255
1770386332.298 292 341 356 283 331 360 335 253
1770386332.348 292 334 359 293 337 358 333 256
1770386332.398 290 338 361 292 335 359 337 250
1770386332.449 288 338 369 296 329 354 333 256
1770386332.498 294 343 367 291 330 355 335 256
1770386332.549 298 341 367 302 342 355 328 249
1770386332.598 284 339 366 302 340 359 336 253
1770386332.648 288 341 368 302 344 363 333 252
1770386332.698 282 336 365 300 342 361 336 255
1770386332.748 285 332 363 299 344 364 336 255
1770386332.798 282 335 357 299 342 369 347 259
1770386332.848 282 332 356 292 344 372 345 258
1770386332.898 284 327 349 295 345 365 340 258
1770386332.948 270 326 353 291 335 360 338 255
1770386332.998 277 326 352 287 334 360 337 249
1770386333.048 272 326 355 288 330 356 334 253
1770386333.098 276 329 352 284 333 362 335 248
1770386333.148 276 329 351 284 331 357 330 249
1770386333.198 282 328 353 289 333 360 330 245
1770386333.247 282 324 348 290 343 363 323 242
1770386333.298 284 327 348 290 331 354 330 248
1770386333.348 284 334 355 287 332 352 326 248
1770386333.398 287 327 350 287 327 353 327 252
1770386333.448 283 325 349 286 333 356 325 244
1770386333.498 288 327 346 281 334 354 326 244
1770386333.548 289 331 350 283 335 353 323 245
1770386333.598 287 333 356 292 334 355 331 247
1770386333.648 292 338 356 291 333 353 327 246
1770386333.698 286 338 360 296 335 354 333 256
1770386333.748 297 344 358 293 339 361 336 250
1770386333.798 295 341 361 297 338 355 332 254
1770386333.848 301 344 363 298 340 361 333 249
1770386333.898 292 340 363 300 344 362 334 254
1770386333.948 295 344 364 299 344 368 338 251
1770386333.997 297 340 367 300 342 360 338 254
1770386334.047 295 349 368 298 338 366 341 252
1770386334.097 299 346 373 298 345 369 346 257
1770386334.148 300 345 366 301 347 369 344 252
1770386334.198 297 344 369 307 345 371 342 256
1770386334.248 299 346 370 309 349 370 342 257
1770386334.298 295 347 374 307 344 367 344 262
1770386334.348 294 343 363 304 348 374 352 261
1770386334.397 293 344 367 301 347 369 344 262
1770386334.448 296 345 365 299 347 376 351 258
1770386334.498 299 348 373 302 350 369 343 257
1770386334.548 298 347 371 303 349 371 344 259
1770386334.598 299 346 368 301 351 368 342 259
1770386334.648 298 352 366 301 348 372 344 258
1770386334.697 300 344 362 298 352 371 340 254
1770386334.747 296 350 371 304 347 369 346 263
1770386334.798 292 346 368 300 354 372 341 260
1770386334.848 299 349 368 301 347 370 343 259
1770386334.898 294 345 368 303 348 368 341 256
1770386334.948 294 346 365 303 350 369 344 256
1770386334.997 297 341 367 300 346 371 340 257
1770386335.047 298 348 368 302 352 368 343 259
1770386335.097 300 347 364 303 349 371 339 255
1770386335.147 294 346 370 306 348 372 345 258
1770386335.197 302 347 363 302 353 371 342 259
1770386335.248 298 347 370 304 348 370 341 255
1770386335.298 295 344 369 306 350 368 340 259
1770386335.347 304 350 366 299 346 370 344 257
1770386335.397 297 344 362 303 350 374 340 254
1770386335.447 299 345 370 302 349 371 345 257
1770386335.497 296 344 366 305 350 369 339 257
1770386335.548 301 349 369 302 348 370 343 260
1770386335.597 296 348 370 302 351 370 343 256
1770386335.647 302 350 366 299 353 375 342 256
1770386335.697 295 345 371 305 346 369 336 254
1770386335.748 297 347 369 301 347 371 338 258
1770386335.797 301 348 371 304 349 370 341 256
1770386335.847 300 351 369 302 349 372 345 257
1770386335.897 303 345 367 303 354 370 336 254
1770386335.947 297 347 367 301 350 370 341 259
1770386335.997 297 349 371 306 348 366 339 258
1770386336.048 301 349 367 301 350 374 346 256
1770386336.098 299 343 364 306 354 369 341 257
1770386336.147 296 348 370 302 351 373 344 254
1770386336.198 300 345 369 304 351 368 344 259
1770386336.247 304 353 371 300 349 371 343 256
1770386336.298 304 348 368 301 349 373 344 256
1770386336.347 300 347 368 305 352 373 338 256
1770386336.397 295 347 370 306 351 371 343 262
1770386336.448 296 346 368 306 352 372 341 256
1770386336.497 298 349 370 301 349 369 343 258
1770386336.547 297 346 368 300 352 374 341 254
1770386336.597 297 349 371 308 351 368 339 256
1770386336.647 298 350 371 305 350 372 343 258
1770386336.697 299 346 371 302 349 371 342 258
1770386336.747 302 344 363 302 354 376 340 253
1770386336.797 295 344 367 307 349 367 341 256
1770386336.847 301 347 367 304 353 372 342 255
1770386336.897 296 343 367 302 348 370 345 261
1770386336.947 300 347 368 305 353 372 344 257
1770386336.997 299 348 369 305 353 371 343 258
1770386337.047 295 347 369 304 349 368 338 256
1770386337.097 302 351 368 306 352 372 344 259
1770386337.147 300 341 367 301 351 373 344 257
1770386337.197 298 348 366 302 351 375 342 253
1770386337.247 294 346 372 305 353 367 340 263
1770386337.297 297 350 369 301 348 373 345 259
1770386337.347 297 346 364 303 352 375 344 257
1770386337.397 299 345 365 303 353 373 342 255
1770386337.447 297 343 373 305 351 369 342 261
1770386337.497 294 349 367 300 351 370 342 256
1770386337.547 296 346 368 304 353 371 344 263
1770386337.597 295 345 366 302 354 374 346 258
1770386337.647 292 348 367 300 348 371 341 259
1770386337.697 297 345 366 302 349 373 344 258
1770386337.747 298 346 370 299 349 374 343 257
1770386337.796 299 346 368 303 353 371 342 254
1770386337.846 296 343 364 299 350 374 342 263
1770386337.897 298 347 372 308 350 373 346 260
1770386337.947 298 349 368 299 350 376 344 259
1770386337.997 300 344 368 303 351 371 342 262
1770386338.047 299 347 367 302 352 371 341 256
1770386338.097 296 349 372 303 348 370 339 257
1770386338.147 296 344 368 302 352 369 342 261
1770386338.196 298 347 366 299 345 376 346 256
1770386338.247 301 343 365 306 356 373 342 258
1770386338.296 295 344 370 300 349 369 342 262
1770386338.347 295 350 371 302 350 372 344 258
1770386338.396 298 345 365 300 354 374 343 257
1770386338.446 293 348 368 304 350 372 342 259
1770386338.496 297 342 366 302 349 371 344 260
1770386338.547 299 347 368 302 348 374 345 259
1770386338.597 298 348 370 306 351 372 344 258
1770386338.647 297 347 366 302 349 369 339 258
1770386338.697 292 343 371 305 349 370 341 261
1770386338.747 302 347 368 301 352 374 343 257
