% Accelerometer logfile (IMU1)
% 1 	Time (sec)
% 2-4 	Accelerometer (x,y,z)
1770386328.8520 0.0315 -0.0098 0.9856
1770386328.8641 0.0352 -0.0110 0.9829
1770386328.8760 0.0349 -0.0029 0.9846
1770386328.8880 0.0383 -0.0105 0.9866
1770386328.8999 0.0354 -0.0081 0.9851
1770386328.9120 0.0396 -0.0090 0.9832
1770386328.9240 0.0354 -0.0107 0.9854
1770386328.9359 0.0352 -0.0076 0.9863
1770386328.9481 0.0371 -0.0090 0.9814
1770386328.9601 0.0364 -0.0081 0.9800
1770386328.9721 0.0361 -0.0083 0.9880
1770386328.9841 0.0374 -0.0100 0.9812
1770386328.9960 0.0366 -0.0098 0.9773
1770386329.0081 0.0366 -0.0103 0.9861
1770386329.0201 0.0361 -0.0081 0.9832
1770386329.0320 0.0354 -0.0095 0.9832
1770386329.0441 0.0393 -0.0103 0.9858
1770386329.0561 0.0361 -0.0081 0.9829
1770386329.0680 0.0354 -0.0081 0.9834
1770386329.0800 0.0364 -0.0068 0.9841
1770386329.0920 0.0378 -0.0098 0.9885
1770386329.1041 0.0378 -0.0083 0.9822
1770386329.1161 0.0356 -0.0090 0.9829
1770386329.1282 0.0315 -0.0100 0.9844
1770386329.1406 0.0359 -0.0088 0.9807
1770386329.1518 0.0383 -0.0098 0.9849
1770386329.1641 0.0339 -0.0115 0.9839
1770386329.1764 0.0352 -0.0117 0.9795
1770386329.1886 0.0374 -0.0103 0.9800
1770386329.1999 0.0364 -0.0068 0.9834
1770386329.2123 0.0369 -0.0088 0.9795
1770386329.2237 0.0347 -0.0063 0.9875
1770386329.2359 0.0366 -0.0088 0.9880
1770386329.2479 0.0427 -0.0068 0.9734
1770386329.2599 -0.0144 0.0081 0.9639
1770386329.2719 0.4075 -0.3538 1.3530
1770386329.2839 0.2241 -0.0876 0.5466
1770386329.2959 0.3311 -0.1169 0.8413
1770386329.3079 0.3135 -0.1333 1.1023
1770386329.3199 0.2764 -0.0457 0.7175
1770386329.3317 0.2920 -0.0977 1.0740
1770386329.3446 0.3838 0.0566 1.0012
1770386329.3557 0.1760 -0.0210 0.9639
1770386329.3679 0.2446 0.0593 0.9258
1770386329.3800 0.2617 0.1121 1.1733
1770386329.3921 0.2131 0.0649 0.8174
1770386329.4043 0.2139 0.1033 1.1626
1770386329.4162 0.2036 0.0959 0.9900
1770386329.4280 0.0635 0.0225 0.9448
1770386329.4401 0.0708 0.0344 0.9590
1770386329.4519 0.1191 0.0613 0.9502
1770386329.4640 0.0854 0.0249 0.8564
1770386329.4760 0.1038 0.0420 0.9065
1770386329.4879 0.0461 -0.0088 1.0474
1770386329.5000 -0.0005 -0.0396 0.9954
1770386329.5120 0.0291 -0.0205 1.0872
1770386329.5240 -0.0032 -0.0371 0.8350
1770386329.5364 0.0349 0.0071 1.0959
1770386329.5482 -0.0066 0.0188 0.9878
1770386329.5603 -0.0464 -0.0239 0.7900
1770386329.5723 -0.0356 -0.0437 1.2324
1770386329.5843 0.0061 -0.0979 1.0129
1770386329.5962 -0.0273 -0.0881 0.9138
1770386329.6082 0.0195 -0.0955 1.0376
1770386329.6202 -0.0203 -0.0623 1.0120
1770386329.6322 -0.0159 -0.0823 0.9253
1770386329.6441 -0.0210 -0.0415 1.0073
1770386329.6562 -0.0088 -0.0471 1.0610
1770386329.6681 -0.0220 -0.0259 0.9700
1770386329.6800 -0.0618 -0.0811 0.9211
1770386329.6919 0.0103 -0.0061 1.0498
1770386329.7039 0.0674 -0.0400 1.0049
1770386329.7159 -0.0369 -0.0823 0.9980
1770386329.7278 -0.0298 -0.0215 1.0205
1770386329.7401 0.0422 0.0154 1.0410
1770386329.7524 -0.0193 -0.0286 1.0144
1770386329.7645 0.0059 -0.0198 0.7153
1770386329.7765 0.0222 -0.0632 0.9578
1770386329.7884 0.0437 -0.0010 1.1501
1770386329.7995 -0.0051 -0.0022 0.9128
1770386329.8125 -0.0132 -0.0710 0.8323
1770386329.8244 0.0327 0.0347 1.0134
1770386329.8364 -0.0020 -0.0115 1.0315
1770386329.8483 0.1179 0.0161 1.0100
1770386329.8603 0.0383 -0.0181 0.8960
1770386329.8723 -0.0181 -0.0400 0.9529
1770386329.8842 0.0945 0.0229 1.0508
1770386329.8963 0.0195 0.0056 0.9824
1770386329.9082 -0.0088 0.0095 0.9543
1770386329.9202 0.0513 -0.0090 0.8979
1770386329.9321 0.0293 -0.0041 0.9773
1770386329.9442 0.0554 -0.0049 0.9905
1770386329.9562 0.0986 -0.0229 0.9844
1770386329.9683 0.0579 0.0217 0.9739
1770386329.9802 0.0708 -0.0068 0.9675
1770386329.9922 0.0344 0.0310 0.9568
1770386330.0042 0.0430 0.0364 0.9253
1770386330.0163 0.0251 -0.0498 0.9163
1770386330.0282 0.0691 -0.0383 0.9641
1770386330.0402 0.0498 -0.0056 1.0198
1770386330.0522 0.0127 -0.0059 0.9597
1770386330.0643 0.0388 0.0242 0.9624
1770386330.0763 0.0088 -0.0046 0.9302
1770386330.0884 0.0205 -0.0034 1.0149
1770386330.1005 0.0586 -0.0066 0.9326
1770386330.1124 0.0217 -0.0188 0.9702
1770386330.1244 0.0601 0.0007 1.0769
1770386330.1366 0.0415 -0.0417 0.9023
1770386330.1476 0.0625 0.0012 1.0142
1770386330.1597 0.0381 0.0232 1.0354
1770386330.1716 0.0315 -0.0361 0.9512
1770386330.1836 0.0659 -0.0015 1.0217
1770386330.1956 0.0305 -0.0105 1.0781
1770386330.2075 0.0491 -0.0259 0.9346
1770386330.2195 0.0437 0.0237 0.9514
1770386330.2315 0.0408 0.0251 1.0591
1770386330.2434 0.0559 0.0088 0.9578
1770386330.2555 -0.0166 0.0049 1.0325
1770386330.2685 0.0041 -0.0317 0.9148
1770386330.2804 0.0205 -0.0291 0.9214
1770386330.2924 -0.0078 -0.0315 1.0500
1770386330.3045 0.0261 -0.0039 0.9216
1770386330.3164 0.0088 -0.0264 0.9983
1770386330.3284 0.0527 0.0132 1.0066
1770386330.3395 0.0393 0.0200 0.9412
1770386330.3516 0.0178 -0.0203 0.9883
1770386330.3637 0.0315 -0.0190 0.9712
1770386330.3757 0.0435 -0.0269 1.0842
1770386330.3875 0.0110 -0.0352 0.9631
1770386330.3997 -0.0002 -0.0010 0.9604
1770386330.4117 0.0662 0.0161 0.9941
1770386330.4237 0.0088 -0.0022 0.9265
1770386330.4356 0.0088 0.0403 1.0393
1770386330.4476 0.0400 0.0200 0.9292
1770386330.4596 0.0320 -0.0017 0.9375
1770386330.4716 -0.0222 -0.0085 1.0945
1770386330.4835 0.0955 -0.0371 1.0315
1770386330.4956 0.0120 -0.0527 0.7932
1770386330.5075 0.0332 -0.0090 0.9707
1770386330.5194 0.0828 0.0491 1.0869
1770386330.5314 0.0217 -0.0041 0.9109
1770386330.5435 0.0408 0.0269 0.9832
1770386330.5556 0.0667 -0.0273 1.1453
1770386330.5676 0.0154 -0.0481 0.8469
1770386330.5795 0.0330 0.0015 1.0247
1770386330.5916 -0.0034 -0.0215 1.0383
1770386330.6036 0.0103 -0.0015 0.8872
1770386330.6156 0.0879 0.0881 1.0273
1770386330.6275 0.0369 0.0112 0.9470
1770386330.6395 -0.0039 -0.0251 0.8752
1770386330.6515 0.0769 0.0005 1.1633
1770386330.6636 0.0518 -0.0417 1.1240
1770386330.6755 0.0164 -0.0164 0.8516
1770386330.6875 0.1074 0.0400 1.0176
1770386330.6994 0.0112 -0.0417 1.1426
1770386330.7115 0.0012 -0.0347 0.9944
1770386330.7235 0.0681 -0.0010 0.9600
1770386330.7355 0.0168 -0.0464 1.0244
1770386330.7475 -0.0066 0.0051 0.9656
1770386330.7595 0.0740 0.0452 1.0083
1770386330.7716 0.0330 -0.0469 0.8992
1770386330.7835 -0.0051 -0.0417 0.9211
1770386330.7956 0.0713 -0.0115 1.0710
1770386330.8076 0.0127 -0.0334 0.9707
1770386330.8196 0.0684 0.0146 0.9199
1770386330.8316 0.0657 0.0081 1.0054
1770386330.8436 0.0291 -0.0471 1.0071
1770386330.8558 0.0251 -0.0525 1.0056
1770386330.8679 0.0264 -0.0347 0.9670
1770386330.8799 0.0427 -0.0222 0.9382
1770386330.8921 0.0037 -0.0227 1.0176
1770386330.9034 0.0005 0.0107 0.9370
1770386330.9155 0.0483 0.0344 0.9619
1770386330.9275 0.0532 -0.0032 0.9324
1770386330.9395 -0.0098 -0.0164 1.0090
1770386330.9517 0.0371 -0.0205 0.9304
1770386330.9637 0.0278 -0.0015 0.9536
1770386330.9757 -0.0227 -0.0432 1.0359
1770386330.9877 0.0525 0.0122 0.8398
1770386330.9997 -0.0200 -0.0168 0.9358
1770386331.0117 0.0803 0.0269 1.1340
1770386331.0237 -0.0396 -0.0051 1.0168
1770386331.0357 -0.0081 0.0105 0.9153
1770386331.0477 0.0205 -0.0303 1.1282
1770386331.0598 0.0449 -0.0430 0.9905
1770386331.0718 0.0002 -0.0432 0.9609
1770386331.0838 0.0403 -0.0398 1.0273
1770386331.0958 0.0056 0.0244 0.9875
1770386331.1077 0.0376 0.0217 0.9441
1770386331.1198 0.0303 -0.0020 0.9434
1770386331.1317 0.0806 0.0110 1.0322
1770386331.1439 0.0249 -0.0151 0.9448
1770386331.1560 0.0342 0.0181 1.0808
1770386331.1680 0.0227 -0.0142 1.0068
1770386331.1799 -0.0356 -0.0481 0.8755
1770386331.1920 0.0547 0.0144 0.9607
1770386331.2040 0.0605 0.0132 1.0671
1770386331.2161 -0.0107 -0.0642 0.8857
1770386331.2280 0.0535 0.0007 0.9897
1770386331.2400 0.0276 -0.0354 1.1440
1770386331.2521 0.0125 -0.0022 0.9758
1770386331.2641 0.0420 0.0305 0.9177
1770386331.2760 0.0774 0.0203 0.8787
1770386331.2881 -0.0071 -0.0584 1.0012
1770386331.3000 0.0049 0.0037 0.9902
1770386331.3120 0.0540 -0.0037 1.0032
1770386331.3240 0.0315 0.0083 0.9441
1770386331.3361 -0.0244 -0.0312 0.9604
1770386331.3483 0.0144 -0.0403 1.0803
1770386331.3603 -0.0693 0.0049 0.9045
1770386331.3722 -0.1714 -0.0469 0.8308
1770386331.3843 -0.2507 -0.1138 1.1204
1770386331.3962 -0.1494 -0.1123 0.9946
1770386331.4083 -0.1917 -0.0088 0.9099
1770386331.4203 -0.1965 -0.0840 1.1121
1770386331.4323 -0.2717 -0.1685 0.9761
1770386331.4443 -0.2727 -0.1614 0.7341
1770386331.4563 -0.0317 -0.0239 1.0354
1770386331.4673 -0.1614 -0.0869 1.1885
1770386331.4793 -0.3418 -0.1587 0.7856
1770386331.4913 -0.1760 -0.1001 0.7319
1770386331.5034 0.1416 0.0728 1.2937
1770386331.5154 0.0867 0.0662 0.9272
1770386331.5273 -0.0398 -0.0796 0.7217
1770386331.5394 0.0657 0.1091 1.3044
1770386331.5517 -0.0093 -0.0144 0.6912
1770386331.5639 0.0684 -0.0281 0.9873
1770386331.5760 0.1111 0.0083 1.2085
1770386331.5882 0.0713 -0.1245 0.7336
1770386331.5994 0.1157 -0.0564 1.0720
1770386331.6116 0.0862 -0.0779 1.0381
1770386331.6238 0.0493 0.0049 0.8518
1770386331.6358 0.0652 -0.0767 1.0806
1770386331.6481 0.0605 -0.0198 1.0015
1770386331.6602 -0.0146 -0.1262 0.7969
1770386331.6715 0.0837 -0.0410 1.2390
1770386331.6838 0.0657 -0.0708 0.8691
1770386331.6960 0.1079 -0.0305 0.9607
1770386331.7082 0.1064 -0.0630 1.0901
1770386331.7196 0.1587 0.0664 0.9441
1770386331.7318 0.0710 -0.0103 0.9209
1770386331.7443 0.0562 0.0269 1.0732
1770386331.7557 0.0359 -0.0288 0.9006
1770386331.7680 0.0542 0.0212 1.0857
1770386331.7802 0.0242 -0.0146 0.9802
1770386331.7913 0.0244 0.0320 0.9812
1770386331.8035 0.0417 0.0269 1.0393
1770386331.8158 0.0286 0.0503 0.8933
1770386331.8279 0.0684 0.0405 1.0300
1770386331.8401 0.0000 -0.0386 0.9568
1770386331.8513 -0.0007 0.0134 0.9592
1770386331.8636 0.0254 -0.0061 0.9807
1770386331.8757 0.0239 -0.0396 1.0146
1770386331.8880 0.0308 -0.0432 0.8765
1770386331.9001 0.0430 -0.0273 1.0127
1770386331.9113 0.0671 -0.0022 0.9893
1770386331.9235 0.0352 0.0278 0.8547
1770386331.9358 0.0740 -0.0012 1.1006
1770386331.9473 0.0598 0.0312 0.9438
1770386331.9600 0.0457 -0.0186 0.9976
1770386331.9715 0.0264 0.0005 1.0178
1770386331.9842 0.0564 -0.0151 0.9326
1770386331.9955 0.0510 0.0242 1.0793
1770386332.0082 0.0781 0.0305 0.9436
1770386332.0195 0.0657 0.0579 0.9534
1770386332.0317 0.0647 0.0569 0.9800
1770386332.0442 0.0498 -0.0010 1.0049
1770386332.0557 0.0107 -0.0308 0.9180
1770386332.0679 0.0303 -0.0586 0.9717
1770386332.0792 0.0361 -0.0222 0.9221
1770386332.0914 0.0466 0.0166 0.9817
1770386332.1038 0.0667 0.0120 0.9099
1770386332.1161 0.0864 0.0508 0.9492
1770386332.1282 -0.0068 -0.0371 0.9753
1770386332.1399 0.0466 -0.0227 0.9983
1770386332.1513 -0.0261 -0.0581 0.9150
1770386332.1636 0.0200 -0.0569 0.9319
1770386332.1759 0.0627 -0.0300 1.0269
1770386332.1881 0.0461 -0.0125 0.9451
1770386332.1992 0.0813 0.0286 1.0374
1770386332.2115 0.0762 0.0063 0.9341
1770386332.2238 0.0732 0.0398 0.9670
1770386332.2359 0.0061 -0.0564 0.9128
1770386332.2482 0.0193 -0.0530 0.9875
1770386332.2593 0.0283 -0.0833 0.9316
1770386332.2716 -0.0435 -0.0862 0.9995
1770386332.2839 -0.0112 -0.0818 0.9597
1770386332.2961 0.0742 0.0234 0.9922
1770386332.3073 0.0500 -0.0237 0.9778
1770386332.3195 0.1099 0.0723 1.0200
1770386332.3315 0.0823 0.0127 0.8032
1770386332.3442 0.0364 0.0486 1.2292
1770386332.3556 0.0164 -0.0381 0.7810
1770386332.3679 0.0134 -0.0139 1.0615
1770386332.3801 0.0430 -0.0461 0.9727
1770386332.3912 0.0105 -0.0078 0.9519
1770386332.4036 0.0442 -0.0051 1.0051
1770386332.4158 0.0579 0.0186 0.9988
1770386332.4279 0.0759 0.0339 0.9331
1770386332.4392 0.1152 0.0859 1.0415
1770386332.4513 0.0308 -0.0176 0.9536
1770386332.4637 0.0066 -0.0232 1.0156
1770386332.4758 -0.0005 -0.0496 0.9744
1770386332.4880 0.0144 -0.0107 1.0300
1770386332.4991 0.0574 0.0286 0.9290
1770386332.5115 0.0398 0.0286 1.0098
1770386332.5237 0.0906 0.0420 0.9309
1770386332.5352 0.0989 0.0664 0.9761
1770386332.5479 0.0144 -0.0095 1.0281
1770386332.5593 -0.0041 -0.0208 0.9419
1770386332.5713 0.0007 -0.0381 0.9531
1770386332.5837 0.0012 -0.0588 1.0166
1770386332.5960 0.0671 -0.0063 0.8765
1770386332.6074 0.0955 -0.0103 0.9280
1770386332.6200 0.0630 0.0032 0.9617
1770386332.6315 0.1145 0.0239 0.9258
1770386332.6441 0.0137 -0.0129 1.0527
1770386332.6557 0.0029 -0.0874 0.8008
1770386332.6672 0.0190 -0.0291 1.1279
1770386332.6795 -0.0181 -0.0786 0.8296
1770386332.6918 0.0144 -0.0237 1.0583
1770386332.7035 0.0725 -0.0344 0.8625
1770386332.7158 0.0693 0.0156 1.0581
1770386332.7281 0.1069 0.0151 0.9897
1770386332.7394 0.0942 0.0610 1.0002
1770386332.7519 0.0063 -0.0688 1.0032
1770386332.7635 0.0188 -0.0095 0.9712
1770386332.7759 0.0400 -0.0459 0.9966
1770386332.7872 0.0396 -0.0229 1.0820
1770386332.7999 0.0125 -0.0518 0.8809
1770386332.8121 0.0713 0.0010 1.1311
1770386332.8234 0.0769 -0.0029 0.9360
1770386332.8356 0.0811 0.0518 1.0159
1770386332.8478 0.0747 0.0442 1.0022
1770386332.8601 0.0005 0.0059 1.0413
1770386332.8713 0.0100 -0.0083 1.0229
1770386332.8836 0.0239 -0.0315 1.0259
1770386332.8958 0.0173 -0.0312 1.0684
1770386332.9080 0.0305 -0.0125 0.9268
1770386332.9192 0.0557 -0.0056 1.0271
1770386332.9314 0.0520 0.0112 0.9949
1770386332.9441 0.0640 0.0366 0.9629
1770386332.9555 0.0037 -0.0039 1.0120
1770386332.9682 0.0059 0.0095 0.9788
1770386332.9795 0.0178 -0.0139 0.9424
1770386332.9918 0.0356 -0.0298 1.0227
1770386333.0034 0.0303 -0.0398 0.8938
1770386333.0158 0.0522 -0.0037 1.0396
1770386333.0279 0.0386 -0.0168 0.9771
1770386333.0392 0.0305 0.0005 0.9341
1770386333.0514 0.0852 0.0244 0.9980
1770386333.0639 0.0496 0.0134 0.9402
1770386333.0760 0.0295 -0.0098 0.9780
1770386333.0871 0.0085 -0.0132 1.0476
1770386333.0994 -0.0178 -0.0535 0.9719
1770386333.1116 0.0593 0.0002 1.0547
1770386333.1238 0.0527 0.0151 0.9829
1770386333.1351 0.0454 0.0203 0.8884
1770386333.1475 0.0928 0.0498 1.1418
1770386333.1598 0.0640 0.0208 0.9512
1770386333.1711 0.0195 -0.0046 0.9792
1770386333.1833 0.0295 -0.0286 1.0281
1770386333.1956 0.0186 -0.0293 1.0271
1770386333.2078 0.0188 0.0007 0.9841
1770386333.2200 0.0764 0.0298 1.0181
1770386333.2312 0.0664 0.0574 0.9331
1770386333.2435 0.0859 0.0312 0.9502
1770386333.2557 0.0991 0.0623 1.0127
1770386333.2679 -0.0005 -0.0459 0.9500
1770386333.2791 -0.0027 -0.0332 1.0137
1770386333.2912 -0.0369 -0.0747 1.0215
1770386333.3036 -0.0808 -0.0505 1.0923
1770386333.3158 0.0112 -0.0146 0.9751
1770386333.3280 0.0627 0.0090 0.9937
1770386333.3392 0.0586 0.0063 1.0071
1770386333.3516 0.0586 0.0183 0.8435
1770386333.3641 0.1121 0.0776 1.0696
1770386333.3752 0.0320 -0.0471 0.8516
1770386333.3874 0.0127 -0.0449 1.0796
1770386333.3999 0.0146 -0.1082 1.0156
1770386333.4122 0.0146 -0.0415 0.9641
1770386333.4245 0.0264 -0.0383 1.0208
1770386333.4358 0.0256 -0.0024 1.0068
1770386333.4480 0.0432 0.0139 0.9390
1770386333.4606 0.1667 0.0801 1.0554
1770386333.4718 0.0193 -0.0452 0.9441
1770386333.4842 -0.0076 -0.0149 1.0469
1770386333.4966 0.0159 -0.0291 0.9849
1770386333.5078 0.0247 -0.0413 1.0552
1770386333.5204 0.0347 -0.0186 0.8652
1770386333.5326 0.0803 0.0154 1.1470
1770386333.5443 0.0710 0.0129 0.9482
1770386333.5566 0.0579 0.0532 0.9890
1770386333.5678 0.0686 -0.0134 1.0112
1770386333.5799 0.0059 0.0149 0.9731
1770386333.5922 0.0081 -0.0291 0.8672
1770386333.6044 0.0095 0.0010 1.0825
1770386333.6166 -0.0149 -0.0554 0.8728
1770386333.6277 0.0298 0.0195 1.0674
1770386333.6400 0.0999 0.0325 0.9595
1770386333.6521 0.1770 0.1155 0.9192
1770386333.6645 0.0107 0.0093 1.0493
1770386333.6765 -0.0142 -0.0466 0.8911
1770386333.6876 -0.0413 -0.0515 1.0308
1770386333.6999 0.0076 -0.0618 0.9463
1770386333.7121 -0.0071 -0.0742 0.9731
1770386333.7244 0.0605 -0.0061 0.9539
1770386333.7367 0.0676 0.0295 0.9795
1770386333.7480 0.0818 0.0315 0.9116
1770386333.7605 0.1379 0.1042 1.0205
1770386333.7726 0.0071 -0.0176 0.9253
1770386333.7838 0.0063 -0.0254 0.9431
1770386333.7960 0.0117 -0.0862 0.9524
1770386333.8082 -0.0610 -0.1230 1.0183
1770386333.8204 0.0032 -0.1062 0.9604
1770386333.8317 0.0527 -0.0034 1.0754
1770386333.8439 0.0942 0.0298 0.8945
1770386333.8562 0.1028 0.0791 1.0122
1770386333.8683 0.0989 0.0471 0.9006
1770386333.8805 0.0049 -0.0088 1.1089
1770386333.8917 -0.0093 -0.0654 0.9194
1770386333.9041 -0.0063 -0.0396 1.0764
1770386333.9162 0.0093 -0.0764 1.0464
1770386333.9285 0.0205 -0.0366 0.9236
1770386333.9407 0.0522 -0.0203 0.9922
1770386333.9521 0.0752 0.0232 1.0525
1770386333.9644 0.0557 0.0190 0.8430
1770386333.9766 0.0664 0.0154 1.1914
1770386333.9877 0.0171 -0.0315 0.8813
1770386334.0000 -0.0083 -0.0452 1.0278
1770386334.0121 0.0151 -0.0237 1.0159
1770386334.0245 0.0413 -0.0293 0.9053
1770386334.0366 0.0557 0.0461 1.0764
1770386334.0478 0.0688 0.0425 0.8667
1770386334.0602 0.0835 0.0850 1.0142
1770386334.0723 0.1365 0.0916 0.9363
1770386334.0845 0.0073 -0.0532 1.1143
1770386334.0957 -0.0039 -0.0581 0.8875
1770386334.1078 0.0491 -0.0452 1.1440
1770386334.1202 0.0564 -0.0447 0.9734
1770386334.1323 0.0459 0.0127 1.0322
1770386334.1447 0.0640 0.0083 0.9800
1770386334.1560 0.0830 0.0549 1.0559
1770386334.1682 0.0974 0.0571 1.0354
1770386334.1803 -0.0020 -0.0137 0.9441
1770386334.1926 -0.0344 -0.0320 0.9834
1770386334.2048 -0.0117 -0.0542 1.0083
1770386334.2159 0.0320 -0.0776 1.0024
1770386334.2281 0.0107 -0.0264 0.9641
1770386334.2403 0.0466 -0.0049 0.9602
1770386334.2526 0.0549 0.0415 1.0688
1770386334.2649 0.0693 0.0200 0.9863
1770386334.2759 0.1760 0.1350 0.9255
1770386334.2882 -0.0154 -0.0220 1.0549
1770386334.3003 -0.0278 -0.0691 0.9358
1770386334.3125 -0.0090 -0.0525 1.0923
1770386334.3248 -0.0266 -0.0803 0.9556
1770386334.3363 0.0127 -0.0371 0.9973
1770386334.3488 0.0703 0.0342 1.0518
1770386334.3602 0.0708 0.0430 0.9663
1770386334.3722 0.1157 0.0835 1.0354
1770386334.3846 0.1208 0.0798 1.0818
1770386334.3957 0.0310 -0.0254 0.8894
1770386334.4079 0.0249 -0.0229 1.0212
1770386334.4202 -0.0122 -0.0723 1.0483
1770386334.4323 -0.0376 -0.0813 0.8867
1770386334.4446 0.0396 0.0000 1.0569
1770386334.4559 0.0737 0.0654 1.0139
1770386334.4680 0.0596 0.0244 0.8655
1770386334.4802 -0.0725 0.1929 1.3306
1770386334.4924 -0.1099 0.0078 0.6475
1770386334.5047 -0.0793 0.0940 1.4500
1770386334.5160 -0.1526 0.1409 0.9802
1770386334.5281 -0.1624 0.2161 0.6628
1770386334.5403 -0.1550 0.1553 0.8123
1770386334.5528 -0.0974 -0.0017 1.2712
1770386334.5640 -0.0515 -0.0320 0.8477
1770386334.5762 0.0022 -0.0554 1.0066
1770386334.5884 0.0637 -0.0872 1.1013
1770386334.6007 0.0466 -0.0698 0.8618
1770386334.6118 0.0740 -0.0134 1.0928
1770386334.6241 0.0742 0.0430 0.9587
1770386334.6362 0.0374 0.0005 0.8723
1770386334.6485 0.1091 -0.0317 1.0662
1770386334.6607 0.1169 -0.1003 0.9517
1770386334.6718 0.0723 -0.0657 1.0022
1770386334.6840 0.0876 -0.0588 0.9968
1770386334.6963 0.0493 -0.0234 0.9912
1770386334.7085 -0.0044 0.0127 0.9590
1770386334.7198 -0.0107 0.0386 0.9712
1770386334.7318 0.0291 0.0325 0.9456
1770386334.7445 -0.0037 -0.0530 0.9636
1770386334.7558 0.0400 -0.0613 1.0303
1770386334.7681 0.0576 -0.0652 0.9487
1770386334.7804 0.0427 -0.0171 1.0413
1770386334.7926 0.0227 0.0315 0.9666
1770386334.8048 0.0198 0.0525 0.9319
1770386334.8161 0.0188 0.0366 1.0220
1770386334.8281 0.0249 -0.0122 0.9663
1770386334.8404 0.0247 -0.0383 0.9951
1770386334.8526 0.0166 -0.0549 0.9883
1770386334.8638 0.0076 -0.0366 1.0137
1770386334.8760 0.0012 0.0076 0.9539
1770386334.8882 0.0156 0.0315 0.9880
1770386334.9004 0.0300 0.0237 0.9707
1770386334.9127 0.0464 -0.0032 0.9827
1770386334.9238 0.0569 -0.0303 1.0071
1770386334.9361 0.0447 -0.0330 0.9697
1770386334.9485 0.0261 -0.0195 1.0024
1770386334.9597 0.0107 -0.0051 0.9753
1770386334.9719 0.0071 0.0078 0.9819
1770386334.9842 0.0203 -0.0066 0.9839
1770386334.9965 0.0356 -0.0205 0.9783
1770386335.0087 0.0503 -0.0288 1.0012
1770386335.0199 0.0474 -0.0220 0.9834
1770386335.0321 0.0366 -0.0098 0.9829
1770386335.0444 0.0188 0.0051 0.9854
1770386335.0557 0.0212 0.0049 0.9688
1770386335.0678 0.0244 -0.0071 0.9802
1770386335.0800 0.0352 -0.0295 0.9919
1770386335.0921 0.0410 -0.0398 0.9912
1770386335.1044 0.0383 -0.0308 0.9888
1770386335.1167 0.0256 -0.0142 0.9741
1770386335.1277 0.0242 0.0034 0.9927
1770386335.1399 0.0244 0.0125 0.9800
1770386335.1524 0.0327 -0.0024 0.9756
1770386335.1647 0.0388 -0.0193 0.9907
1770386335.1759 0.0354 -0.0310 0.9863
1770386335.1881 0.0293 -0.0310 0.9844
1770386335.2003 0.0210 -0.0171 0.9849
1770386335.2125 0.0159 -0.0051 0.9797
1770386335.2248 0.0254 0.0054 0.9800
1770386335.2359 0.0303 -0.0017 0.9875
1770386335.2482 0.0386 -0.0125 0.9849
1770386335.2603 0.0376 -0.0210 0.9832
1770386335.2725 0.0337 -0.0215 0.9795
1770386335.2847 0.0193 -0.0132 0.9875
1770386335.2959 0.0171 -0.0034 0.9785
1770386335.3081 0.0254 -0.0041 0.9839
1770386335.3203 0.0295 -0.0054 0.9854
1770386335.3325 0.0342 -0.0181 0.9854
1770386335.3441 0.0349 -0.0193 0.9941
1770386335.3564 0.0312 -0.0161 0.9810
1770386335.3687 0.0242 -0.0090 0.9814
1770386335.3798 0.0251 -0.0027 0.9800
1770386335.3921 0.0315 -0.0020 0.9739
1770386335.4043 0.0361 -0.0105 0.9883
1770386335.4167 0.0393 -0.0220 0.9873
1770386335.4287 0.0322 -0.0195 0.9834
1770386335.4399 0.0298 -0.0173 0.9800
1770386335.4521 0.0210 -0.0090 0.9819
1770386335.4644 0.0288 -0.0020 0.9827
1770386335.4767 0.0320 -0.0085 0.9749
1770386335.4878 0.0388 -0.0129 0.9834
1770386335.5000 0.0330 -0.0188 0.9844
1770386335.5123 0.0349 -0.0203 0.9880
1770386335.5244 0.0254 -0.0139 0.9827
1770386335.5357 0.0305 -0.0100 0.9829
1770386335.5482 0.0254 -0.0059 0.9836
1770386335.5598 0.0303 -0.0063 0.9727
1770386335.5721 0.0339 -0.0107 0.9863
1770386335.5843 0.0356 -0.0122 0.9812
1770386335.5966 0.0320 -0.0186 0.9897
1770386335.6080 0.0283 -0.0166 0.9841
1770386335.6202 0.0225 -0.0068 0.9846
1770386335.6325 0.0312 -0.0071 0.9858
1770386335.6438 0.0347 -0.0068 0.9861
1770386335.6563 0.0315 -0.0129 0.9807
1770386335.6686 0.0295 -0.0107 0.9788
1770386335.6805 0.0242 -0.0166 0.9819
1770386335.6917 0.0261 -0.0090 0.9792
1770386335.7041 0.0266 -0.0078 0.9810
1770386335.7163 0.0266 -0.0068 0.9814
1770386335.7284 0.0330 -0.0041 0.9849
1770386335.7402 0.0303 -0.0112 0.9856
1770386335.7524 0.0327 -0.0129 0.9858
1770386335.7646 0.0234 -0.0125 0.9836
1770386335.7758 0.0303 -0.0154 0.9817
1770386335.7879 0.0273 -0.0088 0.9829
1770386335.8000 0.0298 -0.0107 0.9773
1770386335.8122 0.0310 -0.0107 0.9832
1770386335.8244 0.0249 -0.0161 0.9797
1770386335.8356 0.0239 -0.0134 0.9844
1770386335.8478 0.0303 -0.0166 0.9851
1770386335.8598 0.0283 -0.0127 0.9834
1770386335.8721 0.0308 -0.0103 0.9856
1770386335.8843 0.0298 -0.0107 0.9810
1770386335.8965 0.0305 -0.0061 0.9871
1770386335.9077 0.0288 -0.0105 0.9822
1770386335.9199 0.0295 -0.0112 0.9836
1770386335.9320 0.0300 -0.0127 0.9814
1770386335.9444 0.0293 -0.0120 0.9810
1770386335.9559 0.0310 -0.0120 0.9863
1770386335.9686 0.0305 -0.0085 0.9824
1770386335.9798 0.0291 -0.0085 0.9807
1770386335.9923 0.0303 -0.0115 0.9792
1770386336.0047 0.0286 -0.0103 0.9851
1770386336.0165 0.0303 -0.0105 0.9832
1770386336.0277 0.0283 -0.0115 0.9841
1770386336.0403 0.0193 -0.0156 0.9932
1770386336.0527 0.0291 -0.0127 0.9814
1770386336.0641 0.0305 -0.0100 0.9885
1770386336.0766 0.0327 -0.0061 0.9836
1770386336.0879 0.0308 -0.0098 0.9858
1770386336.1003 0.0273 -0.0107 0.9846
1770386336.1127 0.0276 -0.0107 0.9834
1770386336.1238 0.0308 -0.0098 0.9883
1770386336.1366 0.0312 -0.0142 0.9790
1770386336.1480 0.0317 -0.0107 0.9873
1770386336.1602 0.0293 -0.0129 0.9863
1770386336.1725 0.0310 -0.0110 0.9856
1770386336.1847 0.0298 -0.0139 0.9810
1770386336.1957 0.0315 -0.0117 0.9863
1770386336.2081 0.0320 -0.0125 0.9880
1770386336.2202 0.0278 -0.0110 0.9827
1770386336.2324 0.0312 -0.0100 0.9792
1770386336.2446 0.0317 -0.0071 0.9810
1770386336.2557 0.0298 -0.0115 0.9832
1770386336.2680 0.0310 -0.0117 0.9888
1770386336.2801 0.0366 -0.0071 0.9761
1770386336.2923 0.0269 -0.0117 0.9941
1770386336.3046 0.0317 -0.0098 0.9849
1770386336.3158 0.0325 -0.0132 0.9871
1770386336.3279 0.0308 -0.0085 0.9841
1770386336.3399 0.0310 -0.0115 0.9871
1770386336.3524 0.0288 -0.0125 0.9912
1770386336.3637 0.0315 -0.0110 0.9797
1770386336.3759 0.0264 -0.0129 0.9880
1770386336.3881 0.0320 -0.0105 0.9829
1770386336.4005 0.0325 -0.0095 0.9861
1770386336.4116 0.0305 -0.0110 0.9871
1770386336.4237 0.0322 -0.0112 0.9866
1770386336.4359 0.0286 -0.0105 0.9832
1770386336.4482 0.0278 -0.0095 0.9785
1770386336.4603 0.0295 -0.0078 0.9844
1770386336.4726 0.0281 -0.0107 0.9824
1770386336.4837 0.0305 -0.0107 0.9827
1770386336.4960 0.0369 -0.0110 0.9844
1770386336.5082 0.0293 -0.0107 0.9868
1770386336.5204 0.0327 -0.0107 0.9854
1770386336.5319 0.0310 -0.0110 0.9807
1770386336.5437 0.0288 -0.0095 0.9873
1770386336.5562 0.0317 -0.0117 0.9814
1770386336.5685 0.0334 -0.0110 0.9839
1770386336.5806 0.0308 -0.0129 0.9824
1770386336.5918 0.0308 -0.0125 0.9841
1770386336.6040 0.0264 -0.0137 0.9832
1770386336.6164 0.0264 -0.0095 0.9834
1770386336.6285 0.0337 -0.0107 0.9893
1770386336.6397 0.0303 -0.0112 0.9797
1770386336.6519 0.0278 -0.0117 0.9841
1770386336.6643 0.0332 -0.0117 0.9849
1770386336.6763 0.0334 -0.0105 0.9822
1770386336.6886 0.0308 -0.0098 0.9854
1770386336.6998 0.0261 -0.0090 0.9810
1770386336.7120 0.0288 -0.0120 0.9817
1770386336.7242 0.0259 -0.0112 0.9829
1770386336.7358 0.0291 -0.0103 0.9868
1770386336.7482 0.0303 -0.0127 0.9856
1770386336.7606 0.0288 -0.0171 0.9878
1770386336.7716 0.0327 -0.0134 0.9856
1770386336.7839 0.0330 -0.0100 0.9885
1770386336.7962 0.0271 -0.0137 0.9854
1770386336.8084 0.0273 -0.0127 0.9866
1770386336.8205 0.0283 -0.0120 0.9810
1770386336.8318 0.0283 -0.0083 0.9792
1770386336.8440 0.0315 -0.0117 0.9866
1770386336.8561 0.0308 -0.0100 0.9856
1770386336.8684 0.0273 -0.0115 0.9832
1770386336.8805 0.0298 -0.0090 0.9856
1770386336.8918 0.0327 -0.0110 0.9878
1770386336.9040 0.0291 -0.0122 0.9900
1770386336.9162 0.0283 -0.0132 0.9863
1770386336.9285 0.0322 -0.0107 0.9878
1770386336.9399 0.0320 -0.0122 0.9819
1770386336.9524 0.0266 -0.0090 0.9873
1770386336.9637 0.0310 -0.0085 0.9829
1770386336.9758 0.0291 -0.0107 0.9895
1770386336.9879 0.0298 -0.0134 0.9773
1770386337.0003 0.0278 -0.0110 0.9814
1770386337.0124 0.0281 -0.0083 0.9861
1770386337.0237 0.0269 -0.0107 0.9888
1770386337.0358 0.0310 -0.0142 0.9829
1770386337.0481 0.0327 -0.0137 0.9907
1770386337.0603 0.0286 -0.0125 0.9819
1770386337.0725 0.0278 -0.0134 0.9878
1770386337.0847 0.0276 -0.0142 0.9836
1770386337.0959 0.0295 -0.0103 0.9802
1770386337.1081 0.0254 -0.0120 0.9800
1770386337.1203 0.0288 -0.0105 0.9832
1770386337.1317 0.0278 -0.0093 0.9861
1770386337.1444 0.0288 -0.0117 0.9824
1770386337.1556 0.0317 -0.0105 0.9829
1770386337.1679 0.0332 -0.0139 0.9834
1770386337.1799 0.0242 -0.0132 0.9866
1770386337.1922 0.0308 -0.0110 0.9812
1770386337.2045 0.0400 -0.0049 0.9766
1770386337.2156 0.0303 -0.0129 0.9841
1770386337.2278 0.0308 -0.0093 0.9866
1770386337.2400 0.0300 -0.0122 0.9844
1770386337.2521 0.0259 -0.0125 0.9868
1770386337.2645 0.0320 -0.0093 0.9824
1770386337.2766 0.0312 -0.0132 0.9861
1770386337.2879 0.0303 -0.0088 0.9817
1770386337.3000 0.0264 -0.0142 0.9856
1770386337.3123 0.0310 -0.0115 0.9849
1770386337.3245 0.0269 -0.0112 0.9832
1770386337.3363 0.0286 -0.0125 0.9814
1770386337.3486 0.0312 -0.0129 0.9851
1770386337.3599 0.0322 -0.0083 0.9839
1770386337.3720 0.0293 -0.0105 0.9834
1770386337.3843 0.0286 -0.0132 0.9827
1770386337.3965 0.0325 -0.0110 0.9875
1770386337.4077 0.0286 -0.0103 0.9839
1770386337.4199 0.0222 -0.0122 0.9851
1770386337.4320 0.0312 -0.0137 0.9868
1770386337.4442 0.0303 -0.0151 0.9805
1770386337.4565 0.0300 -0.0107 0.9846
1770386337.4677 0.0298 -0.0103 0.9846
1770386337.4798 0.0249 -0.0137 0.9841
1770386337.4920 0.0308 -0.0161 0.9841
1770386337.5044 0.0308 -0.0127 0.9944
1770386337.5165 0.0283 -0.0112 0.9824
1770386337.5277 0.0308 -0.0132 0.9880
1770386337.5406 0.0298 -0.0129 0.9856
1770386337.5520 0.0276 -0.0137 0.9863
1770386337.5643 0.0308 -0.0146 0.9883
1770386337.5765 0.0286 -0.0085 0.9817
1770386337.5877 0.0295 -0.0110 0.9785
1770386337.5999 0.0281 -0.0095 0.9839
1770386337.6120 0.0305 -0.0115 0.9878
1770386337.6244 0.0308 -0.0100 0.9805
1770386337.6365 0.0330 -0.0144 0.9851
1770386337.6477 0.0291 -0.0146 0.9851
1770386337.6599 0.0283 -0.0125 0.9866
1770386337.6720 0.0264 -0.0132 0.9817
1770386337.6843 0.0298 -0.0117 0.9841
1770386337.6965 0.0271 -0.0085 0.9846
1770386337.7076 0.0293 -0.0115 0.9863
1770386337.7199 0.0347 -0.0107 0.9822
1770386337.7319 0.0317 -0.0125 0.9861
1770386337.7445 0.0300 -0.0081 0.9832
1770386337.7558 0.0281 -0.0149 0.9805
1770386337.7680 0.0303 -0.0122 0.9866
1770386337.7801 0.0322 -0.0117 0.9854
1770386337.7923 0.0286 -0.0137 0.9878
1770386337.8046 0.0239 -0.0151 0.9897
1770386337.8158 0.0303 -0.0100 0.9790
1770386337.8279 0.0310 -0.0146 0.9902
1770386337.8401 0.0293 -0.0088 0.9854
1770386337.8523 0.0291 -0.0100 0.9824
1770386337.8647 0.0278 -0.0139 0.9854
1770386337.8757 0.0281 -0.0137 0.9885
1770386337.8882 0.0281 -0.0120 0.9807
1770386337.9004 0.0291 -0.0107 0.9849
1770386337.9126 0.0337 -0.0105 0.9866
1770386337.9239 0.0308 -0.0134 0.9819
1770386337.9362 0.0288 -0.0078 0.9856
1770386337.9476 0.0259 -0.0132 0.9856
1770386337.9598 0.0303 -0.0107 0.9807
1770386337.9719 0.0308 -0.0132 0.9792
1770386337.9843 0.0300 -0.0122 0.9851
1770386337.9964 0.0288 -0.0090 0.9858
1770386338.0076 0.0300 -0.0095 0.9814
1770386338.0199 0.0273 -0.0149 0.9888
1770386338.0320 0.0312 -0.0125 0.9819
1770386338.0443 0.0288 -0.0100 0.9861
1770386338.0566 0.0286 -0.0095 0.9822
1770386338.0677 0.0300 -0.0090 0.9841
1770386338.0799 0.0291 -0.0159 0.9871
1770386338.0921 0.0293 -0.0078 0.9832
1770386338.1044 0.0320 -0.0122 0.9927
1770386338.1166 0.0261 -0.0117 0.9832
1770386338.1277 0.0288 -0.0159 0.9836
1770386338.1405 0.0295 -0.0100 0.9861
1770386338.1526 0.0303 -0.0125 0.9822
1770386338.1641 0.0342 -0.0146 0.9844
1770386338.1764 0.0291 -0.0103 0.9844
1770386338.1878 0.0300 -0.0146 0.9883
1770386338.2002 0.0305 -0.0134 0.9814
1770386338.2120 0.0312 -0.0112 0.9854
1770386338.2244 0.0300 -0.0115 0.9863
1770386338.2366 0.0271 -0.0103 0.9880
1770386338.2480 0.0312 -0.0127 0.9832
1770386338.2601 0.0303 -0.0112 0.9856
1770386338.2722 0.0315 -0.0122 0.9819
1770386338.2845 0.0266 -0.0129 0.9836
1770386338.2956 0.0322 -0.0144 0.9797
1770386338.3077 0.0291 -0.0146 0.9822
1770386338.3200 0.0295 -0.0120 0.9851
1770386338.3325 0.0322 -0.0112 0.9807
1770386338.3441 0.0330 -0.0115 0.9849
1770386338.3564 0.0305 -0.0120 0.9888
1770386338.3677 0.0308 -0.0090 0.9810
1770386338.3800 0.0305 -0.0103 0.9919
1770386338.3923 0.0273 -0.0083 0.9871
1770386338.4047 0.0261 -0.0144 0.9851
1770386338.4159 0.0322 -0.0085 0.9861
1770386338.4280 0.0281 -0.0115 0.9819
1770386338.4403 0.0295 -0.0088 0.9863
1770386338.4525 0.0247 -0.0120 0.9868
1770386338.4637 0.0288 -0.0088 0.9854
1770386338.4759 0.0305 -0.0117 0.9873
1770386338.4881 0.0278 -0.0100 0.9856
1770386338.5002 0.0327 -0.0098 0.9854
1770386338.5125 0.0286 -0.0112 0.9912
1770386338.5247 0.0286 -0.0112 0.9844
1770386338.5359 0.0295 -0.0127 0.9836
1770386338.5484 0.0271 -0.0129 0.9780
1770386338.5607 0.0283 -0.0071 0.9861
1770386338.5727 0.0312 -0.0129 0.9797
1770386338.5840 0.0269 -0.0112 0.9849
1770386338.5961 0.0293 -0.0156 0.9790
1770386338.6084 0.0266 -0.0144 0.9849
1770386338.6205 0.0330 -0.0146 0.9854
1770386338.6327 0.0305 -0.0090 0.9866
1770386338.6439 0.0269 -0.0125 0.9873
1770386338.6562 0.0330 -0.0144 0.9778
1770386338.6683 0.0303 -0.0115 0.9827
1770386338.6806 0.0283 -0.0122 0.9885
1770386338.6927 0.0295 -0.0090 0.9866
1770386338.7039 0.0278 -0.0090 0.9863
1770386338.7162 0.0298 -0.0098 0.9871
1770386338.7283 0.0266 -0.0076 0.9827
1770386338.7407 0.0261 -0.0178 0.9890
1770386338.7521 0.0298 -0.0100 0.9905
1770386338.7644 0.0325 -0.0112 0.9814
