% Heartbeat logfile
% 1 	Time (sec)
% 2 	Robot name index
% 3 	Version
% 4 	State (0 = control is external to Teensy)
% 5 	Battery voltage (V)
% 6 	Teensy load (%)
% 7 	Board supply current (A)
% 8 	Used battery capacity (Wh) (never reset properly)
% 9 	Shutdown request.
% 10 	CPU temperature (Raspberry).
1770386329.0462 107 1033 4 11.76 8.9 0.45 253.735 0 28.7
1770386329.5460 107 1033 4 11.72 9.0 0.80 253.736 0 28.7
1770386330.0457 107 1033 4 11.74 9.0 0.64 253.737 0 28.7
1770386330.5457 107 1033 4 11.72 9.0 0.69 253.739 0 28.7
1770386331.0455 107 1033 4 11.74 8.9 0.55 253.739 0 28.7
1770386331.5450 107 1033 4 11.73 8.9 0.66 253.741 0 28.7
1770386332.0453 107 1033 4 11.76 8.9 0.51 253.741 0 28.7
1770386332.5454 107 1033 4 11.75 8.9 0.56 253.742 0 28.7
1770386333.0447 107 1033 4 11.77 9.0 0.47 253.743 0 28.7
1770386333.5444 107 1033 4 11.74 9.0 0.55 253.744 0 28.7
1770386334.0444 107 1033 4 11.75 9.0 0.51 253.745 0 28.7
1770386334.5448 107 1033 4 11.75 35.1 0.57 253.746 0 28.7
1770386335.0444 107 1033 4 11.76 8.9 0.38 253.746 0 28.7
1770386335.5447 107 1033 4 11.76 8.9 0.42 253.747 0 28.7
1770386335.5447 107 1033 4 11.76 8.9 0.42 253.747 0 30.4
1770386336.0436 107 1033 4 11.77 8.9 0.38 253.748 0 30.4
1770386336.5435 107 1033 4 11.76 8.9 0.43 253.748 0 30.4
1770386337.0435 107 1033 4 11.77 8.9 0.37 253.749 0 30.4
1770386337.5440 107 1033 4 11.76 8.9 0.43 253.750 0 30.4
1770386338.0430 107 1033 4 11.77 8.9 0.37 253.750 0 30.4
1770386338.5437 107 1033 4 11.76 8.9 0.42 253.751 0 30.4
1770386338.5437 107 1033 4 11.76 8.9 0.42 253.751 0 28.7
