% Edge
% 1 	Time (sec)
% 2-10 	sensor notmalized value (0..1000), sensor 0 is left, 0 is no reflection, 1000 is calibrated white
1770386328.853 377 374 364 359 363 361 357 357
1770386328.862 392 375 360 362 366 358 352 342
1770386328.872 388 372 358 366 367 358 355 348
1770386328.883 389 379 358 359 369 354 346 337
1770386328.893 380 369 369 369 366 360 359 350
1770386328.903 386 375 366 366 368 355 354 346
1770386328.913 388 375 363 378 371 355 358 358
1770386328.922 368 361 367 381 373 345 339 351
1770386328.933 379 371 367 373 368 357 358 351
1770386328.943 388 377 362 366 366 356 354 341
1770386328.953 386 374 372 378 373 361 355 351
1770386328.963 370 368 374 367 366 358 358 352
1770386328.973 371 365 365 369 367 354 348 350
1770386328.982 386 368 366 364 367 358 356 349
1770386328.993 382 374 368 370 372 362 353 346
1770386329.003 378 382 364 352 371 366 354 336
1770386329.013 368 374 375 379 375 361 358 353
1770386329.023 388 372 362 362 367 355 355 347
1770386329.034 383 367 367 371 374 361 355 360
1770386329.044 374 350 361 372 378 354 339 359
1770386329.053 369 369 367 378 374 359 356 370
1770386329.063 376 374 371 366 367 356 355 361
1770386329.073 379 373 368 375 376 362 353 350
1770386329.084 371 373 376 379 365 349 359 365
1770386329.094 372 365 370 378 375 358 361 367
1770386329.104 378 368 364 367 364 356 358 355
1770386329.113 385 372 371 376 377 358 347 345
1770386329.123 387 376 360 364 371 362 353 338
1770386329.133 383 369 368 375 374 360 354 356
1770386329.144 375 367 372 368 371 359 358 354
1770386329.154 385 376 368 371 371 363 353 347
1770386329.164 374 372 362 375 368 349 351 350
1770386329.174 372 369 372 379 371 350 353 357
1770386329.184 377 371 365 366 366 354 360 360
1770386329.194 378 372 368 373 372 359 358 350
1770386329.203 373 371 365 380 359 357 351 354
1770386329.213 368 373 370 381 366 359 356 363
1770386329.223 383 377 372 372 352 351 350 356
1770386329.233 379 365 362 365 366 354 351 349
1770386329.243 381 360 355 368 369 364 355 347
1770386329.253 374 356 364 372 377 364 352 356
1770386329.264 376 374 360 367 358 354 351 361
1770386329.274 387 365 367 363 365 352 353 351
1770386329.283 366 358 361 367 359 354 347 343
1770386329.293 364 360 371 378 368 354 349 354
1770386329.303 380 361 364 371 367 344 358 366
1770386329.314 378 380 366 375 367 358 353 361
1770386329.324 372 358 364 361 364 355 341 348
1770386329.334 375 369 373 362 366 360 349 355
1770386329.344 370 370 373 360 357 350 343 347
1770386329.353 419 371 371 372 363 359 350 345
1770386329.363 381 374 367 369 359 360 345 355
1770386329.374 364 377 370 376 368 352 348 364
1770386329.384 374 368 372 368 360 357 356 347
1770386329.394 395 382 384 375 368 358 347 345
1770386329.404 393 375 376 367 369 356 352 350
1770386329.414 387 380 399 371 363 358 365 367
1770386329.423 376 366 376 365 358 351 369 371
1770386329.433 391 377 372 370 370 366 367 353
1770386329.444 393 379 377 372 375 360 359 355
1770386329.454 385 381 376 371 369 373 362 355
1770386329.463 389 381 372 345 352 362 367 362
1770386329.473 388 378 370 369 375 360 357 344
1770386329.483 384 386 381 377 368 361 371 346
1770386329.494 384 386 383 362 368 367 362 354
1770386329.504 388 391 368 355 371 382 362 357
1770386329.514 402 382 371 366 368 361 351 354
1770386329.523 373 384 382 376 373 356 333 358
1770386329.534 394 394 379 378 361 350 362 366
1770386329.543 373 364 373 370 363 351 350 365
1770386329.553 401 377 374 365 365 358 354 355
1770386329.563 377 372 372 367 358 358 357 360
1770386329.573 379 383 380 365 362 357 356 354
1770386329.584 378 384 379 359 351 362 362 352
1770386329.594 383 380 382 376 365 355 355 364
1770386329.603 383 378 377 381 370 352 355 356
1770386329.613 384 386 393 388 361 356 356 352
1770386329.623 398 373 378 373 379 366 350 340
1770386329.634 386 379 380 382 383 361 352 347
1770386329.644 388 383 380 390 372 361 357 352
1770386329.653 401 391 391 389 374 357 359 357
1770386329.663 389 384 394 390 370 354 359 362
1770386329.673 398 386 394 385 370 360 349 346
1770386329.684 385 384 386 381 371 360 357 356
1770386329.694 391 383 391 389 371 358 350 347
1770386329.703 390 382 383 358 369 372 366 343
1770386329.713 387 381 384 377 374 360 354 347
1770386329.723 377 378 382 377 372 363 357 346
1770386329.734 371 381 388 382 367 362 359 341
1770386329.743 381 378 370 368 382 364 354 351
1770386329.753 377 371 371 374 379 360 350 360
1770386329.763 371 374 377 377 382 362 357 350
1770386329.774 384 374 377 375 382 355 355 352
1770386329.784 380 382 385 375 373 354 365 363
1770386329.793 369 376 376 374 365 352 355 360
1770386329.803 380 376 376 378 371 357 360 366
1770386329.813 377 371 381 387 367 359 363 356
1770386329.824 379 378 383 385 372 366 367 354
1770386329.834 374 386 389 367 366 367 363 347
1770386329.843 395 381 383 388 377 362 361 342
1770386329.853 397 385 386 387 374 362 355 344
1770386329.863 390 383 387 388 381 370 357 362
1770386329.873 408 377 383 374 376 368 351 347
1770386329.884 386 377 380 377 379 369 364 358
1770386329.893 389 382 390 402 382 367 363 356
1770386329.903 382 378 384 389 381 374 374 370
1770386329.913 361 371 376 388 384 373 374 361
1770386329.923 373 380 384 379 385 373 374 350
1770386329.934 394 381 389 389 377 375 372 352
1770386329.944 389 391 385 390 376 377 379 370
1770386329.954 372 387 385 389 385 382 381 357
1770386329.963 386 397 383 386 386 376 372 359
1770386329.973 392 387 391 389 383 367 368 360
1770386329.983 387 395 396 403 376 373 374 359
1770386329.993 389 391 392 384 379 367 370 355
1770386330.004 379 386 402 403 381 372 366 352
1770386330.014 388 383 396 394 384 372 371 347
1770386330.023 393 393 396 403 391 377 375 358
1770386330.033 385 379 387 391 381 378 373 360
1770386330.043 374 387 388 387 377 382 378 362
1770386330.053 378 382 385 386 383 380 371 352
1770386330.064 367 380 391 391 381 379 379 363
1770386330.074 367 372 373 381 390 377 374 353
1770386330.083 377 372 369 385 394 386 370 348
1770386330.093 378 368 375 393 385 375 360 343
1770386330.103 379 376 390 400 388 383 375 354
1770386330.113 374 377 379 395 388 382 373 366
1770386330.124 375 373 382 396 389 374 370 366
1770386330.134 402 383 386 386 387 384 364 344
1770386330.144 384 384 391 394 391 383 366 358
1770386330.154 376 378 387 381 392 383 378 360
1770386330.163 367 386 395 387 374 368 380 366
1770386330.173 386 385 384 386 377 369 366 343
1770386330.183 386 385 386 400 384 373 369 353
1770386330.193 378 378 383 390 382 379 373 360
1770386330.204 399 384 375 380 393 389 370 343
1770386330.214 389 374 378 384 383 378 360 348
1770386330.223 383 378 388 395 386 377 366 365
1770386330.233 371 375 375 397 385 378 378 365
1770386330.243 358 363 388 400 399 371 372 362
1770386330.254 375 357 383 391 388 379 374 355
1770386330.264 386 376 395 408 395 377 372 370
1770386330.273 382 378 393 394 390 388 376 367
1770386330.283 390 380 398 394 391 388 392 376
1770386330.293 394 391 392 383 389 386 373 360
1770386330.303 389 385 394 396 394 382 373 362
1770386330.314 391 381 389 394 396 388 381 373
1770386330.324 397 386 386 392 400 394 381 355
1770386330.333 383 380 388 392 390 389 373 358
1770386330.343 407 389 393 401 386 381 369 354
1770386330.353 390 387 387 399 383 385 375 361
1770386330.363 404 377 388 397 396 381 374 373
1770386330.373 389 377 382 383 385 377 371 367
1770386330.384 385 374 386 401 391 380 370 363
1770386330.394 383 384 384 392 387 382 377 361
1770386330.404 388 377 383 390 380 382 378 375
1770386330.413 378 380 378 372 385 383 375 354
1770386330.423 375 388 383 396 399 387 373 358
1770386330.433 379 377 385 383 388 379 372 358
1770386330.444 377 377 384 378 391 385 374 358
1770386330.454 395 374 368 370 387 382 359 341
1770386330.464 384 382 383 386 383 374 372 354
1770386330.473 378 376 384 380 384 375 378 354
1770386330.483 379 383 387 376 385 383 379 369
1770386330.493 363 366 386 390 377 370 368 357
1770386330.504 382 373 388 399 394 377 370 357
1770386330.513 376 378 387 393 381 378 372 364
1770386330.523 381 380 386 391 382 380 371 366
1770386330.533 382 387 386 376 371 382 381 370
1770386330.543 386 378 393 402 390 381 372 361
1770386330.553 370 376 390 393 394 383 371 369
1770386330.563 385 373 391 403 399 388 372 365
1770386330.574 382 387 384 399 396 380 365 357
1770386330.583 382 382 393 400 393 375 368 367
1770386330.593 370 378 395 394 391 383 378 371
1770386330.603 378 384 393 389 388 377 375 368
1770386330.613 387 388 396 390 386 361 372 368
1770386330.624 383 379 390 401 401 372 362 362
1770386330.634 383 386 396 393 395 378 373 374
1770386330.643 386 385 389 398 404 381 368 370
1770386330.653 379 391 386 386 385 381 381 360
1770386330.663 388 385 389 395 389 372 369 361
1770386330.673 377 382 399 394 394 375 374 359
1770386330.684 384 379 390 383 387 380 372 365
1770386330.693 385 391 386 380 373 376 372 365
1770386330.703 381 385 398 396 380 377 373 368
1770386330.713 376 384 390 392 388 376 372 367
1770386330.723 384 390 393 396 385 370 370 365
1770386330.734 385 388 387 384 373 369 372 362
1770386330.744 386 394 390 394 370 372 372 368
1770386330.754 381 377 389 393 379 365 372 364
1770386330.763 388 390 391 396 383 372 373 367
1770386330.773 376 379 384 381 379 368 372 363
1770386330.783 392 383 367 394 391 376 365 344
1770386330.793 373 377 388 397 385 369 358 356
1770386330.804 370 365 380 383 381 364 364 365
1770386330.814 377 379 381 385 366 359 363 356
1770386330.823 367 373 379 387 378 361 363 359
1770386330.833 373 372 382 387 382 373 377 361
1770386330.843 383 369 387 397 381 375 370 357
1770386330.853 377 369 381 375 374 364 368 353
1770386330.863 384 384 380 368 370 371 370 351
1770386330.873 372 380 380 383 383 372 366 359
1770386330.884 364 381 382 385 383 372 370 361
1770386330.893 375 377 385 373 376 372 373 367
1770386330.903 393 372 371 377 381 373 356 338
1770386330.913 383 373 368 390 389 374 363 344
1770386330.924 379 370 376 386 381 373 361 366
1770386330.933 381 379 379 371 374 369 377 371
1770386330.943 390 369 382 385 379 366 364 364
1770386330.953 365 363 378 392 376 364 364 375
1770386330.963 367 369 370 387 374 380 374 369
1770386330.973 375 365 372 377 367 378 370 364
1770386330.983 378 370 375 380 374 372 372 362
1770386330.994 368 381 386 378 367 377 373 357
1770386331.004 383 376 383 389 386 374 370 351
1770386331.013 375 371 376 373 377 377 376 357
1770386331.023 390 378 379 382 381 384 373 343
1770386331.033 386 379 374 382 390 384 372 353
1770386331.043 383 369 386 391 390 379 363 354
1770386331.053 371 372 379 384 386 378 374 358
1770386331.063 376 369 375 379 387 377 365 348
1770386331.073 373 369 388 393 395 367 361 361
1770386331.083 385 381 383 393 394 375 362 350
1770386331.093 386 378 390 392 385 376 371 351
1770386331.103 387 374 381 386 387 380 362 345
1770386331.113 386 383 391 375 371 377 376 353
1770386331.124 381 374 391 389 380 367 362 350
1770386331.133 374 374 388 386 378 368 360 350
1770386331.143 383 371 382 382 381 367 351 340
1770386331.153 394 379 380 384 397 376 352 334
1770386331.163 389 376 386 397 381 375 364 353
1770386331.173 383 384 385 384 380 372 376 366
1770386331.183 378 374 384 388 383 365 365 360
1770386331.193 381 375 383 400 382 372 375 368
1770386331.203 376 372 384 397 376 373 366 357
1770386331.213 384 379 386 393 385 380 377 370
1770386331.223 386 373 387 387 379 373 371 367
1770386331.233 368 385 381 383 378 372 368 353
1770386331.243 400 382 385 375 373 369 369 360
1770386331.253 389 385 386 389 380 379 373 366
1770386331.264 381 379 382 384 388 375 368 361
1770386331.273 384 379 381 381 389 380 370 359
1770386331.283 390 384 387 384 379 369 365 351
1770386331.293 390 391 376 383 372 377 371 357
1770386331.303 392 381 383 390 380 373 370 358
1770386331.313 382 382 389 389 380 375 371 360
1770386331.323 380 379 385 377 377 369 372 357
1770386331.333 385 389 394 396 383 378 374 347
1770386331.343 383 369 382 390 388 377 377 361
1770386331.353 383 375 383 385 383 404 367 369
1770386331.363 382 381 370 372 370 392 376 362
1770386331.373 392 386 381 396 391 394 378 355
1770386331.383 377 382 385 392 386 382 382 369
1770386331.394 376 380 385 386 392 384 383 370
1770386331.403 362 370 385 394 386 378 371 370
1770386331.413 381 385 394 402 382 375 375 360
1770386331.423 380 383 386 384 382 379 377 355
1770386331.433 379 377 383 381 379 388 372 358
1770386331.443 387 381 381 378 374 377 372 363
1770386331.454 375 386 393 387 380 380 371 354
1770386331.463 393 383 385 376 381 377 365 359
1770386331.473 382 376 381 385 380 380 375 363
1770386331.483 388 380 375 362 380 373 361 345
1770386331.493 378 371 375 370 374 371 365 349
1770386331.503 395 379 382 381 379 376 381 356
1770386331.513 384 371 375 372 374 369 371 363
1770386331.523 377 371 378 382 370 365 373 371
1770386331.533 374 377 383 391 370 357 366 365
1770386331.543 361 372 377 380 378 375 376 355
1770386331.553 378 376 370 367 377 367 376 360
1770386331.563 365 373 375 372 377 378 383 365
1770386331.573 368 378 364 364 367 370 382 357
1770386331.583 378 370 367 370 368 372 381 355
1770386331.593 375 373 370 376 368 373 379 359
1770386331.603 368 356 361 395 384 369 374 358
1770386331.613 386 367 353 366 370 374 367 353
1770386331.623 382 376 376 386 374 370 372 352
1770386331.633 370 367 379 377 375 365 372 365
1770386331.643 367 359 372 383 376 371 379 377
1770386331.653 358 360 384 378 371 365 363 368
1770386331.663 371 373 360 385 388 377 366 359
1770386331.673 363 361 366 374 377 373 365 360
1770386331.683 362 366 367 393 383 373 374 370
1770386331.693 385 374 369 359 378 376 381 351
1770386331.703 363 369 374 383 379 373 370 356
1770386331.714 363 368 375 374 380 372 366 362
1770386331.724 354 364 375 394 379 377 370 364
1770386331.733 367 356 357 377 377 377 370 349
1770386331.744 376 363 370 392 382 370 369 353
1770386331.753 377 373 372 382 382 367 365 353
1770386331.763 377 373 376 386 380 376 377 365
1770386331.773 364 363 371 372 364 370 381 370
1770386331.783 370 361 371 385 376 371 375 368
1770386331.793 386 365 368 381 385 369 377 361
1770386331.803 382 373 382 378 377 381 381 377
1770386331.813 392 379 371 364 377 383 384 364
1770386331.823 372 373 366 371 377 376 379 365
1770386331.833 371 362 372 374 375 378 378 371
1770386331.843 374 364 366 380 378 373 384 376
1770386331.853 371 362 365 379 378 376 374 374
1770386331.863 371 367 367 386 381 371 367 375
1770386331.873 369 366 370 373 377 375 377 364
1770386331.883 370 368 371 371 375 379 385 375
1770386331.893 370 369 362 372 375 374 378 378
1770386331.903 359 367 373 377 364 369 379 375
1770386331.913 362 357 359 374 376 377 373 362
1770386331.923 373 364 364 375 376 382 377 367
1770386331.933 369 356 356 367 381 382 381 367
1770386331.943 377 363 358 359 365 376 367 361
1770386331.953 364 355 352 361 374 376 375 373
1770386331.963 367 365 361 365 374 374 368 364
1770386331.974 358 356 361 368 374 374 369 370
1770386331.984 363 352 359 377 371 363 356 365
1770386331.993 360 357 362 365 366 368 363 368
1770386332.003 370 361 363 365 371 368 370 368
1770386332.013 370 356 359 368 374 370 375 370
1770386332.024 373 360 362 371 377 365 380 367
1770386332.033 378 359 363 364 376 369 374 380
1770386332.044 367 360 361 376 374 375 375 378
1770386332.053 370 354 358 371 378 372 377 392
1770386332.063 370 361 360 369 376 362 370 377
1770386332.073 368 350 352 365 377 370 377 367
1770386332.083 380 368 364 362 377 370 376 368
1770386332.093 373 361 362 373 376 372 380 374
1770386332.103 369 356 361 363 370 366 383 380
1770386332.113 363 353 365 372 367 366 383 381
1770386332.123 378 365 358 363 370 371 381 374
1770386332.133 379 371 367 376 375 369 376 367
1770386332.143 369 367 363 372 372 370 381 381
1770386332.153 368 373 360 363 364 372 375 376
1770386332.163 394 371 365 368 363 369 373 369
1770386332.173 371 364 364 372 371 378 375 372
1770386332.183 379 365 373 365 370 365 370 387
1770386332.193 381 363 366 372 371 364 364 373
1770386332.203 392 376 368 367 364 365 369 369
1770386332.213 375 369 373 377 365 365 370 377
1770386332.223 377 373 373 374 367 367 378 382
1770386332.233 361 366 383 380 369 362 378 374
1770386332.243 389 371 373 367 369 366 370 365
1770386332.253 393 386 379 390 377 366 368 371
1770386332.263 376 381 370 373 371 368 377 377
1770386332.273 391 392 373 353 374 380 374 367
1770386332.283 389 376 374 357 372 374 374 362
1770386332.293 389 380 382 382 372 370 371 375
1770386332.303 382 377 380 367 376 379 375 374
1770386332.313 376 363 368 378 385 370 369 379
1770386332.323 386 363 370 363 374 367 366 366
1770386332.333 387 375 385 391 384 372 373 381
1770386332.344 380 382 382 377 376 375 374 374
1770386332.353 387 385 386 388 369 372 378 376
1770386332.363 379 382 380 385 372 373 372 361
1770386332.373 374 378 388 385 374 373 378 379
1770386332.383 383 375 385 380 383 375 382 381
1770386332.393 391 381 373 368 385 374 378 355
1770386332.403 386 376 379 381 380 370 362 363
1770386332.413 379 383 392 384 374 365 369 369
1770386332.423 376 373 385 383 372 375 377 376
1770386332.433 379 380 389 384 375 372 372 376
1770386332.443 373 373 388 384 360 356 367 378
1770386332.453 387 381 390 381 366 363 374 373
1770386332.463 389 380 383 381 378 376 373 382
1770386332.473 391 392 390 382 374 375 380 372
1770386332.483 374 382 392 369 367 365 375 375
1770386332.493 391 388 386 381 369 364 369 372
1770386332.503 396 381 389 389 381 369 370 373
1770386332.513 381 377 385 388 388 367 363 366
1770386332.523 406 378 382 386 386 363 359 363
1770386332.533 395 385 387 389 372 373 366 364
1770386332.543 393 383 389 396 386 368 376 367
1770386332.553 388 382 389 400 390 369 368 368
1770386332.563 370 379 394 400 380 364 369 382
1770386332.573 373 381 384 386 384 377 373 365
1770386332.583 372 375 382 389 386 376 372 370
1770386332.593 382 386 386 393 385 369 374 369
1770386332.604 373 380 384 388 374 382 387 367
1770386332.613 375 379 379 387 385 379 370 371
1770386332.623 389 384 384 394 385 378 374 372
1770386332.633 375 383 398 390 385 371 368 361
1770386332.643 372 380 389 399 394 376 370 380
1770386332.653 383 378 388 391 390 371 370 363
1770386332.663 375 377 381 392 388 372 376 369
1770386332.673 374 378 393 396 384 371 369 372
1770386332.683 366 379 392 388 382 376 384 391
1770386332.693 367 373 382 386 389 379 376 371
1770386332.703 377 378 384 390 390 381 373 372
1770386332.713 385 377 387 384 389 375 373 370
1770386332.723 375 378 383 390 383 382 376 373
1770386332.733 370 367 378 385 386 377 376 372
1770386332.743 372 369 385 389 392 376 377 376
1770386332.753 377 371 379 390 380 375 375 377
1770386332.763 370 372 376 386 394 387 389 388
1770386332.773 360 368 380 394 386 382 388 386
1770386332.783 368 374 375 386 384 382 382 378
1770386332.793 375 379 375 382 378 377 385 372
1770386332.803 384 379 381 391 384 390 391 376
1770386332.813 350 372 377 390 384 387 391 392
1770386332.823 379 366 374 388 385 380 383 380
1770386332.833 377 373 376 377 384 380 383 373
1770386332.843 386 373 374 377 393 392 387 376
1770386332.853 367 371 371 364 390 393 382 375
1770386332.863 378 369 374 383 392 377 383 380
1770386332.873 369 362 365 380 383 375 381 375
1770386332.883 378 370 376 382 392 383 382 376
1770386332.893 370 363 363 388 388 379 370 378
1770386332.903 373 364 365 378 388 377 378 384
1770386332.913 356 363 365 382 385 378 376 375
1770386332.923 361 365 369 382 384 380 373 365
1770386332.933 345 360 379 377 373 368 380 384
1770386332.943 353 366 374 380 370 371 379 375
1770386332.953 360 367 372 373 370 366 377 367
1770386332.963 368 365 370 379 375 376 377 374
1770386332.973 360 365 376 365 381 379 381 366
1770386332.983 367 370 368 366 375 374 379 362
1770386332.993 365 359 371 367 374 370 375 364
1770386333.003 365 368 376 383 375 370 366 362
1770386333.013 347 369 384 378 372 365 368 373
1770386333.023 358 364 373 384 372 363 366 371
1770386333.033 364 360 365 375 375 377 384 382
1770386333.043 367 367 376 368 366 369 373 370
1770386333.053 361 373 381 373 372 374 379 372
1770386333.063 347 376 367 362 363 376 378 370
1770386333.073 354 361 364 367 377 374 380 363
1770386333.083 368 354 375 372 372 370 366 351
1770386333.093 364 366 380 373 380 380 370 361
1770386333.103 381 378 363 365 383 375 362 356
1770386333.113 362 369 371 372 375 372 365 363
1770386333.123 373 364 368 370 377 368 368 363
1770386333.133 370 373 372 368 374 372 374 375
1770386333.143 353 367 369 374 363 366 364 371
1770386333.153 356 367 372 365 376 377 370 351
1770386333.163 367 359 378 386 372 368 356 349
1770386333.173 372 369 376 382 382 374 371 360
1770386333.183 379 378 369 366 369 386 382 360
1770386333.193 372 365 371 368 382 377 371 361
1770386333.203 370 364 368 375 374 369 361 368
1770386333.213 374 367 375 378 388 376 367 364
1770386333.223 379 361 358 378 393 385 355 346
1770386333.233 368 358 363 381 390 383 364 354
1770386333.243 361 365 366 372 373 363 358 353
1770386333.253 377 363 367 374 379 375 361 353
1770386333.263 368 365 369 372 366 365 373 372
1770386333.273 371 369 363 386 375 369 367 366
1770386333.283 370 367 367 373 371 361 369 367
1770386333.293 380 367 367 375 375 371 364 362
1770386333.303 378 367 368 373 376 369 365 351
1770386333.313 370 373 376 381 383 369 364 361
1770386333.323 372 371 371 360 371 364 366 369
1770386333.333 376 376 374 369 376 371 368 362
1770386333.343 378 373 375 380 370 363 359 359
1770386333.353 379 368 377 380 372 363 360 370
1770386333.364 384 359 370 368 367 363 371 363
1770386333.373 379 367 368 378 369 366 365 364
1770386333.383 378 363 361 366 362 365 361 368
1770386333.393 372 367 373 381 371 367 366 379
1770386333.403 374 366 372 372 371 373 364 374
1770386333.413 379 367 363 367 376 369 361 355
1770386333.423 372 367 366 373 376 374 362 352
1770386333.433 362 357 374 372 376 368 363 362
1770386333.443 372 360 369 372 372 368 366 360
1770386333.453 387 368 369 372 378 366 362 348
1770386333.463 378 363 368 369 377 360 362 361
1770386333.473 375 370 367 371 377 370 364 349
1770386333.483 373 364 357 350 372 372 370 368
1770386333.493 382 369 366 368 379 369 360 360
1770386333.503 382 368 369 368 374 369 364 359
1770386333.513 386 364 366 359 378 370 360 346
1770386333.523 377 365 360 365 383 372 363 355
1770386333.533 381 373 367 364 376 366 356 358
1770386333.544 381 375 370 370 379 370 362 358
1770386333.553 369 372 387 391 362 349 360 373
1770386333.563 377 368 363 379 383 365 373 366
1770386333.573 378 365 372 379 377 367 358 355
1770386333.583 383 382 381 379 384 367 370 363
1770386333.593 385 375 382 374 365 374 375 358
1770386333.603 383 379 381 386 382 376 372 372
1770386333.613 382 369 370 377 374 362 368 360
1770386333.623 382 383 378 378 370 367 368 363
1770386333.633 386 381 375 370 373 364 361 353
1770386333.643 388 376 372 384 382 372 364 360
1770386333.653 377 378 378 385 374 360 364 375
1770386333.663 390 382 374 376 374 373 369 372
1770386333.673 381 380 382 370 375 369 375 374
1770386333.683 364 378 385 389 380 364 375 381
1770386333.693 379 381 382 398 379 369 368 369
1770386333.703 387 386 379 387 382 372 372 375
1770386333.713 389 381 376 369 377 373 372 361
1770386333.723 396 391 374 380 392 383 374 362
1770386333.733 395 378 382 385 379 369 379 376
1770386333.743 383 379 382 392 381 375 377 368
1770386333.753 397 391 378 383 384 369 374 371
1770386333.763 385 374 374 393 390 365 361 362
1770386333.773 388 385 376 385 383 374 379 375
1770386333.783 392 383 383 390 382 372 364 377
1770386333.793 393 383 381 369 374 367 376 375
1770386333.803 383 390 391 387 364 371 373 367
1770386333.813 393 388 387 392 383 373 375 361
1770386333.823 391 383 384 386 385 374 375 361
1770386333.833 396 377 380 376 379 376 377 369
1770386333.843 403 380 378 389 392 376 362 364
1770386333.853 396 393 379 393 390 374 373 365
1770386333.864 391 385 380 385 387 378 374 360
1770386333.873 381 374 372 383 389 379 370 370
1770386333.883 385 378 395 405 387 364 370 384
1770386333.894 379 380 387 389 386 376 372 375
1770386333.903 394 384 385 385 385 381 376 372
1770386333.913 382 380 382 388 387 383 374 361
1770386333.924 389 386 380 381 387 387 379 360
1770386333.934 397 390 386 392 383 386 386 376
1770386333.944 394 394 386 391 394 379 376 378
1770386333.954 384 377 385 379 384 371 372 362
1770386333.964 387 384 383 394 388 363 370 361
1770386333.974 390 376 385 392 390 377 380 375
1770386333.984 400 382 388 389 379 376 379 387
1770386333.994 389 381 386 385 382 374 381 374
1770386334.004 387 382 397 400 378 376 378 373
1770386334.014 385 392 391 383 371 383 386 378
1770386334.024 391 389 389 388 385 381 379 371
1770386334.034 388 386 387 386 384 379 375 367
1770386334.044 397 396 387 390 386 381 380 359
1770386334.054 392 391 386 384 387 382 389 372
1770386334.064 394 388 390 392 393 382 387 374
1770386334.074 391 383 385 378 389 385 388 380
1770386334.084 392 390 401 384 387 379 381 384
1770386334.094 393 384 393 392 391 387 381 375
1770386334.104 393 385 391 394 389 388 390 372
1770386334.114 394 388 385 401 394 390 394 374
1770386334.124 397 399 386 381 387 383 386 362
1770386334.134 399 391 391 383 396 385 378 368
1770386334.144 395 374 383 383 388 376 376 365
1770386334.153 396 390 391 404 393 382 385 380
1770386334.163 394 390 388 397 389 385 377 369
1770386334.173 392 387 394 404 390 381 383 376
1770386334.183 392 384 386 396 383 385 377 372
1770386334.193 379 385 389 402 389 390 387 381
1770386334.204 394 369 391 390 390 379 384 380
1770386334.214 400 395 392 396 392 381 373 370
1770386334.223 397 392 393 404 391 383 383 377
1770386334.233 385 377 390 412 400 386 380 386
1770386334.243 398 391 388 401 394 387 385 379
1770386334.253 389 382 389 407 390 378 375 369
1770386334.264 379 377 390 404 395 375 375 372
1770386334.274 392 385 396 403 386 382 385 390
1770386334.284 395 389 388 386 381 388 388 384
1770386334.294 395 398 399 396 393 388 388 391
1770386334.303 378 390 394 392 384 377 393 394
1770386334.313 383 386 392 394 394 386 398 397
1770386334.324 392 384 384 390 387 386 395 381
1770386334.333 388 391 382 397 394 388 385 376
1770386334.344 385 376 375 401 393 389 387 374
1770386334.354 390 384 383 394 394 391 394 390
1770386334.364 388 382 381 375 390 392 393 385
1770386334.374 388 384 393 392 393 383 382 381
1770386334.384 369 384 401 404 390 374 373 387
1770386334.394 391 395 387 399 392 385 389 382
1770386334.404 396 382 368 387 390 385 387 383
1770386334.414 393 388 385 397 388 386 388 387
1770386334.424 387 393 388 380 384 392 394 380
1770386334.434 391 383 392 392 395 397 398 376
1770386334.444 391 381 382 383 391 390 390 366
1770386334.454 391 385 393 389 392 380 385 373
1770386334.464 407 390 390 396 402 381 374 369
1770386334.474 389 389 385 392 403 389 384 366
1770386334.484 395 390 388 389 388 380 386 380
1770386334.494 391 392 395 388 388 388 384 381
1770386334.504 378 379 401 394 384 379 386 392
1770386334.513 389 387 389 398 390 379 370 374
1770386334.524 388 384 393 396 394 383 385 387
1770386334.534 393 390 398 395 393 388 388 382
1770386334.543 401 396 387 383 393 395 393 372
1770386334.554 400 395 391 392 394 381 385 385
1770386334.563 391 391 391 386 397 382 386 384
1770386334.573 396 396 388 384 396 386 386 378
1770386334.583 392 386 384 400 394 384 375 389
1770386334.593 400 375 386 398 396 378 378 370
1770386334.603 394 390 396 397 393 386 390 376
1770386334.614 391 394 381 390 396 386 382 373
1770386334.623 393 398 383 385 388 389 387 379
1770386334.633 392 398 386 383 386 385 381 376
1770386334.643 399 392 389 393 393 385 381 380
1770386334.654 389 380 379 385 398 389 382 382
1770386334.664 401 386 379 385 395 390 381 376
1770386334.674 392 381 376 386 387 371 369 362
1770386334.683 399 390 389 390 400 392 387 370
1770386334.693 394 384 384 392 402 386 382 378
1770386334.704 397 397 391 391 385 380 380 389
1770386334.714 376 388 391 396 382 376 382 388
1770386334.724 395 392 390 395 392 381 386 376
1770386334.734 388 397 397 404 401 388 386 384
1770386334.744 390 392 392 399 398 386 385 387
1770386334.754 398 387 383 375 391 386 390 375
1770386334.764 392 391 388 387 396 382 384 377
1770386334.774 387 385 387 390 399 384 380 388
1770386334.783 384 389 389 390 400 389 376 387
1770386334.793 375 381 389 388 399 390 380 383
1770386334.804 393 393 389 396 397 389 384 374
1770386334.813 389 386 393 389 393 382 381 376
1770386334.823 395 395 391 392 394 385 380 377
1770386334.833 390 393 384 385 387 387 395 390
1770386334.843 396 394 387 394 393 383 377 378
1770386334.853 392 390 384 394 387 381 381 380
1770386334.863 394 389 393 400 393 384 382 380
1770386334.873 386 387 382 384 388 385 383 381
1770386334.883 385 380 393 397 392 381 373 367
1770386334.893 387 382 387 393 393 381 381 372
1770386334.903 388 391 386 396 397 381 383 375
1770386334.913 391 381 380 382 401 391 389 380
1770386334.923 376 389 385 391 386 380 380 371
1770386334.933 388 390 387 399 391 376 381 370
1770386334.944 389 390 387 395 392 383 387 372
1770386334.954 392 381 380 402 403 389 382 378
1770386334.964 395 382 378 379 393 382 372 361
1770386334.974 389 380 389 390 390 385 379 376
1770386334.984 391 381 389 393 389 392 381 383
1770386334.994 388 381 391 394 391 390 388 382
1770386335.004 379 379 393 397 382 367 376 389
1770386335.014 394 394 393 398 396 380 374 380
1770386335.024 397 391 390 385 388 381 381 384
1770386335.034 385 382 389 393 402 387 385 380
1770386335.044 397 393 378 382 397 391 394 376
1770386335.054 394 390 383 390 394 380 381 373
1770386335.064 393 390 380 382 387 381 379 369
1770386335.074 392 396 394 396 395 384 378 376
1770386335.084 390 381 376 396 393 387 371 375
1770386335.094 399 390 389 401 393 391 382 380
1770386335.104 406 386 383 395 398 383 379 370
1770386335.114 387 387 388 394 393 380 381 378
1770386335.124 389 395 395 395 387 390 394 379
1770386335.134 393 389 393 395 393 388 390 380
1770386335.144 383 379 383 402 390 388 380 375
1770386335.153 397 387 389 395 393 390 383 377
1770386335.164 401 385 377 390 409 394 381 361
1770386335.173 402 395 380 392 395 386 382 384
1770386335.183 389 382 381 387 392 380 377 380
1770386335.193 399 391 390 402 398 384 384 384
1770386335.203 381 381 383 403 393 377 384 393
1770386335.213 386 380 392 400 393 382 377 372
1770386335.224 389 380 387 390 389 380 374 379
1770386335.234 398 395 393 395 389 383 381 372
1770386335.243 404 395 392 396 395 386 386 368
1770386335.253 400 400 387 396 395 391 384 372
1770386335.263 386 387 386 402 393 382 382 377
1770386335.273 398 395 390 383 388 381 371 372
1770386335.284 398 384 389 398 402 382 375 378
1770386335.294 378 373 387 400 399 382 379 386
1770386335.303 387 385 390 396 389 382 386 384
1770386335.313 407 391 383 382 393 385 376 367
1770386335.323 394 393 390 392 389 387 387 381
1770386335.333 391 399 386 381 381 387 389 381
1770386335.343 395 386 385 387 390 383 388 385
1770386335.354 413 386 385 393 391 384 377 367
1770386335.364 392 393 387 400 397 390 378 373
1770386335.374 387 379 375 390 395 390 376 372
1770386335.384 390 387 381 386 393 391 387 381
1770386335.394 396 384 385 396 396 383 374 366
1770386335.404 393 391 393 405 395 382 385 374
1770386335.414 382 380 393 402 383 381 390 384
1770386335.424 392 384 384 390 399 390 393 376
1770386335.434 391 381 382 385 393 385 378 373
1770386335.444 401 394 396 391 393 385 381 378
1770386335.454 406 388 387 391 402 395 377 365
1770386335.464 392 386 385 395 392 385 384 371
1770386335.474 393 387 388 395 397 378 376 379
1770386335.484 394 386 389 394 390 382 380 378
1770386335.494 385 382 387 401 397 381 377 382
1770386335.504 390 387 384 392 394 385 378 378
1770386335.514 392 392 391 400 390 385 381 384
1770386335.524 389 386 390 393 392 381 382 375
1770386335.534 407 392 389 380 386 383 389 381
1770386335.544 399 391 385 391 395 386 379 378
1770386335.554 385 392 386 394 392 383 383 390
1770386335.564 391 394 392 396 394 380 381 371
1770386335.574 397 391 389 394 394 383 378 374
1770386335.584 399 388 392 404 405 386 382 367
1770386335.594 384 391 386 381 390 385 389 380
1770386335.604 399 390 388 384 392 382 385 376
1770386335.614 402 395 386 384 392 382 385 380
1770386335.623 394 393 383 388 402 392 382 375
1770386335.633 393 386 384 390 401 398 386 381
1770386335.643 393 389 386 391 396 389 380 371
1770386335.653 393 390 392 395 397 386 376 372
1770386335.664 388 377 391 400 392 375 367 369
1770386335.673 396 390 390 390 388 389 374 377
1770386335.683 392 384 388 392 393 390 373 360
1770386335.693 389 389 383 394 392 387 386 379
1770386335.703 381 392 407 405 381 374 377 382
1770386335.713 387 391 386 391 387 385 375 375
1770386335.723 395 382 391 393 393 386 378 387
1770386335.733 394 385 385 387 388 382 376 383
1770386335.743 400 400 388 382 395 388 372 360
1770386335.753 387 390 390 397 388 393 383 383
1770386335.764 390 382 388 391 393 382 382 374
1770386335.774 392 385 389 392 392 387 377 375
1770386335.784 394 390 395 394 387 375 381 388
1770386335.794 406 399 391 396 398 386 381 371
1770386335.804 394 385 388 398 392 390 382 368
1770386335.814 393 388 387 395 392 387 383 380
1770386335.824 402 399 390 377 386 382 386 376
1770386335.834 400 398 393 401 404 390 386 375
1770386335.844 400 393 389 393 397 387 383 376
1770386335.854 384 390 389 389 396 383 383 382
1770386335.864 408 385 384 387 399 381 368 369
1770386335.874 406 382 392 413 404 378 373 373
1770386335.884 389 391 387 396 396 387 376 374
1770386335.894 396 391 386 393 396 386 378 377
1770386335.904 399 384 382 386 392 386 383 383
1770386335.914 377 392 396 403 386 376 376 377
1770386335.924 394 389 389 394 394 383 385 387
1770386335.934 393 383 388 396 396 385 387 385
1770386335.944 399 388 385 382 400 386 375 367
1770386335.953 396 394 381 385 398 384 367 356
1770386335.963 397 395 387 402 394 388 385 379
1770386335.974 391 392 392 395 390 388 385 378
1770386335.984 388 389 393 396 394 371 373 385
1770386335.994 387 386 393 394 388 377 377 383
1770386336.004 397 386 388 392 391 382 386 381
1770386336.013 402 387 389 399 391 390 387 378
1770386336.024 390 386 386 389 395 390 385 377
1770386336.033 399 403 383 380 392 385 391 374
1770386336.043 388 389 388 393 397 388 386 382
1770386336.053 393 392 391 391 394 391 379 363
1770386336.063 390 388 385 396 397 385 380 381
1770386336.074 401 380 376 397 401 377 373 370
1770386336.084 395 382 385 402 401 385 385 380
1770386336.094 404 388 389 403 403 384 380 374
1770386336.103 386 383 385 394 392 384 391 381
1770386336.113 389 391 390 385 388 386 389 375
1770386336.123 388 389 392 399 398 391 386 374
1770386336.134 392 391 387 391 396 380 376 369
1770386336.144 387 392 394 391 397 385 385 381
1770386336.153 398 377 379 386 402 388 376 360
1770386336.163 395 383 383 397 401 391 382 373
1770386336.173 399 390 394 402 399 381 381 374
1770386336.184 395 387 394 393 390 387 395 387
1770386336.194 392 390 392 395 395 377 384 390
1770386336.203 403 395 392 397 397 380 380 384
1770386336.213 398 389 395 397 390 382 379 375
1770386336.223 401 396 391 394 391 388 391 373
1770386336.233 402 400 387 379 394 390 386 368
1770386336.244 400 395 391 389 395 383 381 383
1770386336.254 390 385 387 387 386 383 381 377
1770386336.263 402 390 389 396 395 390 389 366
1770386336.274 395 389 392 394 395 381 379 370
1770386336.284 400 395 388 392 393 389 385 379
1770386336.294 399 389 386 385 387 386 381 379
1770386336.304 403 388 390 397 398 391 381 372
1770386336.314 388 378 388 403 401 388 381 382
1770386336.324 401 392 391 398 397 385 381 374
1770386336.334 401 390 383 383 388 385 372 374
1770386336.344 393 395 389 400 402 391 378 377
1770386336.353 379 385 391 391 396 386 383 391
1770386336.363 389 389 389 402 396 381 383 387
1770386336.373 392 382 381 389 389 388 381 381
1770386336.383 398 390 393 405 397 387 376 374
1770386336.393 385 390 393 401 398 383 383 384
1770386336.403 386 393 388 395 392 384 387 381
1770386336.413 396 391 386 391 395 387 384 377
1770386336.423 389 385 397 396 392 380 378 370
1770386336.433 392 394 390 391 394 388 391 380
1770386336.443 388 382 383 408 405 387 368 368
1770386336.453 397 389 385 401 398 387 378 377
1770386336.463 398 396 389 391 389 378 378 374
1770386336.473 393 385 388 395 396 385 385 376
1770386336.483 385 385 391 384 388 383 389 389
1770386336.493 382 389 390 388 398 381 383 380
1770386336.503 402 396 393 392 393 389 380 378
1770386336.513 401 391 384 398 404 393 384 372
1770386336.523 392 391 386 388 400 392 380 365
1770386336.534 381 388 391 392 398 389 380 378
1770386336.543 384 381 391 387 389 381 378 370
1770386336.553 395 386 389 395 395 390 382 374
1770386336.564 390 390 389 395 392 379 375 372
1770386336.574 385 394 407 408 394 377 383 392
1770386336.584 386 389 387 398 395 388 378 371
1770386336.594 401 390 387 399 395 381 378 370
1770386336.603 396 395 388 394 390 385 381 375
1770386336.614 394 404 393 387 389 387 389 386
1770386336.624 391 389 392 401 393 387 384 371
1770386336.634 393 391 394 402 392 385 381 376
1770386336.644 390 383 387 396 396 386 379 379
1770386336.654 389 383 389 405 405 386 374 375
1770386336.664 402 380 386 390 395 385 381 376
1770386336.674 393 389 395 395 391 385 376 372
1770386336.684 392 391 393 389 393 386 383 382
1770386336.694 396 400 397 387 383 380 386 380
1770386336.704 398 380 383 398 405 395 384 381
1770386336.714 395 390 386 391 391 385 382 369
1770386336.724 389 391 383 387 388 385 379 374
1770386336.734 411 386 378 384 408 396 372 359
1770386336.743 391 370 382 395 404 392 381 373
1770386336.753 398 388 391 399 397 384 380 377
1770386336.763 403 386 387 397 392 382 381 375
1770386336.773 386 388 392 409 392 381 381 384
1770386336.783 375 379 385 402 394 380 381 373
1770386336.793 395 386 384 393 396 382 383 373
1770386336.803 379 384 386 390 389 383 379 377
1770386336.813 413 390 383 396 406 394 379 355
1770386336.824 382 382 390 402 401 390 388 380
1770386336.834 393 385 389 395 397 387 384 371
1770386336.843 399 396 384 384 393 385 384 379
1770386336.853 399 380 390 405 399 372 370 384
1770386336.864 380 371 384 400 397 383 389 397
1770386336.873 399 387 383 394 394 384 386 374
1770386336.883 387 388 388 395 396 387 385 382
1770386336.893 395 396 395 389 386 384 383 380
1770386336.903 397 386 389 381 387 389 396 386
1770386336.913 407 387 389 397 398 387 385 382
1770386336.923 386 391 387 399 392 384 381 376
1770386336.934 389 384 388 396 393 380 374 372
1770386336.944 394 389 386 397 400 391 386 375
1770386336.953 392 387 386 396 405 387 384 379
1770386336.963 390 387 387 400 403 388 383 380
1770386336.974 399 397 391 393 392 383 382 385
1770386336.984 396 397 393 398 396 381 376 371
1770386336.993 390 381 390 392 397 388 388 375
1770386337.003 387 388 386 392 395 386 380 378
1770386337.013 385 389 389 397 397 381 376 368
1770386337.023 389 381 388 404 399 381 372 376
1770386337.033 389 392 391 398 394 381 376 376
1770386337.043 396 392 393 395 392 384 382 377
1770386337.053 389 390 384 388 385 388 377 377
1770386337.063 398 395 394 398 392 385 383 382
1770386337.073 400 395 393 402 399 390 388 382
1770386337.084 400 393 387 395 393 385 386 380
1770386337.093 394 389 377 394 402 384 382 382
1770386337.103 407 384 384 385 392 383 375 373
1770386337.113 404 384 384 394 396 392 385 376
1770386337.123 397 384 389 394 395 391 387 374
1770386337.134 400 380 377 385 397 386 388 380
1770386337.144 388 384 393 392 390 383 378 377
1770386337.154 387 385 394 394 397 388 383 383
1770386337.164 388 392 389 393 390 393 386 370
1770386337.174 382 376 382 397 395 385 386 377
1770386337.184 399 396 385 393 401 390 375 367
1770386337.194 392 391 384 382 396 390 383 375
1770386337.204 395 390 391 391 395 384 378 369
1770386337.214 376 383 391 396 397 385 381 387
1770386337.224 375 387 390 391 389 378 377 390
1770386337.234 389 383 392 404 401 380 374 385
1770386337.244 405 392 390 402 403 384 374 374
1770386337.254 390 394 393 394 397 378 387 392
1770386337.264 389 389 387 386 388 393 386 383
1770386337.274 393 400 395 386 389 391 390 382
1770386337.284 399 391 390 393 390 379 373 375
1770386337.294 391 393 388 399 396 385 390 383
1770386337.304 382 386 380 389 400 397 386 374
1770386337.313 394 378 376 392 395 391 381 370
1770386337.324 404 390 386 391 394 385 380 373
1770386337.333 399 398 393 395 404 393 386 373
1770386337.344 379 381 382 392 397 391 389 386
1770386337.354 382 393 387 387 382 384 388 386
1770386337.364 397 389 391 390 390 385 379 372
1770386337.374 395 392 391 395 400 394 383 370
1770386337.384 388 382 384 401 401 385 387 383
1770386337.394 396 378 376 398 404 385 377 366
1770386337.404 402 391 387 393 398 382 381 379
1770386337.414 400 385 391 399 402 388 387 381
1770386337.424 387 382 391 395 391 384 384 378
1770386337.434 383 382 402 397 385 374 378 390
1770386337.444 387 382 387 392 393 383 382 384
1770386337.454 388 391 390 407 407 383 377 375
1770386337.464 384 386 388 395 396 383 385 380
1770386337.474 395 397 393 383 397 385 379 371
1770386337.484 394 389 386 388 398 397 383 375
1770386337.494 382 389 384 390 388 379 383 374
1770386337.504 385 391 389 392 391 388 386 383
1770386337.514 386 388 388 402 400 380 379 384
1770386337.524 382 379 388 407 400 383 383 390
1770386337.533 390 387 388 385 398 381 379 383
1770386337.544 391 390 386 388 397 391 385 380
1770386337.554 400 395 388 385 392 394 391 382
1770386337.564 392 392 388 390 400 389 389 384
1770386337.574 395 387 387 388 397 386 383 379
1770386337.584 388 387 387 388 397 393 386 372
1770386337.594 386 387 384 397 398 385 381 374
1770386337.604 386 378 387 402 405 383 381 380
1770386337.614 382 387 381 390 391 382 377 372
1770386337.624 375 383 384 398 401 391 379 370
1770386337.634 389 388 385 389 394 387 385 384
1770386337.644 379 395 394 387 387 383 387 387
1770386337.654 382 389 389 391 388 382 387 386
1770386337.664 401 387 383 396 393 389 381 382
1770386337.674 391 385 385 395 392 385 376 369
1770386337.684 382 384 390 395 393 385 380 375
1770386337.694 395 392 386 383 390 392 394 384
1770386337.704 394 388 386 388 395 387 384 375
1770386337.714 392 390 392 395 395 394 385 375
1770386337.724 393 397 399 396 390 385 385 384
1770386337.734 392 379 377 368 388 388 381 375
1770386337.744 389 388 389 396 397 390 382 370
1770386337.753 394 383 391 394 395 382 378 379
1770386337.763 401 389 386 390 394 387 387 369
1770386337.774 388 380 381 391 400 385 385 375
1770386337.783 393 387 389 391 393 385 380 370
1770386337.793 391 388 394 395 397 381 378 377
1770386337.804 407 393 392 388 403 390 383 381
1770386337.813 386 379 382 386 395 393 387 384
1770386337.823 385 386 385 392 391 383 380 387
1770386337.834 390 384 388 385 388 382 378 389
1770386337.844 397 391 385 396 403 388 373 375
1770386337.853 387 382 380 394 401 398 387 387
1770386337.864 391 384 391 397 391 385 386 375
1770386337.873 396 387 385 395 397 383 389 377
1770386337.883 395 392 389 390 390 385 383 385
1770386337.893 383 395 400 413 396 390 391 395
1770386337.903 397 386 390 391 391 389 390 378
1770386337.913 398 388 390 388 393 390 387 384
1770386337.923 397 387 389 396 401 388 378 374
1770386337.933 386 398 387 386 399 394 386 379
1770386337.944 397 392 383 386 389 391 382 377
1770386337.954 392 391 389 390 392 391 388 378
1770386337.964 405 387 390 396 396 385 379 382
1770386337.974 392 387 392 398 390 383 382 380
1770386337.984 395 386 387 392 399 387 382 386
1770386337.994 396 390 386 395 397 385 387 389
1770386338.004 382 376 383 390 393 383 384 382
1770386338.014 410 398 389 389 395 393 387 374
1770386338.024 387 387 387 393 397 385 377 373
1770386338.034 387 383 385 397 400 384 378 373
1770386338.044 387 387 386 390 390 381 383 378
1770386338.054 392 382 386 399 400 372 365 375
1770386338.064 393 386 389 396 396 382 374 373
1770386338.074 391 388 395 400 398 388 383 383
1770386338.084 394 390 391 389 384 379 385 382
1770386338.094 389 401 394 383 386 391 380 373
1770386338.104 390 388 394 395 397 391 381 376
1770386338.114 393 388 392 392 395 390 384 381
1770386338.124 392 386 386 383 393 382 389 378
1770386338.133 385 380 381 393 400 381 369 379
1770386338.144 390 382 385 400 397 376 381 382
1770386338.153 390 391 391 396 391 382 384 387
1770386338.163 392 388 382 384 389 387 380 375
1770386338.174 401 389 385 378 380 390 386 378
1770386338.184 393 391 389 390 388 392 392 379
1770386338.194 394 393 390 396 395 389 387 371
1770386338.203 388 384 386 394 395 395 390 378
1770386338.214 390 383 382 400 403 381 378 382
1770386338.224 398 382 379 401 405 384 380 382
1770386338.234 397 386 389 396 398 389 378 371
1770386338.244 396 378 385 396 400 392 385 380
1770386338.254 389 389 396 387 388 388 387 393
1770386338.263 389 391 389 380 389 386 381 387
1770386338.274 392 391 388 400 394 387 385 380
1770386338.284 383 382 394 396 398 383 381 385
1770386338.294 396 384 389 392 394 384 384 377
1770386338.304 397 382 389 385 396 377 374 375
1770386338.314 390 387 388 393 395 386 384 378
1770386338.324 382 392 389 391 404 385 384 385
1770386338.333 396 394 390 390 394 390 390 380
1770386338.344 379 391 396 396 386 381 384 374
1770386338.354 389 384 387 394 393 388 381 373
1770386338.364 393 393 386 392 396 391 391 377
1770386338.374 391 385 387 395 396 390 386 382
1770386338.384 396 383 376 388 404 386 373 364
1770386338.393 387 385 386 384 397 386 379 384
1770386338.404 395 391 393 393 396 391 385 373
1770386338.413 392 387 382 395 401 391 384 380
1770386338.423 380 391 391 403 389 382 387 385
1770386338.433 377 388 386 394 391 386 378 390
1770386338.443 391 391 391 390 395 387 381 377
1770386338.453 386 381 390 393 396 388 385 383
1770386338.463 406 384 380 396 396 390 376 374
1770386338.473 382 380 383 389 392 388 384 379
1770386338.483 390 387 388 390 389 381 384 377
1770386338.493 391 385 392 392 397 384 388 385
1770386338.503 395 391 388 387 386 375 385 386
1770386338.513 391 380 386 388 390 387 386 376
1770386338.523 400 393 389 395 393 390 386 379
1770386338.533 395 395 393 398 390 386 389 386
1770386338.543 391 392 387 388 389 387 382 379
1770386338.554 390 383 384 395 401 397 384 380
1770386338.564 397 389 394 397 398 381 380 373
1770386338.574 398 391 387 392 394 387 388 380
1770386338.583 396 388 386 397 389 390 386 372
1770386338.593 380 383 391 402 399 388 388 384
1770386338.603 380 390 389 400 394 379 375 387
1770386338.613 402 388 388 396 396 386 376 372
1770386338.623 384 386 390 398 393 385 375 367
1770386338.633 394 393 384 389 398 386 383 380
1770386338.643 395 388 384 388 387 380 379 383
1770386338.653 399 393 389 390 393 387 378 380
1770386338.664 378 378 397 398 395 387 380 385
1770386338.674 370 380 397 408 395 380 379 388
1770386338.683 379 389 389 390 383 381 391 389
1770386338.693 397 385 386 395 396 383 378 379
1770386338.703 398 389 390 395 399 388 387 374
1770386338.713 397 400 395 382 386 387 386 374
1770386338.723 392 388 383 390 395 390 378 382
1770386338.733 395 382 388 394 395 388 374 369
1770386338.744 397 384 387 396 403 384 386 384
1770386338.754 401 378 382 398 411 384 372 376
1770386338.764 387 380 382 392 408 387 379 378
