% Pose logfile
% 1 	Time (sec)
% 2,3 	X, Y position (m)
% 4 	Heading in radians (m)
% 5 	Tilt angle, if calculated (rad)
1770200583.8317 0.000 0.000 0.0000 -2.6851
1770200583.8362 0.000 0.000 0.0000 -2.6852
1770200583.8415 0.000 0.000 0.0000 -2.6853
1770200583.8469 0.000 0.000 0.0000 -2.6854
1770200583.8512 0.000 0.000 0.0000 -2.6856
1770200583.8567 0.000 0.000 0.0000 -2.6857
1770200583.8611 0.000 0.000 0.0000 -2.6859
1770200583.8665 0.000 0.000 0.0000 -2.6860
1770200583.8719 0.000 0.000 0.0000 -2.6861
1770200583.8764 0.000 0.000 0.0000 -2.6862
1770200583.8817 0.000 0.000 0.0000 -2.6863
1770200583.8861 0.000 0.000 0.0000 -2.6863
1770200583.8915 0.000 0.000 0.0000 -2.6865
1770200583.8960 0.000 0.000 0.0000 -2.6866
1770200583.9014 0.000 0.000 0.0000 -2.6868
1770200583.9068 0.000 0.000 0.0000 -2.6869
1770200583.9112 0.000 0.000 0.0000 -2.6870
1770200583.9167 0.000 0.000 0.0000 -2.6872
1770200583.9211 0.000 0.000 0.0000 -2.6875
1770200583.9265 0.000 0.000 0.0000 -2.6876
1770200583.9319 0.000 0.000 0.0000 -2.6877
1770200583.9364 0.000 0.000 0.0000 -2.6879
1770200583.9417 0.000 0.000 0.0000 -2.6881
1770200583.9462 0.000 0.000 0.0000 -2.6882
1770200583.9515 0.000 0.000 0.0000 -2.6884
1770200583.9560 0.000 0.000 0.0000 -2.6886
1770200583.9614 0.000 0.000 0.0000 -2.6887
1770200583.9668 0.000 0.000 0.0000 -2.6888
1770200583.9712 0.000 0.000 0.0000 -2.6891
1770200583.9766 0.000 0.000 0.0000 -2.6892
1770200583.9811 0.000 0.000 0.0000 -2.6895
1770200583.9864 0.000 0.000 0.0000 -2.6896
1770200583.9918 0.000 0.000 0.0000 -2.6899
1770200583.9963 0.000 0.000 0.0000 -2.6900
1770200584.0017 0.000 0.000 0.0000 -2.6902
1770200584.0062 0.000 0.000 0.0000 -2.6903
1770200584.0115 0.000 0.000 0.0000 -2.6904
1770200584.0160 0.000 0.000 0.0000 -2.6905
1770200584.0214 0.000 0.000 0.0000 -2.6906
1770200584.0268 0.000 0.000 0.0000 -2.6906
1770200584.0312 0.000 0.000 0.0000 -2.6907
1770200584.0366 0.000 0.000 0.0000 -2.6907
1770200584.0410 0.000 0.000 0.0000 -2.6908
1770200584.0465 0.000 0.000 0.0000 -2.6908
1770200584.0518 0.000 0.000 0.0000 -2.6909
1770200584.0564 0.000 0.000 0.0000 -2.6909
1770200584.0619 0.000 0.000 0.0000 -2.6910
1770200584.0665 0.000 0.000 0.0000 -2.6910
1770200584.0719 0.000 0.000 0.0000 -2.6911
1770200584.0764 0.000 0.000 0.0000 -2.6912
1770200584.0817 0.000 0.000 0.0000 -2.6913
1770200584.0861 0.000 0.000 0.0000 -2.6913
1770200584.0916 0.000 0.000 0.0000 -2.6914
1770200584.0970 0.000 0.000 0.0000 -2.6914
1770200584.1014 0.000 0.000 0.0000 -2.6914
1770200584.1068 0.000 0.000 0.0000 -2.6915
1770200584.1111 0.000 0.000 0.0000 -2.6915
1770200584.1167 0.000 0.000 0.0000 -2.6916
1770200584.1220 0.000 0.000 0.0000 -2.6917
1770200584.1265 0.000 0.000 0.0000 -2.6918
1770200584.1313 0.000 0.000 0.0000 -2.6918
1770200584.1367 0.000 0.000 0.0000 -2.6919
1770200584.1421 0.000 0.000 0.0000 -2.6919
1770200584.1464 0.000 0.000 0.0000 -2.6920
1770200584.1519 0.000 0.000 0.0000 -2.6920
1770200584.1563 0.000 0.000 0.0000 -2.6920
1770200584.1617 0.000 0.000 0.0000 -2.6920
1770200584.1672 0.000 0.000 0.0000 -2.6921
1770200584.1716 0.000 0.000 0.0000 -2.6921
1770200584.1770 0.000 0.000 0.0000 -2.6922
1770200584.1813 0.000 0.000 0.0000 -2.6922
1770200584.1868 0.000 0.000 0.0000 -2.6923
1770200584.1922 0.000 0.000 0.0000 -2.6923
1770200584.1966 0.000 0.000 0.0000 -2.6924
1770200584.2020 0.000 0.000 0.0000 -2.6924
1770200584.2064 0.000 0.000 0.0000 -2.6925
1770200584.2118 0.000 0.000 0.0000 -2.6925
1770200584.2162 0.000 0.000 0.0000 -2.6925
1770200584.2217 0.000 0.000 0.0000 -2.6926
1770200584.2271 0.000 0.000 0.0000 -2.6926
1770200584.2315 0.000 0.000 0.0000 -2.6926
1770200584.2369 0.000 0.000 0.0000 -2.6927
1770200584.2422 0.000 0.000 0.0000 -2.6927
1770200584.2467 0.000 0.000 0.0000 -2.6928
1770200584.2520 0.000 0.000 0.0000 -2.6928
1770200584.2565 0.000 0.000 0.0000 -2.6929
1770200584.2619 0.000 0.000 0.0000 -2.6930
1770200584.2663 0.000 0.000 0.0000 -2.6931
1770200584.2717 0.000 0.000 0.0000 -2.6931
1770200584.2772 0.000 0.000 0.0000 -2.6932
1770200584.2816 0.000 0.000 0.0000 -2.6933
1770200584.2870 0.000 0.000 0.0000 -2.6934
1770200584.2914 0.000 0.000 0.0000 -2.6935
1770200584.2968 0.000 0.000 0.0000 -2.6936
1770200584.3022 0.000 0.000 0.0000 -2.6937
1770200584.3077 0.000 0.000 0.0000 -2.6937
1770200584.3120 0.000 0.000 0.0000 -2.6938
1770200584.3176 0.000 0.000 0.0000 -2.6939
1770200584.3219 0.000 0.000 0.0000 -2.6940
1770200584.3274 0.000 0.000 0.0000 -2.6940
1770200584.3320 0.000 0.000 0.0000 -2.6941
1770200584.3373 0.000 0.000 0.0000 -2.6942
1770200584.3418 0.000 0.000 0.0000 -2.6942
1770200584.3472 0.000 0.000 0.0000 -2.6943
1770200584.3517 0.000 0.000 0.0000 -2.6943
1770200584.3574 0.000 0.000 0.0000 -2.6944
1770200584.3627 0.000 0.000 0.0000 -2.6945
1770200584.3672 0.000 0.000 0.0000 -2.6946
1770200584.3726 0.000 0.000 0.0000 -2.6946
1770200584.3770 0.000 0.000 0.0000 -2.6947
1770200584.3824 0.000 0.000 0.0000 -2.6948
1770200584.3868 0.000 0.000 0.0000 -2.6949
1770200584.3922 0.000 0.000 0.0000 -2.6949
1770200584.3977 0.000 0.000 0.0000 -2.6950
1770200584.4020 0.000 0.000 0.0000 -2.6951
1770200584.4075 0.000 0.000 0.0000 -2.6952
1770200584.4119 0.000 0.000 0.0000 -2.6952
1770200584.4173 0.000 0.000 0.0000 -2.6953
1770200584.4217 0.000 0.000 0.0000 -2.6953
1770200584.4273 0.000 0.000 0.0000 -2.6954
1770200584.4318 0.000 0.000 0.0000 -2.6954
1770200584.4374 0.000 0.000 0.0000 -2.6955
1770200584.4427 0.000 0.000 0.0000 -2.6956
1770200584.4472 0.000 0.000 0.0000 -2.6957
1770200584.4517 0.000 0.000 0.0000 -2.6957
1770200584.4572 0.000 0.000 0.0000 -2.6957
1770200584.4628 0.000 0.000 0.0000 -2.6958
1770200584.4672 0.000 0.000 0.0000 -2.6958
1770200584.4717 0.000 0.000 0.0000 -2.6959
1770200584.4772 0.000 0.000 0.0000 -2.6959
1770200584.4826 0.000 0.000 0.0000 -2.6960
1770200584.4873 0.000 0.000 0.0000 -2.6961
1770200584.4927 0.000 0.000 0.0000 -2.6961
1770200584.4973 0.000 0.000 0.0000 -2.6961
1770200584.5027 0.000 0.000 0.0000 -2.6962
1770200584.5071 0.000 0.000 0.0000 -2.6962
1770200584.5127 0.000 0.000 0.0000 -2.6963
1770200584.5172 0.000 0.000 0.0000 -2.6963
1770200584.5218 0.000 0.000 0.0000 -2.6964
1770200584.5274 0.000 0.000 0.0000 -2.6964
1770200584.5321 0.000 0.000 0.0000 -2.6964
1770200584.5376 0.000 0.000 0.0000 -2.6964
1770200584.5421 0.000 0.000 0.0000 -2.6964
1770200584.5477 0.000 0.000 0.0000 -2.6965
1770200584.5521 0.000 0.000 0.0000 -2.6965
1770200584.5578 0.000 0.000 0.0000 -2.6966
1770200584.5623 0.000 0.000 0.0000 -2.6966
1770200584.5677 0.000 0.000 0.0000 -2.6967
1770200584.5723 0.000 0.000 0.0000 -2.6967
1770200584.5777 0.000 0.000 0.0000 -2.6968
1770200584.5822 0.000 0.000 0.0000 -2.6968
1770200584.5877 0.000 0.000 0.0000 -2.6969
1770200584.5923 0.000 0.000 0.0000 -2.6969
1770200584.5969 0.000 0.000 0.0000 -2.6970
1770200584.6022 0.000 0.000 0.0000 -2.6971
1770200584.6070 0.000 0.000 0.0000 -2.6971
1770200584.6127 0.000 0.000 0.0000 -2.6971
1770200584.6174 0.000 0.000 0.0000 -2.6972
1770200584.6228 0.000 0.000 0.0000 -2.6973
1770200584.6272 0.000 0.000 0.0000 -2.6973
1770200584.6318 0.000 0.000 0.0000 -2.6973
1770200584.6376 0.000 0.000 0.0000 -2.6973
1770200584.6422 0.000 0.000 0.0000 -2.6973
1770200584.6470 0.000 0.000 0.0012 -2.6973
1770200584.6528 0.000 0.000 0.0023 -2.6974
1770200584.6576 0.001 0.000 0.0035 -2.6975
1770200584.6623 0.002 0.000 0.0023 -2.6975
1770200584.6671 0.003 0.000 0.0012 -2.6978
1770200584.6727 0.003 0.000 0.0012 -2.6978
1770200584.6776 0.004 0.000 0.0012 -2.6975
1770200584.6823 0.005 0.000 0.0012 -2.6970
1770200584.6870 0.007 0.000 0.0012 -2.6970
1770200584.6929 0.007 0.000 -0.0000 -2.6970
1770200584.6976 0.008 0.000 -0.0000 -2.6972
1770200584.7023 0.009 0.000 -0.0000 -2.6973
1770200584.7068 0.010 0.000 -0.0000 -2.6974
1770200584.7125 0.011 0.000 -0.0000 -2.6974
1770200584.7171 0.012 0.000 -0.0000 -2.6973
1770200584.7225 0.013 0.000 -0.0000 -2.6975
1770200584.7272 0.014 0.000 -0.0000 -2.6975
1770200584.7328 0.015 0.000 -0.0000 -2.6976
1770200584.7374 0.016 0.000 -0.0000 -2.6979
1770200584.7418 0.017 0.000 -0.0000 -2.6979
1770200584.7472 0.018 0.000 -0.0000 -2.6980
1770200584.7529 0.019 0.000 -0.0000 -2.6980
1770200584.7574 0.020 0.000 -0.0000 -2.6982
1770200584.7620 0.021 0.000 0.0012 -2.6983
1770200584.7675 0.023 0.000 0.0012 -2.6983
1770200584.7721 0.024 0.000 -0.0000 -2.6984
1770200584.7775 0.025 0.000 -0.0000 -2.6986
1770200584.7820 0.026 0.000 0.0012 -2.6987
1770200584.7876 0.027 0.000 0.0012 -2.6987
1770200584.7920 0.028 0.000 -0.0000 -2.6986
1770200584.7976 0.030 0.000 0.0012 -2.6985
1770200584.8019 0.031 0.000 -0.0000 -2.6985
1770200584.8075 0.032 0.000 0.0012 -2.6986
1770200584.8121 0.033 0.000 0.0012 -2.6986
1770200584.8175 0.034 0.000 0.0012 -2.6987
1770200584.8220 0.035 0.000 0.0012 -2.6987
1770200584.8275 0.037 0.000 0.0012 -2.6988
1770200584.8321 0.038 0.000 0.0012 -2.6988
1770200584.8376 0.039 0.000 0.0012 -2.6989
1770200584.8430 0.040 0.000 0.0023 -2.6989
1770200584.8476 0.042 0.000 0.0012 -2.6990
1770200584.8520 0.043 0.000 0.0023 -2.6989
1770200584.8576 0.044 0.000 0.0012 -2.6990
1770200584.8621 0.045 0.000 0.0023 -2.6990
1770200584.8675 0.046 0.000 0.0012 -2.6990
1770200584.8720 0.047 0.000 0.0012 -2.6991
1770200584.8775 0.049 0.000 0.0023 -2.6991
1770200584.8821 0.050 0.000 0.0023 -2.6992
1770200584.8876 0.051 0.000 0.0012 -2.6994
1770200584.8922 0.052 0.000 0.0023 -2.6994
1770200584.8976 0.054 0.000 0.0012 -2.6995
1770200584.9020 0.055 0.000 0.0023 -2.6995
1770200584.9076 0.056 0.000 0.0023 -2.6996
1770200584.9120 0.057 0.000 0.0012 -2.6996
1770200584.9178 0.059 0.000 0.0012 -2.6998
1770200584.9221 0.060 0.000 0.0023 -2.6998
1770200584.9277 0.061 0.000 0.0023 -2.6998
1770200584.9326 0.062 0.000 0.0012 -2.7000
1770200584.9370 0.064 0.000 0.0023 -2.7000
1770200584.9428 0.065 0.000 0.0023 -2.7001
1770200584.9473 0.066 0.000 0.0023 -2.7001
1770200584.9529 0.067 0.000 0.0012 -2.7002
1770200584.9575 0.069 0.000 0.0012 -2.7002
1770200584.9629 0.070 0.000 0.0023 -2.7003
1770200584.9675 0.071 0.000 0.0012 -2.7003
1770200584.9729 0.073 0.000 0.0012 -2.7003
1770200584.9774 0.074 0.000 0.0012 -2.7004
1770200584.9829 0.075 0.000 0.0012 -2.7004
1770200584.9873 0.076 0.000 0.0012 -2.7004
1770200584.9930 0.078 0.000 0.0012 -2.7004
1770200584.9974 0.079 0.000 0.0012 -2.7004
1770200585.0029 0.080 0.000 0.0012 -2.7003
1770200585.0074 0.082 0.000 0.0012 -2.7003
1770200585.0132 0.083 0.000 0.0012 -2.7003
1770200585.0175 0.084 0.000 0.0023 -2.7004
1770200585.0230 0.086 0.000 0.0012 -2.7004
1770200585.0286 0.087 0.000 0.0012 -2.7003
1770200585.0330 0.088 0.000 0.0012 -2.7003
1770200585.0387 0.089 0.000 0.0012 -2.7003
1770200585.0430 0.091 0.000 0.0012 -2.7002
1770200585.0487 0.092 0.000 0.0012 -2.7002
1770200585.0530 0.093 0.000 0.0012 -2.7001
1770200585.0586 0.094 0.000 0.0012 -2.7001
1770200585.0632 0.096 0.000 0.0012 -2.7001
1770200585.0686 0.097 0.000 0.0012 -2.7000
1770200585.0731 0.098 0.000 -0.0000 -2.7000
1770200585.0786 0.099 0.000 -0.0000 -2.7000
1770200585.0830 0.101 0.000 0.0012 -2.7000
1770200585.0887 0.102 0.000 0.0012 -2.7000
1770200585.0931 0.103 0.000 0.0012 -2.7000
1770200585.0987 0.104 0.000 -0.0000 -2.7000
1770200585.1030 0.106 0.000 0.0012 -2.7000
1770200585.1078 0.107 0.000 0.0012 -2.6999
1770200585.1134 0.108 0.000 -0.0000 -2.6999
1770200585.1180 0.109 0.000 -0.0000 -2.6999
1770200585.1237 0.111 0.000 0.0012 -2.6998
1770200585.1282 0.112 0.000 0.0012 -2.6998
1770200585.1329 0.113 0.000 -0.0000 -2.6998
1770200585.1384 0.114 0.000 -0.0000 -2.6997
1770200585.1429 0.116 0.000 0.0012 -2.6998
1770200585.1487 0.117 0.000 -0.0000 -2.6998
1770200585.1530 0.118 0.000 -0.0000 -2.6998
1770200585.1587 0.119 0.000 -0.0000 -2.6999
1770200585.1631 0.121 0.000 0.0012 -2.7000
1770200585.1687 0.122 0.000 0.0012 -2.7000
1770200585.1731 0.123 0.000 -0.0000 -2.6999
1770200585.1785 0.124 0.000 0.0012 -2.7000
1770200585.1831 0.126 0.000 -0.0000 -2.7001
1770200585.1886 0.127 0.000 -0.0000 -2.7001
1770200585.1931 0.128 0.000 -0.0000 -2.7003
1770200585.1986 0.129 0.000 0.0012 -2.7003
1770200585.2028 0.131 0.000 -0.0000 -2.7003
1770200585.2086 0.132 0.000 -0.0000 -2.7004
1770200585.2131 0.133 0.000 0.0012 -2.7004
1770200585.2186 0.134 0.000 0.0012 -2.7006
1770200585.2230 0.136 0.000 -0.0000 -2.7007
1770200585.2287 0.137 0.000 0.0012 -2.7007
1770200585.2330 0.138 0.000 0.0012 -2.7009
1770200585.2385 0.140 0.000 0.0012 -2.7010
1770200585.2430 0.141 0.000 0.0012 -2.7010
1770200585.2485 0.142 0.000 0.0012 -2.7012
1770200585.2530 0.144 0.000 0.0012 -2.7012
1770200585.2586 0.144 0.000 -0.0000 -2.7013
1770200585.2631 0.146 0.000 0.0012 -2.7015
1770200585.2678 0.147 0.000 0.0012 -2.7015
1770200585.2732 0.149 0.000 0.0012 -2.7017
1770200585.2778 0.149 0.000 0.0012 -2.7017
1770200585.2833 0.151 0.000 0.0012 -2.7018
1770200585.2879 0.152 0.000 0.0012 -2.7018
1770200585.2933 0.153 0.000 0.0012 -2.7018
1770200585.2988 0.154 0.000 0.0012 -2.7019
1770200585.3033 0.156 0.000 0.0012 -2.7019
1770200585.3088 0.157 0.000 0.0012 -2.7020
1770200585.3134 0.158 0.000 0.0012 -2.7020
1770200585.3188 0.159 0.000 0.0012 -2.7019
1770200585.3232 0.161 0.000 0.0012 -2.7018
1770200585.3288 0.162 0.000 0.0012 -2.7018
1770200585.3334 0.163 0.000 0.0012 -2.7017
1770200585.3380 0.165 0.000 0.0012 -2.7016
1770200585.3435 0.166 0.000 0.0023 -2.7015
1770200585.3481 0.167 0.000 0.0012 -2.7014
1770200585.3535 0.169 0.000 0.0012 -2.7013
1770200585.3580 0.170 0.000 0.0012 -2.7012
1770200585.3636 0.171 0.000 0.0012 -2.7011
1770200585.3680 0.172 0.000 0.0012 -2.7010
1770200585.3735 0.174 0.000 0.0012 -2.7010
1770200585.3780 0.174 0.000 0.0023 -2.7010
1770200585.3834 0.176 0.000 0.0012 -2.7009
1770200585.3881 0.177 0.000 0.0012 -2.7009
1770200585.3934 0.179 0.000 0.0012 -2.7007
1770200585.3980 0.179 0.000 0.0012 -2.7007
1770200585.4034 0.181 0.000 0.0012 -2.7005
1770200585.4080 0.182 0.000 0.0012 -2.7005
1770200585.4135 0.183 0.000 0.0012 -2.7004
1770200585.4179 0.184 0.000 0.0012 -2.7004
1770200585.4235 0.186 0.000 0.0012 -2.7003
1770200585.4279 0.187 0.000 0.0012 -2.7003
1770200585.4335 0.188 0.000 0.0012 -2.7001
1770200585.4379 0.190 0.000 0.0012 -2.7003
1770200585.4433 0.191 0.000 0.0023 -2.7002
1770200585.4479 0.192 0.000 0.0012 -2.7003
1770200585.4534 0.194 0.000 0.0012 -2.7003
1770200585.4579 0.195 0.000 0.0012 -2.7001
1770200585.4634 0.196 0.000 0.0012 -2.7000
1770200585.4680 0.197 0.000 0.0012 -2.6999
1770200585.4734 0.199 0.000 0.0012 -2.6999
1770200585.4789 0.200 0.000 0.0012 -2.6998
1770200585.4834 0.201 0.000 0.0012 -2.6997
1770200585.4879 0.202 0.000 0.0012 -2.6997
1770200585.4935 0.204 0.000 0.0012 -2.6997
1770200585.4989 0.205 0.000 -0.0000 -2.6996
1770200585.5032 0.206 0.000 0.0012 -2.6995
1770200585.5079 0.207 0.000 0.0012 -2.6995
1770200585.5133 0.209 0.000 -0.0000 -2.6994
1770200585.5180 0.209 0.000 0.0012 -2.6994
1770200585.5233 0.211 0.000 0.0012 -2.6992
1770200585.5281 0.212 0.000 0.0012 -2.6992
1770200585.5337 0.214 0.000 -0.0000 -2.6991
1770200585.5380 0.215 0.000 0.0012 -2.6990
1770200585.5439 0.216 0.000 0.0012 -2.6989
1770200585.5483 0.217 0.000 -0.0000 -2.6990
1770200585.5539 0.219 0.000 0.0012 -2.6989
1770200585.5584 0.220 0.000 0.0012 -2.6989
1770200585.5638 0.221 0.000 -0.0000 -2.6988
1770200585.5684 0.222 0.000 -0.0000 -2.6988
1770200585.5739 0.224 0.000 0.0012 -2.6988
1770200585.5784 0.225 0.000 0.0012 -2.6987
1770200585.5839 0.226 0.000 -0.0000 -2.6987
1770200585.5885 0.227 0.000 -0.0000 -2.6986
1770200585.5938 0.229 0.000 0.0012 -2.6985
1770200585.5982 0.230 0.000 -0.0000 -2.6985
1770200585.6037 0.231 0.000 -0.0000 -2.6984
1770200585.6083 0.232 0.000 -0.0000 -2.6984
1770200585.6139 0.234 0.000 -0.0012 -2.6984
1770200585.6183 0.235 0.000 -0.0000 -2.6983
1770200585.6237 0.236 0.000 -0.0000 -2.6983
1770200585.6283 0.237 0.000 -0.0000 -2.6983
1770200585.6337 0.239 0.000 -0.0000 -2.6982
1770200585.6383 0.240 0.000 -0.0000 -2.6982
1770200585.6437 0.241 0.000 -0.0000 -2.6981
1770200585.6483 0.243 0.000 -0.0012 -2.6980
1770200585.6538 0.244 0.000 -0.0000 -2.6980
1770200585.6583 0.245 0.000 -0.0000 -2.6980
1770200585.6638 0.246 0.000 -0.0012 -2.6980
1770200585.6683 0.248 0.000 -0.0000 -2.6980
1770200585.6738 0.249 0.000 -0.0000 -2.6979
1770200585.6783 0.250 0.000 -0.0000 -2.6979
1770200585.6837 0.251 0.000 -0.0012 -2.6978
1770200585.6883 0.253 0.000 -0.0000 -2.6978
1770200585.6937 0.254 0.000 -0.0000 -2.6977
1770200585.6993 0.255 0.000 -0.0012 -2.6977
1770200585.7047 0.256 0.000 -0.0012 -2.6976
1770200585.7093 0.258 0.000 -0.0000 -2.6975
1770200585.7137 0.259 0.000 -0.0000 -2.6975
1770200585.7192 0.260 0.000 -0.0012 -2.6973
1770200585.7237 0.261 0.000 -0.0012 -2.6973
1770200585.7292 0.263 0.000 -0.0012 -2.6973
1770200585.7339 0.264 0.000 -0.0012 -2.6972
1770200585.7394 0.265 0.000 -0.0012 -2.6971
1770200585.7440 0.266 0.000 -0.0000 -2.6971
1770200585.7495 0.268 0.000 -0.0012 -2.6970
1770200585.7538 0.269 0.000 -0.0012 -2.6970
1770200585.7595 0.270 0.000 -0.0012 -2.6970
1770200585.7639 0.271 0.000 -0.0012 -2.6969
1770200585.7696 0.273 0.000 -0.0012 -2.6969
1770200585.7740 0.274 0.000 -0.0012 -2.6969
1770200585.7794 0.275 0.000 -0.0000 -2.6969
1770200585.7840 0.276 0.000 -0.0012 -2.6969
1770200585.7895 0.278 0.000 -0.0012 -2.6968
1770200585.7940 0.279 0.000 -0.0000 -2.6968
1770200585.7995 0.280 0.000 -0.0012 -2.6967
1770200585.8040 0.281 0.000 -0.0012 -2.6967
1770200585.8095 0.283 0.000 -0.0000 -2.6966
1770200585.8139 0.284 0.000 -0.0000 -2.6966
1770200585.8195 0.285 0.000 -0.0012 -2.6965
1770200585.8239 0.286 0.000 -0.0012 -2.6964
1770200585.8295 0.288 0.000 -0.0000 -2.6964
1770200585.8338 0.289 0.000 -0.0012 -2.6963
1770200585.8394 0.290 0.000 -0.0012 -2.6963
1770200585.8439 0.291 0.000 -0.0000 -2.6962
1770200585.8494 0.293 0.000 -0.0000 -2.6962
1770200585.8539 0.294 0.000 -0.0012 -2.6961
1770200585.8594 0.295 0.000 -0.0012 -2.6960
1770200585.8639 0.296 0.000 -0.0000 -2.6960
1770200585.8694 0.298 0.000 -0.0012 -2.6959
1770200585.8738 0.299 0.000 -0.0012 -2.6959
1770200585.8794 0.300 0.000 -0.0000 -2.6958
1770200585.8838 0.301 0.000 -0.0000 -2.6958
1770200585.8894 0.303 0.000 -0.0012 -2.6957
1770200585.8939 0.304 0.000 -0.0012 -2.6957
1770200585.8993 0.305 0.000 -0.0012 -2.6956
1770200585.9039 0.306 0.000 -0.0012 -2.6955
1770200585.9095 0.308 0.000 -0.0012 -2.6954
1770200585.9141 0.309 0.000 -0.0000 -2.6954
1770200585.9195 0.310 0.000 -0.0012 -2.6952
1770200585.9240 0.311 0.000 -0.0012 -2.6951
1770200585.9295 0.313 0.000 -0.0000 -2.6948
1770200585.9340 0.314 0.000 -0.0012 -2.6945
1770200585.9398 0.315 0.000 -0.0012 -2.6939
1770200585.9442 0.316 0.000 -0.0012 -2.6938
1770200585.9489 0.318 0.000 -0.0000 -2.6936
1770200585.9543 0.319 0.000 -0.0012 -2.6935
1770200585.9589 0.320 0.000 -0.0012 -2.6934
1770200585.9647 0.321 0.000 -0.0000 -2.6934
1770200585.9691 0.323 0.000 -0.0012 -2.6935
1770200585.9748 0.324 0.000 -0.0012 -2.6936
1770200585.9791 0.325 0.000 -0.0000 -2.6936
1770200585.9848 0.326 0.000 -0.0000 -2.6936
1770200585.9892 0.328 0.000 -0.0012 -2.6936
1770200585.9946 0.329 0.000 -0.0012 -2.6935
1770200585.9992 0.330 0.000 -0.0000 -2.6934
1770200586.0047 0.331 0.000 -0.0012 -2.6933
1770200586.0093 0.333 0.000 -0.0012 -2.6932
1770200586.0148 0.334 0.000 -0.0000 -2.6932
1770200586.0192 0.335 0.000 -0.0012 -2.6932
1770200586.0247 0.336 0.000 -0.0012 -2.6931
1770200586.0292 0.338 0.000 -0.0012 -2.6932
1770200586.0347 0.339 0.000 -0.0012 -2.6932
1770200586.0392 0.340 0.000 -0.0012 -2.6930
1770200586.0448 0.341 0.000 -0.0012 -2.6929
1770200586.0492 0.343 0.000 -0.0012 -2.6927
1770200586.0546 0.344 0.000 -0.0012 -2.6926
1770200586.0592 0.345 0.000 -0.0012 -2.6924
1770200586.0647 0.346 0.000 -0.0012 -2.6923
1770200586.0693 0.348 0.000 -0.0012 -2.6920
1770200586.0747 0.349 0.000 -0.0012 -2.6919
1770200586.0792 0.350 0.000 -0.0012 -2.6917
1770200586.0848 0.351 0.000 -0.0000 -2.6916
1770200586.0892 0.353 0.000 -0.0012 -2.6913
1770200586.0948 0.354 0.000 -0.0012 -2.6912
1770200586.0991 0.355 0.000 -0.0000 -2.6909
1770200586.1047 0.356 0.000 -0.0012 -2.6908
1770200586.1092 0.358 0.000 -0.0012 -2.6905
1770200586.1147 0.359 0.000 -0.0012 -2.6902
1770200586.1193 0.360 0.000 -0.0012 -2.6899
1770200586.1247 0.361 0.000 -0.0012 -2.6897
1770200586.1293 0.363 0.000 -0.0012 -2.6894
1770200586.1349 0.364 0.000 -0.0012 -2.6892
1770200586.1394 0.365 0.000 -0.0012 -2.6889
1770200586.1442 0.366 0.000 -0.0012 -2.6888
1770200586.1499 0.368 0.000 -0.0000 -2.6885
1770200586.1544 0.369 0.000 -0.0012 -2.6883
1770200586.1591 0.370 0.000 -0.0012 -2.6881
1770200586.1648 0.371 0.000 -0.0000 -2.6878
1770200586.1696 0.373 0.000 -0.0012 -2.6875
1770200586.1740 0.374 0.000 -0.0012 -2.6873
1770200586.1799 0.375 0.000 -0.0000 -2.6870
1770200586.1844 0.376 0.000 -0.0012 -2.6868
1770200586.1890 0.378 0.000 -0.0012 -2.6866
1770200586.1943 0.379 0.000 -0.0012 -2.6865
1770200586.1999 0.380 0.000 -0.0012 -2.6863
1770200586.2044 0.381 0.000 -0.0012 -2.6862
1770200586.2099 0.383 0.000 -0.0012 -2.6860
1770200586.2146 0.384 0.000 -0.0012 -2.6858
1770200586.2200 0.385 0.000 -0.0012 -2.6856
1770200586.2245 0.386 0.000 -0.0012 -2.6854
1770200586.2300 0.388 0.000 -0.0012 -2.6852
1770200586.2344 0.389 0.000 -0.0023 -2.6851
1770200586.2390 0.390 0.000 -0.0012 -2.6849
1770200586.2445 0.392 0.000 -0.0012 -2.6848
1770200586.2501 0.393 0.000 -0.0012 -2.6847
1770200586.2544 0.394 0.000 -0.0012 -2.6846
1770200586.2599 0.395 0.000 -0.0012 -2.6844
1770200586.2645 0.397 0.000 -0.0023 -2.6842
1770200586.2701 0.398 0.000 -0.0012 -2.6841
1770200586.2745 0.399 0.000 -0.0012 -2.6839
1770200586.2801 0.400 0.000 -0.0012 -2.6838
1770200586.2847 0.402 0.000 -0.0012 -2.6836
1770200586.2901 0.403 0.000 -0.0012 -2.6834
1770200586.2945 0.404 0.000 -0.0012 -2.6831
1770200586.3001 0.405 0.000 -0.0023 -2.6830
1770200586.3045 0.407 0.000 -0.0012 -2.6829
1770200586.3091 0.408 0.000 -0.0012 -2.6828
1770200586.3145 0.409 0.000 -0.0012 -2.6827
1770200586.3200 0.410 0.000 -0.0012 -2.6825
1770200586.3246 0.412 0.000 -0.0012 -2.6823
1770200586.3300 0.413 0.000 -0.0012 -2.6821
1770200586.3347 0.414 0.000 -0.0023 -2.6819
1770200586.3392 0.415 0.000 -0.0012 -2.6819
1770200586.3449 0.417 0.000 -0.0012 -2.6818
1770200586.3494 0.418 0.000 -0.0012 -2.6818
1770200586.3547 0.419 0.000 -0.0012 -2.6819
1770200586.3594 0.420 0.000 -0.0012 -2.6819
1770200586.3649 0.422 0.000 -0.0023 -2.6820
1770200586.3695 0.423 0.000 -0.0023 -2.6820
1770200586.3749 0.424 0.000 -0.0012 -2.6820
1770200586.3804 0.425 0.000 -0.0012 -2.6820
1770200586.3850 0.427 0.000 -0.0023 -2.6821
1770200586.3905 0.428 0.000 -0.0012 -2.6821
1770200586.3949 0.429 0.000 -0.0012 -2.6821
1770200586.4005 0.430 0.000 -0.0023 -2.6823
1770200586.4051 0.432 0.000 -0.0012 -2.6823
1770200586.4106 0.433 0.000 -0.0012 -2.6823
1770200586.4150 0.434 0.000 -0.0023 -2.6822
1770200586.4206 0.435 0.000 -0.0012 -2.6822
1770200586.4250 0.437 0.000 -0.0012 -2.6823
1770200586.4297 0.438 0.000 -0.0012 -2.6824
1770200586.4352 0.439 0.000 -0.0023 -2.6825
1770200586.4407 0.440 0.000 -0.0012 -2.6826
1770200586.4453 0.442 0.000 -0.0012 -2.6827
1770200586.4497 0.443 0.000 -0.0023 -2.6828
1770200586.4554 0.444 0.000 -0.0012 -2.6830
1770200586.4598 0.445 0.000 -0.0012 -2.6831
1770200586.4655 0.447 0.000 -0.0023 -2.6832
1770200586.4699 0.448 0.000 -0.0023 -2.6833
1770200586.4754 0.449 0.000 -0.0012 -2.6834
1770200586.4800 0.450 0.000 -0.0023 -2.6835
1770200586.4855 0.452 0.000 -0.0023 -2.6837
1770200586.4901 0.453 0.000 -0.0012 -2.6837
1770200586.4956 0.454 0.000 -0.0023 -2.6838
1770200586.5000 0.455 0.000 -0.0023 -2.6839
1770200586.5057 0.457 0.000 -0.0023 -2.6840
1770200586.5102 0.458 0.000 -0.0012 -2.6840
1770200586.5148 0.459 0.000 -0.0023 -2.6841
1770200586.5204 0.460 -0.000 -0.0023 -2.6842
1770200586.5249 0.462 -0.000 -0.0012 -2.6843
1770200586.5305 0.463 -0.000 -0.0023 -2.6844
1770200586.5350 0.464 -0.000 -0.0023 -2.6844
1770200586.5407 0.465 -0.000 -0.0012 -2.6845
1770200586.5455 0.467 -0.000 -0.0012 -2.6846
1770200586.5502 0.468 -0.000 -0.0023 -2.6847
1770200586.5557 0.469 -0.000 -0.0023 -2.6848
1770200586.5601 0.470 -0.000 -0.0012 -2.6849
1770200586.5647 0.472 -0.000 -0.0023 -2.6851
1770200586.5702 0.473 -0.000 -0.0023 -2.6853
1770200586.5748 0.474 -0.000 -0.0012 -2.6854
1770200586.5803 0.475 -0.000 -0.0012 -2.6856
1770200586.5848 0.477 -0.000 -0.0023 -2.6857
1770200586.5903 0.478 -0.000 -0.0023 -2.6858
1770200586.5956 0.479 -0.000 -0.0023 -2.6859
1770200586.6002 0.480 -0.000 -0.0023 -2.6860
1770200586.6058 0.482 -0.000 -0.0023 -2.6861
1770200586.6106 0.483 -0.000 -0.0023 -2.6862
1770200586.6152 0.484 -0.000 -0.0023 -2.6863
1770200586.6206 0.485 -0.000 -0.0023 -2.6864
1770200586.6253 0.487 -0.000 -0.0012 -2.6865
1770200586.6300 0.488 -0.000 -0.0023 -2.6866
1770200586.6355 0.489 -0.000 -0.0023 -2.6867
1770200586.6400 0.490 -0.000 -0.0012 -2.6868
1770200586.6456 0.492 -0.000 -0.0012 -2.6870
1770200586.6500 0.493 -0.000 -0.0012 -2.6870
1770200586.6555 0.494 -0.000 -0.0012 -2.6871
1770200586.6600 0.495 -0.000 -0.0012 -2.6872
1770200586.6655 0.497 -0.000 -0.0023 -2.6873
1770200586.6701 0.498 -0.000 -0.0023 -2.6874
1770200586.6755 0.499 -0.000 -0.0012 -2.6875
1770200586.6800 0.500 -0.000 -0.0012 -2.6876
1770200586.6856 0.502 -0.000 -0.0023 -2.6878
1770200586.6899 0.503 -0.000 -0.0012 -2.6880
1770200586.6955 0.504 -0.000 -0.0012 -2.6881
1770200586.6999 0.505 -0.000 -0.0023 -2.6882
1770200586.7056 0.507 -0.000 -0.0012 -2.6882
1770200586.7100 0.508 -0.000 -0.0012 -2.6882
1770200586.7154 0.509 -0.000 -0.0023 -2.6882
1770200586.7200 0.510 -0.000 -0.0012 -2.6884
1770200586.7258 0.512 -0.000 -0.0012 -2.6888
1770200586.7308 0.513 -0.000 -0.0023 -2.6888
1770200586.7353 0.514 -0.000 -0.0012 -2.6887
1770200586.7407 0.515 -0.000 -0.0012 -2.6888
1770200586.7449 0.517 -0.000 -0.0023 -2.6890
1770200586.7502 0.518 -0.000 -0.0012 -2.6891
1770200586.7555 0.519 -0.000 -0.0012 -2.6892
1770200586.7603 0.520 -0.000 -0.0000 -2.6893
1770200586.7650 0.521 -0.000 0.0023 -2.6893
1770200586.7707 0.521 -0.000 0.0046 -2.6895
1770200586.7756 0.522 -0.000 0.0058 -2.6895
1770200586.7804 0.523 -0.000 0.0058 -2.6893
1770200586.7854 0.524 -0.000 0.0081 -2.6898
1770200586.7902 0.524 -0.000 0.0093 -2.6899
1770200586.7950 0.525 -0.000 0.0104 -2.6904
1770200586.8008 0.526 -0.000 0.0116 -2.6901
1770200586.8058 0.526 -0.000 0.0127 -2.6901
1770200586.8104 0.527 -0.000 0.0150 -2.6902
1770200586.8153 0.527 -0.000 0.0162 -2.6901
1770200586.8199 0.528 -0.000 0.0185 -2.6902
1770200586.8259 0.529 -0.000 0.0197 -2.6902
1770200586.8299 0.529 -0.000 0.0208 -2.6903
1770200586.8356 0.530 0.000 0.0243 -2.6904
1770200586.8405 0.530 0.000 0.0254 -2.6903
1770200586.8452 0.531 0.000 0.0278 -2.6904
1770200586.8499 0.532 0.000 0.0289 -2.6904
1770200586.8558 0.532 0.000 0.0324 -2.6904
1770200586.8603 0.533 0.000 0.0347 -2.6905
1770200586.8652 0.533 0.000 0.0370 -2.6905
1770200586.8708 0.534 0.000 0.0382 -2.6906
1770200586.8756 0.535 0.000 0.0405 -2.6906
1770200586.8803 0.535 0.000 0.0416 -2.6906
1770200586.8851 0.535 0.000 0.0439 -2.6908
1770200586.8908 0.536 0.000 0.0463 -2.6907
1770200586.8955 0.537 0.000 0.0474 -2.6910
1770200586.9002 0.537 0.000 0.0497 -2.6909
1770200586.9050 0.538 0.000 0.0520 -2.6909
1770200586.9108 0.538 0.000 0.0544 -2.6909
1770200586.9155 0.539 0.000 0.0590 -2.6910
1770200586.9199 0.539 0.000 0.0613 -2.6910
1770200586.9255 0.539 0.000 0.0648 -2.6910
1770200586.9300 0.540 0.000 0.0682 -2.6910
1770200586.9356 0.540 0.000 0.0717 -2.6911
1770200586.9401 0.540 0.000 0.0740 -2.6912
1770200586.9457 0.541 0.001 0.0786 -2.6913
1770200586.9501 0.541 0.001 0.0810 -2.6913
1770200586.9556 0.542 0.001 0.0856 -2.6914
1770200586.9602 0.542 0.001 0.0879 -2.6915
1770200586.9657 0.543 0.001 0.0925 -2.6915
1770200586.9703 0.543 0.001 0.0948 -2.6915
1770200586.9757 0.543 0.001 0.0995 -2.6917
1770200586.9801 0.544 0.001 0.1018 -2.6918
1770200586.9857 0.544 0.001 0.1052 -2.6918
1770200586.9901 0.545 0.001 0.1076 -2.6918
1770200586.9957 0.545 0.001 0.1110 -2.6918
1770200587.0001 0.545 0.001 0.1122 -2.6920
1770200587.0058 0.546 0.001 0.1156 -2.6920
1770200587.0101 0.546 0.001 0.1168 -2.6920
1770200587.0156 0.547 0.001 0.1203 -2.6921
1770200587.0201 0.547 0.001 0.1214 -2.6921
1770200587.0256 0.548 0.001 0.1249 -2.6922
1770200587.0302 0.549 0.001 0.1261 -2.6921
1770200587.0356 0.549 0.001 0.1295 -2.6921
1770200587.0411 0.550 0.001 0.1318 -2.6923
1770200587.0456 0.550 0.002 0.1342 -2.6923
1770200587.0511 0.551 0.002 0.1353 -2.6923
1770200587.0556 0.551 0.002 0.1376 -2.6923
1770200587.0611 0.552 0.002 0.1411 -2.6924
1770200587.0656 0.552 0.002 0.1422 -2.6927
1770200587.0712 0.553 0.002 0.1469 -2.6928
1770200587.0766 0.553 0.002 0.1480 -2.6926
1770200587.0812 0.554 0.002 0.1492 -2.6927
1770200587.0866 0.554 0.002 0.1515 -2.6928
1770200587.0911 0.555 0.002 0.1538 -2.6928
1770200587.0966 0.555 0.002 0.1561 -2.6927
1770200587.1012 0.556 0.002 0.1573 -2.6930
1770200587.1056 0.556 0.002 0.1584 -2.6930
1770200587.1111 0.557 0.003 0.1619 -2.6931
1770200587.1167 0.558 0.003 0.1619 -2.6930
1770200587.1211 0.558 0.003 0.1654 -2.6931
1770200587.1257 0.559 0.003 0.1665 -2.6931
1770200587.1328 0.559 0.003 0.1688 -2.6931
1770200587.1362 0.560 0.003 0.1700 -2.6932
1770200587.1410 0.561 0.003 0.1735 -2.6933
1770200587.1464 0.561 0.003 0.1746 -2.6933
1770200587.1511 0.561 0.003 0.1769 -2.6933
1770200587.1565 0.562 0.003 0.1793 -2.6934
1770200587.1611 0.562 0.003 0.1816 -2.6935
1770200587.1666 0.563 0.004 0.1827 -2.6935
1770200587.1710 0.564 0.004 0.1862 -2.6935
1770200587.1765 0.564 0.004 0.1874 -2.6936
1770200587.1810 0.565 0.004 0.1908 -2.6936
1770200587.1865 0.565 0.004 0.1931 -2.6935
1770200587.1910 0.565 0.004 0.1978 -2.6935
1770200587.1964 0.566 0.004 0.2001 -2.6936
1770200587.2010 0.566 0.004 0.2024 -2.6937
1770200587.2065 0.567 0.004 0.2059 -2.6938
1770200587.2110 0.567 0.004 0.2082 -2.6938
1770200587.2165 0.568 0.005 0.2105 -2.6938
1770200587.2211 0.568 0.005 0.2116 -2.6938
1770200587.2265 0.569 0.005 0.2128 -2.6938
1770200587.2310 0.569 0.005 0.2163 -2.6940
1770200587.2365 0.570 0.005 0.2186 -2.6940
1770200587.2410 0.570 0.005 0.2220 -2.6940
1770200587.2465 0.570 0.005 0.2244 -2.6940
1770200587.2509 0.571 0.005 0.2267 -2.6941
1770200587.2564 0.571 0.005 0.2290 -2.6941
1770200587.2610 0.572 0.006 0.2313 -2.6944
1770200587.2665 0.572 0.006 0.2336 -2.6943
1770200587.2711 0.573 0.006 0.2359 -2.6944
1770200587.2765 0.573 0.006 0.2394 -2.6943
1770200587.2811 0.574 0.006 0.2429 -2.6944
1770200587.2865 0.574 0.006 0.2452 -2.6944
1770200587.2909 0.575 0.006 0.2498 -2.6945
1770200587.2965 0.575 0.006 0.2521 -2.6945
1770200587.3011 0.575 0.006 0.2567 -2.6946
1770200587.3067 0.576 0.006 0.2591 -2.6947
1770200587.3111 0.576 0.007 0.2637 -2.6947
1770200587.3165 0.576 0.007 0.2660 -2.6947
1770200587.3211 0.577 0.007 0.2706 -2.6948
1770200587.3265 0.577 0.007 0.2729 -2.6948
1770200587.3313 0.578 0.007 0.2764 -2.6948
1770200587.3358 0.578 0.007 0.2787 -2.6949
1770200587.3418 0.578 0.007 0.2833 -2.6949
1770200587.3461 0.579 0.007 0.2857 -2.6949
1770200587.3516 0.579 0.007 0.2903 -2.6949
1770200587.3563 0.579 0.007 0.2926 -2.6950
1770200587.3617 0.580 0.008 0.2961 -2.6951
1770200587.3664 0.580 0.008 0.2995 -2.6951
1770200587.3707 0.581 0.008 0.3018 -2.6951
1770200587.3762 0.581 0.008 0.3042 -2.6952
1770200587.3808 0.582 0.008 0.3065 -2.6952
1770200587.3862 0.582 0.008 0.3088 -2.6952
1770200587.3908 0.583 0.009 0.3099 -2.6953
1770200587.3962 0.583 0.009 0.3111 -2.6953
1770200587.4008 0.584 0.009 0.3134 -2.6954
1770200587.4063 0.584 0.009 0.3146 -2.6954
1770200587.4117 0.585 0.009 0.3169 -2.6954
1770200587.4163 0.585 0.009 0.3180 -2.6955
1770200587.4218 0.586 0.010 0.3203 -2.6955
1770200587.4263 0.586 0.010 0.3227 -2.6955
1770200587.4318 0.587 0.010 0.3250 -2.6956
1770200587.4361 0.587 0.010 0.3273 -2.6957
1770200587.4418 0.588 0.010 0.3284 -2.6957
1770200587.4461 0.589 0.010 0.3308 -2.6957
1770200587.4517 0.589 0.011 0.3331 -2.6957
1770200587.4562 0.589 0.011 0.3342 -2.6957
1770200587.4608 0.590 0.011 0.3377 -2.6959
1770200587.4663 0.590 0.011 0.3389 -2.6959
1770200587.4718 0.591 0.011 0.3423 -2.6960
1770200587.4762 0.591 0.011 0.3435 -2.6960
1770200587.4818 0.592 0.012 0.3469 -2.6961
1770200587.4863 0.592 0.012 0.3481 -2.6961
1770200587.4917 0.593 0.012 0.3516 -2.6961
1770200587.4961 0.593 0.012 0.3539 -2.6961
1770200587.5018 0.594 0.012 0.3562 -2.6961
1770200587.5061 0.594 0.012 0.3585 -2.6962
1770200587.5118 0.595 0.013 0.3597 -2.6962
1770200587.5161 0.595 0.013 0.3608 -2.6963
1770200587.5218 0.596 0.013 0.3643 -2.6964
1770200587.5262 0.596 0.013 0.3666 -2.6962
1770200587.5318 0.597 0.013 0.3701 -2.6962
1770200587.5363 0.597 0.014 0.3712 -2.6963
1770200587.5411 0.598 0.014 0.3735 -2.6964
1770200587.5466 0.598 0.014 0.3747 -2.6964
1770200587.5512 0.599 0.014 0.3770 -2.6965
1770200587.5567 0.599 0.014 0.3793 -2.6965
1770200587.5612 0.600 0.015 0.3816 -2.6964
1770200587.5659 0.600 0.015 0.3840 -2.6964
1770200587.5715 0.601 0.015 0.3851 -2.6966
1770200587.5760 0.601 0.015 0.3863 -2.6967
1770200587.5817 0.602 0.015 0.3897 -2.6967
1770200587.5860 0.602 0.016 0.3909 -2.6967
1770200587.5915 0.603 0.016 0.3944 -2.6968
1770200587.5960 0.603 0.016 0.3967 -2.6968
1770200587.6015 0.604 0.016 0.3990 -2.6968
1770200587.6061 0.604 0.016 0.4001 -2.6968
1770200587.6115 0.605 0.017 0.4048 -2.6969
1770200587.6160 0.605 0.017 0.4059 -2.6969
1770200587.6217 0.605 0.017 0.4094 -2.6969
1770200587.6259 0.606 0.017 0.4129 -2.6969
1770200587.6317 0.606 0.017 0.4163 -2.6970
1770200587.6360 0.606 0.017 0.4187 -2.6970
1770200587.6416 0.607 0.018 0.4233 -2.6970
1770200587.6460 0.607 0.018 0.4256 -2.6970
1770200587.6514 0.608 0.018 0.4302 -2.6971
1770200587.6561 0.608 0.018 0.4325 -2.6971
1770200587.6615 0.608 0.018 0.4372 -2.6972
1770200587.6661 0.609 0.018 0.4395 -2.6971
1770200587.6716 0.609 0.019 0.4441 -2.6972
1770200587.6769 0.609 0.019 0.4476 -2.6972
1770200587.6815 0.610 0.019 0.4499 -2.6973
1770200587.6870 0.610 0.019 0.4545 -2.6972
1770200587.6915 0.610 0.019 0.4568 -2.6973
1770200587.6970 0.611 0.019 0.4603 -2.6973
1770200587.7016 0.611 0.020 0.4638 -2.6973
1770200587.7070 0.612 0.020 0.4661 -2.6974
1770200587.7114 0.612 0.020 0.4695 -2.6974
1770200587.7170 0.612 0.020 0.4718 -2.6975
1770200587.7225 0.613 0.020 0.4730 -2.6975
1770200587.7271 0.613 0.021 0.4753 -2.6975
1770200587.7317 0.614 0.021 0.4765 -2.6976
1770200587.7376 0.614 0.021 0.4799 -2.6977
1770200587.7422 0.615 0.021 0.4811 -2.6977
1770200587.7475 0.615 0.022 0.4834 -2.6975
1770200587.7522 0.616 0.022 0.4857 -2.6975
1770200587.7576 0.616 0.022 0.4869 -2.6977
1770200587.7623 0.617 0.023 0.4892 -2.6976
1770200587.7668 0.617 0.023 0.4915 -2.6974
1770200587.7722 0.618 0.023 0.4927 -2.6973
1770200587.7767 0.618 0.023 0.4961 -2.6972
1770200587.7823 0.618 0.023 0.4973 -2.6972
1770200587.7868 0.619 0.024 0.4996 -2.6974
1770200587.7922 0.620 0.024 0.5008 -2.6976
1770200587.7968 0.620 0.024 0.5031 -2.6977
1770200587.8023 0.621 0.025 0.5042 -2.6979
1770200587.8067 0.621 0.025 0.5054 -2.6982
1770200587.8123 0.622 0.025 0.5077 -2.6981
1770200587.8167 0.622 0.025 0.5100 -2.6979
1770200587.8224 0.623 0.026 0.5123 -2.6979
1770200587.8267 0.623 0.026 0.5158 -2.6981
1770200587.8323 0.623 0.026 0.5170 -2.6981
1770200587.8368 0.624 0.026 0.5216 -2.6979
1770200587.8422 0.624 0.027 0.5239 -2.6978
1770200587.8468 0.625 0.027 0.5274 -2.6979
1770200587.8522 0.625 0.027 0.5285 -2.6979
1770200587.8568 0.626 0.027 0.5308 -2.6979
1770200587.8624 0.626 0.028 0.5331 -2.6978
1770200587.8667 0.626 0.028 0.5355 -2.6980
1770200587.8723 0.627 0.028 0.5378 -2.6980
1770200587.8777 0.627 0.028 0.5401 -2.6981
1770200587.8823 0.628 0.029 0.5436 -2.6981
1770200587.8867 0.628 0.029 0.5447 -2.6982
1770200587.8922 0.629 0.029 0.5470 -2.6982
1770200587.8967 0.629 0.030 0.5493 -2.6982
1770200587.9022 0.629 0.030 0.5505 -2.6982
1770200587.9067 0.630 0.030 0.5540 -2.6983
1770200587.9122 0.630 0.030 0.5563 -2.6983
1770200587.9178 0.631 0.031 0.5597 -2.6983
1770200587.9223 0.631 0.031 0.5621 -2.6983
1770200587.9278 0.631 0.031 0.5632 -2.6984
1770200587.9320 0.632 0.031 0.5655 -2.6984
1770200587.9375 0.632 0.032 0.5678 -2.6984
1770200587.9427 0.633 0.032 0.5701 -2.6984
1770200587.9472 0.633 0.032 0.5725 -2.6983
1770200587.9528 0.634 0.032 0.5759 -2.6984
1770200587.9575 0.634 0.033 0.5771 -2.6984
1770200587.9622 0.635 0.033 0.5794 -2.6985
1770200587.9671 0.635 0.033 0.5817 -2.6985
1770200587.9726 0.635 0.034 0.5829 -2.6985
1770200587.9772 0.636 0.034 0.5863 -2.6985
1770200587.9820 0.636 0.034 0.5875 -2.6985
1770200587.9874 0.637 0.034 0.5898 -2.6985
1770200587.9923 0.637 0.035 0.5921 -2.6986
1770200587.9977 0.638 0.035 0.5933 -2.6986
1770200588.0024 0.638 0.035 0.5956 -2.6986
1770200588.0069 0.638 0.036 0.5991 -2.6986
1770200588.0126 0.639 0.036 0.6002 -2.6986
1770200588.0174 0.639 0.036 0.6037 -2.6987
1770200588.0220 0.640 0.036 0.6060 -2.6987
1770200588.0276 0.640 0.037 0.6095 -2.6988
1770200588.0325 0.640 0.037 0.6118 -2.6989
1770200588.0369 0.641 0.037 0.6153 -2.6990
1770200588.0424 0.641 0.038 0.6164 -2.6991
1770200588.0468 0.642 0.038 0.6187 -2.6992
1770200588.0524 0.642 0.038 0.6210 -2.6993
1770200588.0569 0.642 0.038 0.6245 -2.6996
1770200588.0627 0.643 0.039 0.6280 -2.6997
1770200588.0670 0.643 0.039 0.6314 -2.6999
1770200588.0725 0.643 0.039 0.6349 -2.6999
1770200588.0770 0.644 0.039 0.6384 -2.7000
1770200588.0826 0.644 0.040 0.6419 -2.6999
1770200588.0872 0.644 0.040 0.6453 -2.6998
1770200588.0927 0.645 0.040 0.6476 -2.6998
1770200588.0972 0.645 0.040 0.6511 -2.6999
1770200588.1026 0.645 0.040 0.6546 -2.6999
1770200588.1070 0.645 0.041 0.6580 -2.6997
1770200588.1126 0.646 0.041 0.6615 -2.6996
1770200588.1170 0.646 0.041 0.6650 -2.6994
1770200588.1226 0.646 0.041 0.6673 -2.6993
1770200588.1270 0.647 0.042 0.6719 -2.6991
1770200588.1326 0.647 0.042 0.6742 -2.6990
1770200588.1372 0.647 0.042 0.6789 -2.6987
1770200588.1421 0.648 0.042 0.6812 -2.6986
1770200588.1476 0.648 0.043 0.6846 -2.6984
1770200588.1521 0.648 0.043 0.6870 -2.6983
1770200588.1577 0.649 0.043 0.6893 -2.6981
1770200588.1622 0.649 0.044 0.6916 -2.6979
1770200588.1677 0.650 0.044 0.6927 -2.6978
1770200588.1722 0.650 0.044 0.6950 -2.6977
1770200588.1776 0.650 0.045 0.6974 -2.6974
1770200588.1823 0.651 0.045 0.6997 -2.6969
1770200588.1876 0.651 0.045 0.7020 -2.6959
1770200588.1921 0.652 0.046 0.7031 -2.6950
1770200588.1976 0.652 0.046 0.7055 -2.6937
1770200588.2020 0.652 0.046 0.7066 -2.6928
1770200588.2077 0.653 0.047 0.7089 -2.6918
1770200588.2120 0.653 0.047 0.7112 -2.6913
1770200588.2177 0.654 0.048 0.7124 -2.6906
1770200588.2221 0.654 0.048 0.7147 -2.6900
1770200588.2275 0.655 0.048 0.7159 -2.6887
1770200588.2321 0.655 0.049 0.7170 -2.6877
1770200588.2375 0.656 0.049 0.7193 -2.6859
1770200588.2420 0.656 0.049 0.7205 -2.6848
1770200588.2475 0.656 0.050 0.7228 -2.6830
1770200588.2529 0.657 0.050 0.7240 -2.6817
1770200588.2575 0.657 0.051 0.7274 -2.6797
1770200588.2619 0.657 0.051 0.7297 -2.6785
1770200588.2676 0.658 0.051 0.7332 -2.6766
1770200588.2720 0.658 0.051 0.7355 -2.6755
1770200588.2775 0.658 0.052 0.7390 -2.6741
1770200588.2821 0.659 0.052 0.7413 -2.6732
1770200588.2875 0.659 0.052 0.7436 -2.6724
1770200588.2921 0.660 0.053 0.7459 -2.6719
1770200588.2975 0.660 0.053 0.7482 -2.6716
1770200588.3021 0.661 0.054 0.7517 -2.6713
1770200588.3075 0.661 0.054 0.7529 -2.6712
1770200588.3130 0.661 0.054 0.7563 -2.6711
1770200588.3176 0.661 0.055 0.7587 -2.6710
1770200588.3230 0.662 0.055 0.7610 -2.6710
1770200588.3276 0.662 0.055 0.7633 -2.6710
1770200588.3331 0.663 0.056 0.7644 -2.6709
1770200588.3380 0.663 0.056 0.7656 -2.6708
1770200588.3424 0.663 0.056 0.7702 -2.6706
1770200588.3479 0.664 0.057 0.7714 -2.6705
1770200588.3524 0.664 0.057 0.7748 -2.6702
1770200588.3580 0.664 0.057 0.7772 -2.6701
1770200588.3625 0.665 0.058 0.7806 -2.6701
1770200588.3680 0.665 0.058 0.7818 -2.6703
1770200588.3723 0.666 0.059 0.7841 -2.6710
1770200588.3779 0.666 0.059 0.7864 -2.6716
1770200588.3824 0.666 0.059 0.7887 -2.6729
1770200588.3880 0.667 0.060 0.7910 -2.6739
1770200588.3924 0.667 0.060 0.7933 -2.6757
1770200588.3980 0.667 0.060 0.7957 -2.6771
1770200588.4034 0.668 0.061 0.7968 -2.6792
1770200588.4078 0.668 0.061 0.7991 -2.6807
1770200588.4135 0.669 0.062 0.8014 -2.6828
1770200588.4179 0.669 0.062 0.8038 -2.6841
1770200588.4235 0.669 0.062 0.8061 -2.6861
1770200588.4279 0.670 0.063 0.8095 -2.6874
1770200588.4334 0.670 0.063 0.8107 -2.6892
1770200588.4379 0.670 0.063 0.8119 -2.6904
1770200588.4433 0.671 0.064 0.8153 -2.6922
1770200588.4479 0.671 0.064 0.8165 -2.6934
1770200588.4533 0.671 0.065 0.8188 -2.6953
1770200588.4580 0.672 0.065 0.8223 -2.6966
1770200588.4635 0.672 0.065 0.8246 -2.6986
1770200588.4678 0.672 0.066 0.8269 -2.6999
1770200588.4734 0.673 0.066 0.8292 -2.7010
1770200588.4778 0.673 0.066 0.8304 -2.7008
1770200588.4834 0.673 0.067 0.8350 -2.6991
1770200588.4879 0.674 0.067 0.8361 -2.6974
1770200588.4932 0.674 0.067 0.8408 -2.6978
1770200588.4978 0.674 0.068 0.8431 -2.6981
1770200588.5032 0.674 0.068 0.8465 -2.6982
1770200588.5078 0.675 0.068 0.8500 -2.6980
1770200588.5133 0.675 0.068 0.8535 -2.6981
1770200588.5179 0.675 0.069 0.8558 -2.6984
1770200588.5233 0.676 0.069 0.8604 -2.6987
1770200588.5277 0.676 0.069 0.8627 -2.6987
1770200588.5334 0.676 0.070 0.8674 -2.6988
1770200588.5381 0.676 0.070 0.8697 -2.6989
1770200588.5428 0.677 0.070 0.8743 -2.6991
1770200588.5482 0.677 0.070 0.8766 -2.6991
1770200588.5537 0.677 0.071 0.8812 -2.6990
1770200588.5583 0.677 0.071 0.8836 -2.6990
1770200588.5627 0.677 0.071 0.8870 -2.6992
1770200588.5684 0.678 0.072 0.8905 -2.6993
1770200588.5727 0.678 0.072 0.8940 -2.6994
1770200588.5783 0.678 0.072 0.8963 -2.6994
1770200588.5828 0.678 0.073 0.9009 -2.6995
1770200588.5883 0.679 0.073 0.9032 -2.6997
1770200588.5928 0.679 0.073 0.9078 -2.6998
1770200588.5983 0.679 0.074 0.9090 -2.7000
1770200588.6027 0.680 0.074 0.9136 -2.7001
1770200588.6083 0.680 0.074 0.9148 -2.7002
1770200588.6128 0.680 0.075 0.9182 -2.7003
1770200588.6183 0.680 0.075 0.9194 -2.7004
1770200588.6227 0.681 0.076 0.9206 -2.7006
1770200588.6283 0.681 0.076 0.9229 -2.7008
1770200588.6327 0.681 0.077 0.9252 -2.7009
1770200588.6384 0.682 0.077 0.9263 -2.7008
1770200588.6437 0.682 0.078 0.9287 -2.7009
1770200588.6482 0.682 0.078 0.9298 -2.7010
1770200588.6527 0.683 0.078 0.9321 -2.7010
1770200588.6583 0.683 0.079 0.9333 -2.7010
1770200588.6628 0.684 0.079 0.9367 -2.7010
1770200588.6683 0.684 0.080 0.9379 -2.7011
1770200588.6738 0.684 0.080 0.9402 -2.7012
1770200588.6783 0.684 0.081 0.9414 -2.7013
1770200588.6837 0.685 0.081 0.9425 -2.7013
1770200588.6884 0.685 0.082 0.9448 -2.7014
1770200588.6937 0.686 0.082 0.9460 -2.7015
1770200588.6983 0.686 0.082 0.9472 -2.7015
1770200588.7037 0.686 0.083 0.9506 -2.7015
1770200588.7082 0.686 0.083 0.9518 -2.7016
1770200588.7138 0.687 0.084 0.9553 -2.7017
1770200588.7182 0.687 0.084 0.9576 -2.7017
1770200588.7238 0.687 0.085 0.9610 -2.7019
1770200588.7283 0.688 0.085 0.9622 -2.7019
1770200588.7330 0.688 0.086 0.9645 -2.7020
1770200588.7383 0.688 0.086 0.9668 -2.7020
1770200588.7430 0.689 0.086 0.9680 -2.7021
1770200588.7486 0.689 0.087 0.9714 -2.7022
1770200588.7532 0.689 0.087 0.9738 -2.7023
1770200588.7579 0.689 0.087 0.9749 -2.7023
1770200588.7633 0.690 0.088 0.9784 -2.7023
1770200588.7678 0.690 0.088 0.9807 -2.7024
1770200588.7733 0.690 0.089 0.9819 -2.7025
1770200588.7779 0.690 0.089 0.9842 -2.7026
1770200588.7835 0.691 0.090 0.9876 -2.7027
1770200588.7879 0.691 0.090 0.9899 -2.7028
1770200588.7935 0.691 0.091 0.9934 -2.7030
1770200588.7979 0.692 0.091 0.9946 -2.7030
1770200588.8033 0.692 0.091 0.9969 -2.7031
1770200588.8080 0.692 0.092 0.9980 -2.7032
1770200588.8134 0.693 0.092 1.0004 -2.7032
1770200588.8181 0.693 0.093 1.0027 -2.7033
1770200588.8235 0.693 0.093 1.0061 -2.7033
1770200588.8279 0.693 0.093 1.0073 -2.7034
1770200588.8336 0.694 0.094 1.0108 -2.7035
1770200588.8380 0.694 0.094 1.0108 -2.7035
1770200588.8435 0.694 0.095 1.0142 -2.7036
1770200588.8480 0.694 0.095 1.0154 -2.7036
1770200588.8536 0.695 0.096 1.0189 -2.7037
1770200588.8581 0.695 0.096 1.0212 -2.7037
1770200588.8636 0.695 0.097 1.0235 -2.7039
1770200588.8681 0.695 0.097 1.0258 -2.7039
1770200588.8735 0.696 0.098 1.0281 -2.7038
1770200588.8782 0.696 0.098 1.0293 -2.7038
1770200588.8836 0.696 0.098 1.0327 -2.7038
1770200588.8881 0.696 0.099 1.0351 -2.7039
1770200588.8936 0.697 0.099 1.0385 -2.7037
1770200588.8981 0.697 0.100 1.0397 -2.7037
1770200588.9036 0.697 0.100 1.0443 -2.7036
1770200588.9081 0.697 0.100 1.0455 -2.7036
1770200588.9138 0.698 0.101 1.0478 -2.7035
1770200588.9183 0.698 0.101 1.0512 -2.7033
1770200588.9236 0.698 0.102 1.0524 -2.7032
1770200588.9283 0.698 0.102 1.0547 -2.7032
1770200588.9338 0.699 0.103 1.0582 -2.7033
1770200588.9379 0.699 0.103 1.0605 -2.7034
1770200588.9434 0.699 0.103 1.0651 -2.7037
1770200588.9488 0.699 0.104 1.0674 -2.7039
1770200588.9533 0.699 0.104 1.0721 -2.7042
1770200588.9588 0.700 0.104 1.0744 -2.7044
1770200588.9634 0.700 0.105 1.0790 -2.7046
1770200588.9689 0.700 0.105 1.0813 -2.7046
1770200588.9734 0.700 0.105 1.0848 -2.7047
1770200588.9789 0.700 0.106 1.0883 -2.7047
1770200588.9834 0.701 0.106 1.0917 -2.7048
1770200588.9889 0.701 0.106 1.0963 -2.7049
1770200588.9933 0.701 0.107 1.0987 -2.7049
1770200588.9989 0.701 0.107 1.1033 -2.7050
1770200589.0032 0.701 0.107 1.1056 -2.7050
1770200589.0088 0.702 0.108 1.1102 -2.7052
1770200589.0133 0.702 0.108 1.1125 -2.7052
1770200589.0189 0.702 0.108 1.1160 -2.7053
1770200589.0234 0.702 0.109 1.1195 -2.7053
1770200589.0288 0.702 0.109 1.1229 -2.7054
1770200589.0335 0.702 0.109 1.1253 -2.7054
1770200589.0390 0.703 0.110 1.1287 -2.7055
1770200589.0433 0.703 0.110 1.1310 -2.7055
1770200589.0490 0.703 0.111 1.1345 -2.7056
1770200589.0533 0.703 0.111 1.1368 -2.7057
1770200589.0590 0.703 0.112 1.1391 -2.7057
1770200589.0635 0.704 0.112 1.1403 -2.7058
1770200589.0689 0.704 0.113 1.1426 -2.7060
1770200589.0735 0.704 0.113 1.1438 -2.7060
1770200589.0790 0.704 0.114 1.1461 -2.7060
1770200589.0836 0.704 0.114 1.1472 -2.7061
1770200589.0891 0.705 0.115 1.1495 -2.7063
1770200589.0936 0.705 0.115 1.1507 -2.7064
1770200589.0991 0.705 0.116 1.1519 -2.7064
1770200589.1045 0.705 0.116 1.1553 -2.7065
1770200589.1091 0.706 0.117 1.1565 -2.7065
1770200589.1136 0.706 0.117 1.1588 -2.7066
1770200589.1193 0.706 0.118 1.1600 -2.7067
1770200589.1236 0.706 0.118 1.1623 -2.7067
1770200589.1292 0.707 0.119 1.1634 -2.7067
1770200589.1339 0.707 0.120 1.1646 -2.7067
1770200589.1391 0.707 0.120 1.1669 -2.7068
1770200589.1437 0.707 0.120 1.1681 -2.7068
1770200589.1492 0.707 0.121 1.1715 -2.7068
1770200589.1539 0.708 0.121 1.1727 -2.7068
1770200589.1596 0.708 0.122 1.1761 -2.7068
1770200589.1640 0.708 0.122 1.1785 -2.7068
1770200589.1688 0.708 0.123 1.1808 -2.7069
1770200589.1743 0.708 0.123 1.1831 -2.7069
1770200589.1788 0.709 0.124 1.1842 -2.7069
1770200589.1845 0.709 0.124 1.1877 -2.7069
1770200589.1889 0.709 0.125 1.1900 -2.7070
1770200589.1945 0.709 0.125 1.1923 -2.7070
1770200589.1990 0.709 0.126 1.1947 -2.7070
1770200589.2037 0.710 0.126 1.1958 -2.7071
1770200589.2095 0.710 0.127 1.1993 -2.7069
1770200589.2144 0.710 0.127 1.2004 -2.7067
1770200589.2189 0.710 0.128 1.2027 -2.7067
1770200589.2243 0.710 0.128 1.2051 -2.7067
1770200589.2289 0.710 0.129 1.2085 -2.7066
1770200589.2344 0.711 0.129 1.2108 -2.7065
1770200589.2391 0.711 0.129 1.2143 -2.7065
1770200589.2444 0.711 0.130 1.2166 -2.7064
1770200589.2489 0.711 0.130 1.2189 -2.7063
1770200589.2545 0.711 0.131 1.2201 -2.7062
1770200589.2590 0.712 0.132 1.2224 -2.7061
1770200589.2646 0.712 0.132 1.2247 -2.7060
1770200589.2691 0.712 0.132 1.2282 -2.7060
1770200589.2737 0.712 0.133 1.2294 -2.7060
1770200589.2792 0.712 0.134 1.2317 -2.7060
1770200589.2847 0.712 0.134 1.2328 -2.7061
1770200589.2892 0.713 0.135 1.2363 -2.7062
1770200589.2947 0.713 0.135 1.2374 -2.7064
1770200589.2992 0.713 0.135 1.2398 -2.7066
1770200589.3047 0.713 0.136 1.2432 -2.7068
1770200589.3091 0.713 0.136 1.2455 -2.7070
1770200589.3138 0.713 0.137 1.2479 -2.7071
1770200589.3193 0.714 0.137 1.2490 -2.7073
1770200589.3237 0.714 0.138 1.2513 -2.7073
1770200589.3293 0.714 0.138 1.2536 -2.7074
1770200589.3339 0.714 0.139 1.2560 -2.7074
1770200589.3396 0.714 0.139 1.2594 -2.7074
1770200589.3440 0.714 0.140 1.2617 -2.7074
1770200589.3496 0.714 0.140 1.2652 -2.7073
1770200589.3540 0.715 0.140 1.2675 -2.7072
1770200589.3597 0.715 0.141 1.2698 -2.7071
1770200589.3641 0.715 0.141 1.2721 -2.7070
1770200589.3696 0.715 0.142 1.2745 -2.7069
1770200589.3742 0.715 0.142 1.2768 -2.7068
1770200589.3797 0.715 0.143 1.2802 -2.7066
1770200589.3843 0.715 0.143 1.2826 -2.7065
1770200589.3897 0.716 0.143 1.2860 -2.7063
1770200589.3942 0.716 0.144 1.2895 -2.7063
1770200589.3997 0.716 0.144 1.2930 -2.7063
1770200589.4041 0.716 0.145 1.2964 -2.7064
1770200589.4087 0.716 0.145 1.2999 -2.7065
1770200589.4143 0.716 0.145 1.3034 -2.7066
1770200589.4188 0.716 0.146 1.3068 -2.7068
1770200589.4242 0.716 0.146 1.3103 -2.7069
1770200589.4297 0.716 0.147 1.3138 -2.7071
1770200589.4343 0.716 0.147 1.3161 -2.7072
1770200589.4388 0.717 0.147 1.3207 -2.7073
1770200589.4443 0.717 0.148 1.3230 -2.7075
1770200589.4488 0.717 0.148 1.3265 -2.7077
1770200589.4544 0.717 0.148 1.3300 -2.7079
1770200589.4588 0.717 0.149 1.3334 -2.7081
1770200589.4643 0.717 0.149 1.3369 -2.7083
1770200589.4689 0.717 0.150 1.3404 -2.7086
1770200589.4743 0.717 0.150 1.3438 -2.7087
1770200589.4790 0.717 0.150 1.3473 -2.7089
1770200589.4844 0.717 0.151 1.3496 -2.7090
1770200589.4888 0.717 0.151 1.3531 -2.7091
1770200589.4944 0.718 0.152 1.3543 -2.7092
1770200589.4998 0.718 0.152 1.3577 -2.7093
1770200589.5044 0.718 0.153 1.3589 -2.7094
1770200589.5089 0.718 0.153 1.3600 -2.7097
1770200589.5145 0.718 0.154 1.3624 -2.7098
1770200589.5190 0.718 0.154 1.3635 -2.7097
1770200589.5243 0.718 0.155 1.3670 -2.7096
1770200589.5290 0.718 0.156 1.3681 -2.7097
1770200589.5346 0.719 0.156 1.3693 -2.7098
1770200589.5394 0.719 0.157 1.3716 -2.7098
1770200589.5439 0.719 0.157 1.3739 -2.7098
1770200589.5493 0.719 0.158 1.3762 -2.7098
1770200589.5538 0.719 0.158 1.3762 -2.7098
1770200589.5594 0.719 0.159 1.3774 -2.7097
1770200589.5639 0.719 0.159 1.3797 -2.7098
1770200589.5694 0.719 0.160 1.3809 -2.7098
1770200589.5740 0.719 0.161 1.3832 -2.7098
1770200589.5795 0.720 0.161 1.3843 -2.7098
1770200589.5839 0.720 0.162 1.3866 -2.7098
1770200589.5895 0.720 0.162 1.3890 -2.7098
1770200589.5939 0.720 0.163 1.3924 -2.7099
1770200589.5995 0.720 0.163 1.3947 -2.7099
1770200589.6039 0.720 0.164 1.3959 -2.7099
1770200589.6095 0.720 0.164 1.3994 -2.7099
1770200589.6141 0.720 0.165 1.4005 -2.7100
1770200589.6196 0.720 0.165 1.4040 -2.7100
1770200589.6241 0.720 0.166 1.4051 -2.7100
1770200589.6295 0.720 0.166 1.4075 -2.7100
1770200589.6342 0.720 0.167 1.4098 -2.7101
1770200589.6397 0.721 0.167 1.4121 -2.7102
1770200589.6440 0.721 0.168 1.4156 -2.7102
1770200589.6497 0.721 0.168 1.4167 -2.7102
1770200589.6541 0.721 0.169 1.4190 -2.7103
1770200589.6597 0.721 0.169 1.4213 -2.7103
1770200589.6642 0.721 0.170 1.4236 -2.7104
1770200589.6696 0.721 0.170 1.4271 -2.7104
1770200589.6741 0.721 0.171 1.4283 -2.7105
1770200589.6797 0.721 0.171 1.4306 -2.7106
1770200589.6842 0.721 0.172 1.4329 -2.7106
1770200589.6897 0.721 0.172 1.4352 -2.7106
1770200589.6943 0.721 0.173 1.4375 -2.7106
1770200589.6997 0.721 0.173 1.4398 -2.7106
1770200589.7041 0.722 0.174 1.4433 -2.7106
1770200589.7098 0.722 0.174 1.4445 -2.7106
1770200589.7143 0.722 0.175 1.4479 -2.7106
1770200589.7199 0.722 0.175 1.4491 -2.7106
1770200589.7242 0.722 0.176 1.4514 -2.7106
1770200589.7300 0.722 0.177 1.4526 -2.7106
1770200589.7345 0.722 0.177 1.4560 -2.7107
1770200589.7401 0.722 0.178 1.4583 -2.7107
1770200589.7447 0.722 0.178 1.4618 -2.7108
1770200589.7491 0.722 0.178 1.4641 -2.7108
1770200589.7548 0.722 0.179 1.4664 -2.7108
1770200589.7605 0.722 0.179 1.4699 -2.7109
1770200589.7649 0.722 0.180 1.4711 -2.7109
1770200589.7698 0.722 0.180 1.4745 -2.7110
1770200589.7752 0.722 0.181 1.4768 -2.7110
1770200589.7798 0.722 0.181 1.4792 -2.7110
1770200589.7854 0.722 0.182 1.4838 -2.7111
1770200589.7901 0.722 0.182 1.4861 -2.7111
1770200589.7954 0.722 0.182 1.4896 -2.7112
1770200589.8000 0.722 0.183 1.4919 -2.7112
1770200589.8055 0.723 0.183 1.4965 -2.7113
1770200589.8102 0.723 0.184 1.4988 -2.7113
1770200589.8148 0.723 0.184 1.5034 -2.7114
1770200589.8202 0.723 0.184 1.5058 -2.7114
1770200589.8247 0.723 0.185 1.5104 -2.7114
1770200589.8304 0.723 0.185 1.5127 -2.7115
1770200589.8349 0.723 0.186 1.5173 -2.7115
1770200589.8396 0.723 0.186 1.5196 -2.7115
1770200589.8450 0.723 0.186 1.5231 -2.7115
1770200589.8497 0.723 0.187 1.5266 -2.7115
1770200589.8551 0.723 0.187 1.5301 -2.7116
1770200589.8596 0.723 0.187 1.5324 -2.7116
1770200589.8654 0.723 0.188 1.5370 -2.7117
1770200589.8699 0.723 0.188 1.5393 -2.7117
1770200589.8755 0.723 0.189 1.5439 -2.7117
1770200589.8800 0.723 0.189 1.5451 -2.7117
1770200589.8854 0.723 0.190 1.5497 -2.7117
1770200589.8901 0.723 0.190 1.5520 -2.7117
1770200589.8955 0.723 0.191 1.5555 -2.7117
1770200589.9001 0.723 0.191 1.5567 -2.7118
1770200589.9056 0.723 0.192 1.5578 -2.7118
1770200589.9104 0.723 0.192 1.5590 -2.7119
1770200589.9148 0.723 0.193 1.5624 -2.7120
1770200589.9204 0.723 0.193 1.5636 -2.7119
1770200589.9248 0.723 0.194 1.5671 -2.7119
1770200589.9308 0.723 0.194 1.5682 -2.7119
1770200589.9356 0.723 0.195 1.5705 -2.7121
1770200589.9402 0.723 0.195 1.5717 -2.7120
1770200589.9452 0.723 0.196 1.5740 -2.7121
1770200589.9503 0.723 0.197 1.5752 -2.7121
1770200589.9550 0.723 0.197 1.5775 -2.7121
1770200589.9600 0.723 0.197 1.5775 -2.7122
1770200589.9650 0.723 0.198 1.5786 -2.7122
1770200589.9700 0.723 0.198 1.5786 -2.7122
1770200589.9749 0.723 0.198 1.5809 -2.7119
1770200589.9807 0.723 0.198 1.5833 -2.7120
1770200589.9847 0.723 0.198 1.5844 -2.7124
1770200589.9906 0.723 0.198 1.5844 -2.7122
1770200589.9956 0.723 0.198 1.5844 -2.7121
1770200590.0005 0.723 0.198 1.5844 -2.7121
1770200590.0052 0.723 0.198 1.5833 -2.7123
1770200590.0101 0.723 0.198 1.5833 -2.7123
1770200590.0149 0.723 0.198 1.5833 -2.7121
1770200590.0207 0.723 0.198 1.5833 -2.7123
1770200590.0254 0.723 0.198 1.5833 -2.7123
1770200590.0302 0.723 0.198 1.5833 -2.7124
1770200590.0349 0.723 0.198 1.5833 -2.7122
1770200590.0407 0.723 0.198 1.5833 -2.7122
1770200590.0455 0.723 0.198 1.5833 -2.7123
1770200590.0501 0.723 0.198 1.5833 -2.7124
1770200590.0550 0.723 0.198 1.5833 -2.7123
1770200590.0607 0.723 0.198 1.5833 -2.7123
1770200590.0655 0.723 0.198 1.5833 -2.7124
1770200590.0703 0.723 0.198 1.5833 -2.7124
1770200590.0750 0.723 0.198 1.5833 -2.7124
1770200590.0799 0.723 0.198 1.5833 -2.7124
1770200590.0856 0.723 0.198 1.5833 -2.7125
1770200590.0904 0.723 0.198 1.5833 -2.7124
1770200590.0951 0.723 0.198 1.5833 -2.7124
1770200590.0997 0.723 0.198 1.5833 -2.7124
1770200590.1054 0.723 0.198 1.5833 -2.7125
1770200590.1099 0.723 0.198 1.5833 -2.7125
1770200590.1155 0.723 0.198 1.5833 -2.7125
1770200590.1199 0.723 0.198 1.5833 -2.7126
1770200590.1253 0.723 0.198 1.5833 -2.7127
1770200590.1299 0.723 0.198 1.5833 -2.7127
1770200590.1355 0.723 0.198 1.5833 -2.7127
1770200590.1402 0.723 0.198 1.5833 -2.7127
1770200590.1447 0.723 0.198 1.5833 -2.7127
1770200590.1505 0.723 0.198 1.5833 -2.7127
1770200590.1548 0.723 0.198 1.5833 -2.7128
1770200590.1604 0.723 0.198 1.5833 -2.7128
1770200590.1650 0.723 0.198 1.5833 -2.7129
1770200590.1706 0.723 0.198 1.5833 -2.7128
1770200590.1752 0.723 0.198 1.5833 -2.7129
1770200590.1807 0.723 0.198 1.5833 -2.7130
1770200590.1852 0.723 0.198 1.5833 -2.7129
1770200590.1898 0.723 0.198 1.5833 -2.7130
1770200590.1952 0.723 0.198 1.5833 -2.7130
1770200590.1997 0.723 0.198 1.5833 -2.7130
1770200590.2052 0.723 0.198 1.5833 -2.7129
1770200590.2098 0.723 0.198 1.5833 -2.7130
1770200590.2153 0.723 0.198 1.5833 -2.7130
1770200590.2207 0.723 0.198 1.5833 -2.7130
1770200590.2252 0.723 0.198 1.5833 -2.7130
1770200590.2297 0.723 0.198 1.5833 -2.7130
1770200590.2353 0.723 0.198 1.5833 -2.7130
1770200590.2398 0.723 0.198 1.5833 -2.7131
1770200590.2451 0.723 0.198 1.5833 -2.7131
1770200590.2508 0.723 0.198 1.5833 -2.7131
1770200590.2551 0.723 0.198 1.5833 -2.7131
1770200590.2608 0.723 0.198 1.5844 -2.7131
1770200590.2653 0.723 0.198 1.5844 -2.7132
1770200590.2700 0.723 0.198 1.5844 -2.7133
1770200590.2753 0.723 0.198 1.5844 -2.7133
1770200590.2808 0.723 0.198 1.5844 -2.7133
1770200590.2853 0.723 0.198 1.5844 -2.7133
1770200590.2908 0.723 0.198 1.5844 -2.7133
1770200590.2954 0.723 0.198 1.5844 -2.7134
1770200590.3008 0.723 0.198 1.5844 -2.7134
1770200590.3053 0.723 0.198 1.5844 -2.7135
1770200590.3099 0.723 0.198 1.5844 -2.7135
1770200590.3153 0.723 0.198 1.5844 -2.7134
1770200590.3199 0.723 0.198 1.5844 -2.7135
1770200590.3254 0.723 0.198 1.5844 -2.7135
1770200590.3326 0.723 0.198 1.5844 -2.7136
1770200590.3350 0.723 0.198 1.5844 -2.7136
1770200590.3407 0.723 0.198 1.5844 -2.7136
1770200590.3452 0.723 0.198 1.5844 -2.7136
1770200590.3507 0.723 0.198 1.5844 -2.7136
1770200590.3553 0.723 0.198 1.5844 -2.7137
1770200590.3598 0.723 0.198 1.5844 -2.7137
1770200590.3652 0.723 0.198 1.5844 -2.7137
1770200590.3699 0.723 0.198 1.5844 -2.7137
1770200590.3753 0.723 0.198 1.5844 -2.7138
1770200590.3799 0.723 0.198 1.5844 -2.7137
1770200590.3853 0.723 0.198 1.5844 -2.7137
1770200590.3899 0.723 0.198 1.5844 -2.7137
1770200590.3953 0.723 0.198 1.5844 -2.7138
1770200590.4008 0.723 0.198 1.5844 -2.7138
1770200590.4053 0.723 0.198 1.5844 -2.7138
1770200590.4098 0.723 0.198 1.5844 -2.7138
1770200590.4155 0.723 0.198 1.5844 -2.7139
1770200590.4209 0.723 0.198 1.5844 -2.7139
1770200590.4254 0.723 0.198 1.5844 -2.7139
1770200590.4309 0.723 0.198 1.5844 -2.7140
1770200590.4364 0.723 0.198 1.5844 -2.7140
1770200590.4409 0.723 0.198 1.5844 -2.7141
1770200590.4464 0.723 0.198 1.5844 -2.7141
1770200590.4509 0.723 0.198 1.5844 -2.7141
1770200590.4564 0.723 0.198 1.5844 -2.7142
1770200590.4608 0.723 0.198 1.5844 -2.7142
1770200590.4664 0.723 0.198 1.5844 -2.7142
1770200590.4709 0.723 0.198 1.5844 -2.7143
1770200590.4764 0.723 0.198 1.5844 -2.7143
1770200590.4809 0.723 0.198 1.5844 -2.7144
1770200590.4865 0.723 0.198 1.5844 -2.7144
1770200590.4908 0.723 0.198 1.5844 -2.7144
1770200590.4963 0.723 0.198 1.5844 -2.7144
1770200590.5008 0.723 0.198 1.5844 -2.7145
1770200590.5063 0.723 0.198 1.5844 -2.7144
1770200590.5109 0.723 0.198 1.5844 -2.7145
1770200590.5163 0.723 0.198 1.5844 -2.7145
1770200590.5207 0.723 0.198 1.5844 -2.7145
1770200590.5264 0.723 0.198 1.5844 -2.7145
1770200590.5309 0.723 0.198 1.5844 -2.7145
1770200590.5356 0.723 0.198 1.5844 -2.7145
1770200590.5412 0.723 0.198 1.5844 -2.7144
1770200590.5458 0.723 0.198 1.5844 -2.7144
1770200590.5514 0.723 0.198 1.5844 -2.7144
1770200590.5558 0.723 0.198 1.5844 -2.7144
1770200590.5608 0.723 0.198 1.5844 -2.7143
1770200590.5663 0.723 0.198 1.5844 -2.7144
1770200590.5710 0.723 0.198 1.5844 -2.7144
1770200590.5765 0.723 0.198 1.5844 -2.7144
1770200590.5810 0.723 0.198 1.5844 -2.7144
1770200590.5856 0.723 0.198 1.5844 -2.7144
1770200590.5912 0.723 0.198 1.5844 -2.7144
1770200590.5957 0.723 0.198 1.5844 -2.7145
1770200590.6013 0.723 0.198 1.5844 -2.7145
1770200590.6059 0.723 0.198 1.5844 -2.7145
1770200590.6113 0.723 0.198 1.5844 -2.7145
1770200590.6158 0.723 0.198 1.5844 -2.7145
1770200590.6214 0.723 0.198 1.5844 -2.7146
1770200590.6259 0.723 0.198 1.5844 -2.7146
1770200590.6317 0.723 0.198 1.5844 -2.7146
1770200590.6361 0.723 0.198 1.5844 -2.7147
1770200590.6416 0.723 0.198 1.5844 -2.7147
1770200590.6461 0.723 0.198 1.5844 -2.7148
1770200590.6516 0.723 0.198 1.5844 -2.7148
1770200590.6562 0.723 0.198 1.5844 -2.7148
1770200590.6617 0.723 0.198 1.5844 -2.7148
1770200590.6663 0.723 0.198 1.5844 -2.7148
1770200590.6708 0.723 0.198 1.5844 -2.7148
1770200590.6761 0.723 0.198 1.5844 -2.7148
1770200590.6808 0.723 0.198 1.5844 -2.7148
1770200590.6862 0.723 0.198 1.5844 -2.7148
1770200590.6907 0.723 0.198 1.5844 -2.7148
1770200590.6962 0.723 0.198 1.5844 -2.7148
1770200590.7016 0.723 0.198 1.5844 -2.7148
1770200590.7062 0.723 0.198 1.5844 -2.7147
1770200590.7117 0.723 0.198 1.5844 -2.7147
1770200590.7162 0.723 0.198 1.5844 -2.7147
1770200590.7217 0.723 0.198 1.5844 -2.7146
1770200590.7264 0.723 0.198 1.5844 -2.7146
1770200590.7310 0.723 0.198 1.5844 -2.7145
1770200590.7365 0.723 0.198 1.5844 -2.7145
1770200590.7411 0.723 0.198 1.5844 -2.7145
1770200590.7466 0.723 0.198 1.5844 -2.7145
1770200590.7512 0.723 0.198 1.5844 -2.7145
1770200590.7567 0.723 0.198 1.5844 -2.7145
1770200590.7611 0.723 0.198 1.5844 -2.7145
1770200590.7659 0.723 0.198 1.5844 -2.7145
1770200590.7713 0.723 0.198 1.5844 -2.7145
1770200590.7759 0.723 0.198 1.5844 -2.7145
1770200590.7814 0.723 0.198 1.5844 -2.7145
1770200590.7859 0.723 0.198 1.5844 -2.7146
1770200590.7914 0.723 0.198 1.5844 -2.7146
1770200590.7968 0.723 0.198 1.5844 -2.7146
1770200590.8014 0.723 0.198 1.5844 -2.7147
1770200590.8058 0.723 0.198 1.5844 -2.7148
1770200590.8113 0.723 0.198 1.5844 -2.7148
1770200590.8158 0.723 0.198 1.5844 -2.7148
1770200590.8212 0.723 0.198 1.5844 -2.7148
1770200590.8268 0.723 0.198 1.5844 -2.7149
1770200590.8313 0.723 0.198 1.5844 -2.7149
1770200590.8358 0.723 0.198 1.5844 -2.7150
1770200590.8412 0.723 0.198 1.5844 -2.7150
1770200590.8468 0.723 0.198 1.5844 -2.7150
1770200590.8512 0.723 0.198 1.5844 -2.7151
1770200590.8567 0.723 0.198 1.5844 -2.7151
1770200590.8612 0.723 0.198 1.5844 -2.7151
1770200590.8668 0.723 0.198 1.5844 -2.7151
1770200590.8713 0.723 0.198 1.5844 -2.7151
1770200590.8767 0.723 0.198 1.5844 -2.7151
1770200590.8811 0.723 0.198 1.5844 -2.7151
1770200590.8867 0.723 0.198 1.5844 -2.7150
1770200590.8911 0.723 0.198 1.5844 -2.7150
1770200590.8966 0.723 0.198 1.5844 -2.7150
1770200590.9010 0.723 0.198 1.5844 -2.7150
1770200590.9066 0.723 0.198 1.5844 -2.7150
1770200590.9110 0.723 0.198 1.5844 -2.7150
1770200590.9164 0.723 0.198 1.5844 -2.7149
1770200590.9210 0.723 0.198 1.5844 -2.7149
1770200590.9265 0.723 0.198 1.5844 -2.7149
1770200590.9313 0.723 0.198 1.5844 -2.7149
1770200590.9368 0.723 0.198 1.5844 -2.7149
1770200590.9413 0.723 0.198 1.5844 -2.7149
1770200590.9459 0.723 0.198 1.5844 -2.7149
1770200590.9514 0.723 0.198 1.5844 -2.7149
1770200590.9560 0.723 0.198 1.5844 -2.7149
1770200590.9615 0.723 0.198 1.5844 -2.7150
1770200590.9661 0.723 0.198 1.5844 -2.7150
1770200590.9715 0.723 0.198 1.5844 -2.7151
1770200590.9770 0.723 0.198 1.5844 -2.7151
1770200590.9815 0.723 0.198 1.5844 -2.7151
1770200590.9869 0.723 0.198 1.5844 -2.7152
1770200590.9915 0.723 0.198 1.5844 -2.7152
1770200590.9969 0.723 0.198 1.5844 -2.7152
1770200591.0014 0.723 0.198 1.5844 -2.7153
1770200591.0070 0.723 0.198 1.5844 -2.7153
1770200591.0114 0.723 0.198 1.5844 -2.7153
1770200591.0170 0.723 0.198 1.5844 -2.7154
1770200591.0214 0.723 0.198 1.5844 -2.7154
1770200591.0270 0.723 0.198 1.5844 -2.7154
1770200591.0315 0.723 0.198 1.5844 -2.7154
1770200591.0369 0.723 0.198 1.5844 -2.7154
1770200591.0414 0.723 0.198 1.5844 -2.7154
1770200591.0469 0.723 0.198 1.5844 -2.7154
1770200591.0514 0.723 0.198 1.5844 -2.7154
1770200591.0570 0.723 0.198 1.5844 -2.7154
1770200591.0614 0.723 0.198 1.5844 -2.7154
1770200591.0665 0.723 0.198 1.5844 -2.7153
1770200591.0721 0.723 0.198 1.5844 -2.7153
1770200591.0766 0.723 0.198 1.5844 -2.7153
1770200591.0812 0.723 0.198 1.5844 -2.7153
1770200591.0870 0.723 0.198 1.5844 -2.7153
1770200591.0915 0.723 0.198 1.5844 -2.7153
1770200591.0970 0.723 0.198 1.5844 -2.7152
1770200591.1015 0.723 0.198 1.5844 -2.7152
1770200591.1071 0.723 0.198 1.5844 -2.7152
1770200591.1118 0.723 0.198 1.5844 -2.7152
1770200591.1173 0.723 0.198 1.5844 -2.7153
1770200591.1219 0.723 0.198 1.5844 -2.7153
1770200591.1265 0.723 0.198 1.5844 -2.7153
1770200591.1328 0.723 0.198 1.5844 -2.7153
1770200591.1373 0.723 0.198 1.5844 -2.7153
1770200591.1419 0.723 0.198 1.5844 -2.7153
1770200591.1475 0.723 0.198 1.5844 -2.7154
1770200591.1520 0.723 0.198 1.5844 -2.7154
1770200591.1574 0.723 0.198 1.5844 -2.7154
1770200591.1621 0.723 0.198 1.5844 -2.7155
1770200591.1676 0.723 0.198 1.5844 -2.7155
1770200591.1721 0.723 0.198 1.5844 -2.7155
1770200591.1775 0.723 0.198 1.5844 -2.7156
1770200591.1821 0.723 0.198 1.5844 -2.7156
1770200591.1876 0.723 0.198 1.5844 -2.7156
1770200591.1920 0.723 0.198 1.5844 -2.7156
1770200591.1976 0.723 0.198 1.5844 -2.7156
1770200591.2020 0.723 0.198 1.5844 -2.7156
1770200591.2076 0.723 0.198 1.5844 -2.7156
1770200591.2120 0.723 0.198 1.5844 -2.7156
1770200591.2175 0.723 0.198 1.5844 -2.7156
1770200591.2221 0.723 0.198 1.5844 -2.7156
1770200591.2275 0.723 0.198 1.5844 -2.7156
1770200591.2322 0.723 0.198 1.5844 -2.7156
1770200591.2376 0.723 0.198 1.5844 -2.7156
1770200591.2421 0.723 0.198 1.5844 -2.7155
1770200591.2476 0.723 0.198 1.5844 -2.7155
1770200591.2520 0.723 0.198 1.5844 -2.7155
1770200591.2576 0.723 0.198 1.5844 -2.7155
1770200591.2621 0.723 0.198 1.5844 -2.7154
1770200591.2668 0.723 0.198 1.5844 -2.7154
1770200591.2723 0.723 0.198 1.5844 -2.7154
1770200591.2766 0.723 0.198 1.5844 -2.7154
1770200591.2824 0.723 0.198 1.5844 -2.7155
1770200591.2868 0.723 0.198 1.5844 -2.7155
1770200591.2924 0.723 0.198 1.5844 -2.7155
1770200591.2968 0.723 0.198 1.5844 -2.7155
1770200591.3024 0.723 0.198 1.5844 -2.7156
1770200591.3068 0.723 0.198 1.5844 -2.7156
1770200591.3123 0.723 0.198 1.5844 -2.7156
1770200591.3169 0.723 0.198 1.5844 -2.7157
1770200591.3223 0.723 0.198 1.5844 -2.7157
1770200591.3270 0.723 0.198 1.5844 -2.7157
1770200591.3323 0.723 0.198 1.5844 -2.7158
1770200591.3368 0.723 0.198 1.5844 -2.7158
1770200591.3427 0.723 0.198 1.5844 -2.7159
1770200591.3487 0.723 0.198 1.5844 -2.7159
1770200591.3525 0.723 0.198 1.5844 -2.7159
1770200591.3569 0.723 0.198 1.5844 -2.7160
1770200591.3616 0.723 0.198 1.5844 -2.7160
1770200591.3671 0.723 0.198 1.5844 -2.7160
1770200591.3726 0.723 0.198 1.5844 -2.7160
1770200591.3771 0.723 0.198 1.5844 -2.7161
1770200591.3826 0.723 0.198 1.5844 -2.7161
1770200591.3871 0.723 0.198 1.5844 -2.7161
1770200591.3926 0.723 0.198 1.5844 -2.7160
1770200591.3969 0.723 0.198 1.5844 -2.7160
1770200591.4026 0.723 0.198 1.5844 -2.7160
1770200591.4070 0.723 0.198 1.5844 -2.7160
1770200591.4126 0.723 0.198 1.5844 -2.7160
1770200591.4171 0.723 0.198 1.5844 -2.7160
1770200591.4226 0.723 0.198 1.5844 -2.7160
1770200591.4271 0.723 0.198 1.5844 -2.7160
1770200591.4326 0.723 0.198 1.5844 -2.7160
1770200591.4370 0.723 0.198 1.5844 -2.7160
1770200591.4425 0.723 0.198 1.5844 -2.7160
1770200591.4470 0.723 0.198 1.5844 -2.7160
1770200591.4525 0.723 0.198 1.5844 -2.7161
1770200591.4569 0.723 0.198 1.5844 -2.7161
1770200591.4625 0.723 0.198 1.5844 -2.7161
1770200591.4669 0.723 0.198 1.5844 -2.7161
1770200591.4725 0.723 0.198 1.5844 -2.7161
1770200591.4768 0.723 0.198 1.5844 -2.7161
1770200591.4825 0.723 0.198 1.5844 -2.7162
1770200591.4868 0.723 0.198 1.5844 -2.7162
1770200591.4923 0.723 0.198 1.5844 -2.7162
1770200591.4968 0.723 0.198 1.5844 -2.7163
1770200591.5022 0.723 0.198 1.5844 -2.7163
1770200591.5068 0.723 0.198 1.5844 -2.7163
1770200591.5122 0.723 0.198 1.5844 -2.7164
1770200591.5177 0.723 0.198 1.5844 -2.7164
1770200591.5222 0.723 0.198 1.5844 -2.7164
1770200591.5277 0.723 0.198 1.5844 -2.7164
1770200591.5328 0.723 0.198 1.5844 -2.7164
1770200591.5373 0.723 0.198 1.5844 -2.7164
1770200591.5421 0.723 0.198 1.5844 -2.7164
1770200591.5477 0.723 0.198 1.5844 -2.7164
1770200591.5522 0.723 0.198 1.5844 -2.7164
1770200591.5569 0.723 0.198 1.5844 -2.7163
1770200591.5627 0.723 0.198 1.5844 -2.7163
1770200591.5674 0.723 0.198 1.5844 -2.7163
1770200591.5719 0.723 0.198 1.5844 -2.7163
1770200591.5773 0.723 0.198 1.5844 -2.7163
1770200591.5821 0.723 0.198 1.5844 -2.7163
1770200591.5876 0.723 0.198 1.5844 -2.7163
1770200591.5923 0.723 0.198 1.5844 -2.7163
1770200591.5977 0.723 0.198 1.5844 -2.7162
1770200591.6024 0.723 0.198 1.5844 -2.7162
1770200591.6069 0.723 0.198 1.5844 -2.7162
1770200591.6125 0.723 0.198 1.5844 -2.7162
1770200591.6174 0.723 0.198 1.5844 -2.7163
1770200591.6218 0.723 0.198 1.5844 -2.7163
1770200591.6275 0.723 0.198 1.5844 -2.7163
1770200591.6321 0.723 0.198 1.5844 -2.7163
1770200591.6375 0.723 0.198 1.5844 -2.7163
1770200591.6422 0.723 0.198 1.5844 -2.7163
1770200591.6477 0.723 0.198 1.5844 -2.7163
1770200591.6523 0.723 0.198 1.5844 -2.7164
1770200591.6569 0.723 0.198 1.5844 -2.7164
1770200591.6626 0.723 0.198 1.5844 -2.7164
1770200591.6672 0.723 0.198 1.5844 -2.7165
1770200591.6727 0.723 0.198 1.5844 -2.7165
1770200591.6772 0.723 0.198 1.5844 -2.7165
1770200591.6819 0.723 0.198 1.5844 -2.7166
1770200591.6875 0.723 0.198 1.5844 -2.7166
1770200591.6919 0.723 0.198 1.5844 -2.7166
1770200591.6973 0.723 0.198 1.5844 -2.7166
1770200591.7029 0.723 0.198 1.5844 -2.7166
1770200591.7074 0.723 0.198 1.5844 -2.7166
1770200591.7130 0.723 0.198 1.5844 -2.7166
1770200591.7174 0.723 0.198 1.5844 -2.7166
1770200591.7221 0.723 0.198 1.5844 -2.7166
1770200591.7276 0.723 0.198 1.5844 -2.7165
1770200591.7322 0.723 0.198 1.5844 -2.7165
1770200591.7379 0.723 0.198 1.5844 -2.7165
1770200591.7423 0.723 0.198 1.5844 -2.7165
1770200591.7470 0.723 0.198 1.5844 -2.7165
1770200591.7525 0.723 0.198 1.5844 -2.7165
1770200591.7580 0.723 0.198 1.5844 -2.7164
1770200591.7626 0.723 0.198 1.5844 -2.7164
1770200591.7671 0.723 0.198 1.5844 -2.7164
1770200591.7727 0.723 0.198 1.5844 -2.7165
1770200591.7780 0.723 0.198 1.5844 -2.7165
1770200591.7827 0.723 0.198 1.5844 -2.7165
1770200591.7881 0.723 0.198 1.5844 -2.7165
1770200591.7926 0.723 0.198 1.5844 -2.7165
1770200591.7981 0.723 0.198 1.5844 -2.7166
1770200591.8026 0.723 0.198 1.5844 -2.7166
1770200591.8082 0.723 0.198 1.5844 -2.7166
1770200591.8126 0.723 0.198 1.5844 -2.7166
1770200591.8183 0.723 0.198 1.5844 -2.7166
1770200591.8227 0.723 0.198 1.5844 -2.7167
1770200591.8281 0.723 0.198 1.5844 -2.7167
1770200591.8328 0.723 0.198 1.5844 -2.7167
1770200591.8381 0.723 0.198 1.5844 -2.7167
1770200591.8427 0.723 0.198 1.5844 -2.7167
1770200591.8482 0.723 0.198 1.5844 -2.7167
1770200591.8526 0.723 0.198 1.5844 -2.7168
1770200591.8583 0.723 0.198 1.5844 -2.7168
1770200591.8627 0.723 0.198 1.5844 -2.7168
1770200591.8683 0.723 0.198 1.5844 -2.7168
1770200591.8727 0.723 0.198 1.5844 -2.7167
1770200591.8783 0.723 0.198 1.5844 -2.7168
1770200591.8828 0.723 0.198 1.5844 -2.7167
1770200591.8883 0.723 0.198 1.5844 -2.7167
1770200591.8928 0.723 0.198 1.5844 -2.7167
1770200591.8982 0.723 0.198 1.5844 -2.7167
1770200591.9027 0.723 0.198 1.5844 -2.7167
1770200591.9082 0.723 0.198 1.5844 -2.7167
1770200591.9127 0.723 0.198 1.5844 -2.7167
1770200591.9183 0.723 0.198 1.5844 -2.7166
1770200591.9228 0.723 0.198 1.5844 -2.7166
1770200591.9287 0.723 0.198 1.5844 -2.7166
1770200591.9332 0.723 0.198 1.5844 -2.7166
1770200591.9381 0.723 0.198 1.5844 -2.7166
1770200591.9435 0.723 0.198 1.5844 -2.7167
1770200591.9479 0.723 0.198 1.5844 -2.7167
1770200591.9536 0.723 0.198 1.5844 -2.7167
1770200591.9580 0.723 0.198 1.5844 -2.7167
1770200591.9637 0.723 0.198 1.5844 -2.7168
1770200591.9681 0.723 0.198 1.5844 -2.7168
1770200591.9735 0.723 0.198 1.5844 -2.7168
1770200591.9781 0.723 0.198 1.5844 -2.7168
1770200591.9835 0.723 0.198 1.5844 -2.7168
1770200591.9881 0.723 0.198 1.5844 -2.7168
1770200591.9936 0.723 0.198 1.5844 -2.7168
1770200591.9980 0.723 0.198 1.5844 -2.7168
1770200592.0036 0.723 0.198 1.5844 -2.7169
1770200592.0080 0.723 0.198 1.5844 -2.7168
1770200592.0136 0.723 0.198 1.5844 -2.7168
1770200592.0181 0.723 0.198 1.5844 -2.7168
1770200592.0226 0.723 0.198 1.5844 -2.7168
1770200592.0280 0.723 0.198 1.5844 -2.7168
1770200592.0336 0.723 0.198 1.5844 -2.7168
1770200592.0380 0.723 0.198 1.5844 -2.7168
1770200592.0436 0.723 0.198 1.5844 -2.7168
1770200592.0481 0.723 0.198 1.5844 -2.7168
1770200592.0536 0.723 0.198 1.5844 -2.7168
1770200592.0582 0.723 0.198 1.5844 -2.7168
1770200592.0637 0.723 0.198 1.5844 -2.7168
1770200592.0681 0.723 0.198 1.5844 -2.7168
1770200592.0728 0.723 0.198 1.5844 -2.7168
1770200592.0782 0.723 0.198 1.5844 -2.7169
1770200592.0829 0.723 0.198 1.5844 -2.7169
1770200592.0884 0.723 0.198 1.5844 -2.7169
1770200592.0928 0.723 0.198 1.5844 -2.7169
1770200592.0986 0.723 0.198 1.5844 -2.7169
1770200592.1030 0.723 0.198 1.5844 -2.7169
1770200592.1087 0.723 0.198 1.5844 -2.7169
1770200592.1132 0.723 0.198 1.5844 -2.7169
1770200592.1178 0.723 0.198 1.5844 -2.7169
1770200592.1233 0.723 0.198 1.5844 -2.7169
1770200592.1277 0.723 0.198 1.5844 -2.7169
1770200592.1335 0.723 0.198 1.5844 -2.7169
1770200592.1379 0.723 0.198 1.5844 -2.7169
1770200592.1438 0.723 0.198 1.5844 -2.7170
1770200592.1483 0.723 0.198 1.5844 -2.7170
1770200592.1528 0.723 0.198 1.5844 -2.7170
1770200592.1584 0.723 0.198 1.5844 -2.7170
1770200592.1629 0.723 0.198 1.5844 -2.7170
1770200592.1685 0.723 0.198 1.5844 -2.7170
1770200592.1729 0.723 0.198 1.5844 -2.7170
1770200592.1785 0.723 0.198 1.5844 -2.7170
1770200592.1830 0.723 0.198 1.5844 -2.7170
1770200592.1884 0.723 0.198 1.5844 -2.7170
1770200592.1930 0.723 0.198 1.5844 -2.7170
1770200592.1983 0.723 0.198 1.5844 -2.7170
1770200592.2029 0.723 0.198 1.5844 -2.7170
1770200592.2085 0.723 0.198 1.5844 -2.7170
1770200592.2129 0.723 0.198 1.5844 -2.7170
1770200592.2185 0.723 0.198 1.5844 -2.7170
1770200592.2229 0.723 0.198 1.5844 -2.7170
1770200592.2285 0.723 0.198 1.5844 -2.7170
1770200592.2330 0.723 0.198 1.5844 -2.7170
1770200592.2385 0.723 0.198 1.5844 -2.7170
1770200592.2430 0.723 0.198 1.5844 -2.7170
1770200592.2484 0.723 0.198 1.5844 -2.7170
1770200592.2530 0.723 0.198 1.5844 -2.7170
1770200592.2585 0.723 0.198 1.5844 -2.7170
1770200592.2631 0.723 0.198 1.5844 -2.7170
1770200592.2685 0.723 0.198 1.5844 -2.7170
1770200592.2730 0.723 0.198 1.5844 -2.7170
1770200592.2785 0.723 0.198 1.5844 -2.7170
1770200592.2831 0.723 0.198 1.5844 -2.7170
1770200592.2887 0.723 0.198 1.5844 -2.7170
1770200592.2931 0.723 0.198 1.5844 -2.7170
1770200592.2987 0.723 0.198 1.5844 -2.7170
1770200592.3031 0.723 0.198 1.5844 -2.7170
1770200592.3086 0.723 0.198 1.5844 -2.7171
1770200592.3132 0.723 0.198 1.5844 -2.7171
1770200592.3186 0.723 0.198 1.5844 -2.7171
1770200592.3233 0.723 0.198 1.5844 -2.7171
1770200592.3287 0.723 0.198 1.5844 -2.7171
1770200592.3333 0.723 0.198 1.5844 -2.7171
1770200592.3390 0.723 0.198 1.5844 -2.7170
1770200592.3436 0.723 0.198 1.5844 -2.7170
1770200592.3481 0.723 0.198 1.5844 -2.7170
1770200592.3537 0.723 0.198 1.5844 -2.7170
1770200592.3583 0.723 0.198 1.5844 -2.7170
1770200592.3640 0.723 0.198 1.5844 -2.7170
1770200592.3684 0.723 0.198 1.5844 -2.7170
1770200592.3730 0.723 0.198 1.5844 -2.7170
1770200592.3786 0.723 0.198 1.5844 -2.7170
1770200592.3835 0.723 0.198 1.5844 -2.7170
1770200592.3888 0.723 0.198 1.5844 -2.7170
1770200592.3933 0.723 0.198 1.5844 -2.7170
1770200592.3989 0.723 0.198 1.5844 -2.7170
1770200592.4034 0.723 0.198 1.5844 -2.7170
1770200592.4081 0.723 0.198 1.5844 -2.7170
1770200592.4137 0.723 0.198 1.5844 -2.7170
1770200592.4183 0.723 0.198 1.5844 -2.7170
1770200592.4239 0.723 0.198 1.5844 -2.7170
1770200592.4281 0.723 0.198 1.5844 -2.7170
1770200592.4339 0.723 0.198 1.5844 -2.7170
1770200592.4383 0.723 0.198 1.5844 -2.7170
1770200592.4440 0.723 0.198 1.5844 -2.7170
1770200592.4484 0.723 0.198 1.5844 -2.7170
1770200592.4540 0.723 0.198 1.5844 -2.7170
1770200592.4586 0.723 0.198 1.5844 -2.7170
1770200592.4642 0.723 0.198 1.5844 -2.7170
1770200592.4687 0.723 0.198 1.5844 -2.7170
1770200592.4742 0.723 0.198 1.5844 -2.7170
1770200592.4787 0.723 0.198 1.5844 -2.7170
1770200592.4844 0.723 0.198 1.5844 -2.7170
1770200592.4888 0.723 0.198 1.5844 -2.7170
1770200592.4945 0.723 0.198 1.5844 -2.7170
1770200592.4989 0.723 0.198 1.5844 -2.7170
1770200592.5036 0.723 0.198 1.5844 -2.7170
1770200592.5092 0.723 0.198 1.5844 -2.7170
1770200592.5139 0.723 0.198 1.5844 -2.7169
1770200592.5193 0.723 0.198 1.5844 -2.7169
1770200592.5237 0.723 0.198 1.5844 -2.7169
1770200592.5294 0.723 0.198 1.5844 -2.7168
1770200592.5339 0.723 0.198 1.5844 -2.7168
1770200592.5387 0.723 0.198 1.5844 -2.7168
1770200592.5442 0.723 0.198 1.5844 -2.7168
1770200592.5486 0.723 0.198 1.5844 -2.7167
1770200592.5543 0.723 0.198 1.5844 -2.7167
1770200592.5586 0.723 0.198 1.5844 -2.7167
1770200592.5644 0.723 0.198 1.5844 -2.7167
1770200592.5687 0.723 0.198 1.5844 -2.7167
1770200592.5744 0.723 0.198 1.5844 -2.7167
1770200592.5788 0.723 0.198 1.5844 -2.7167
1770200592.5843 0.723 0.198 1.5844 -2.7167
1770200592.5888 0.723 0.198 1.5844 -2.7168
1770200592.5943 0.723 0.198 1.5844 -2.7168
1770200592.5987 0.723 0.198 1.5844 -2.7168
1770200592.6043 0.723 0.198 1.5844 -2.7168
1770200592.6087 0.723 0.198 1.5844 -2.7169
1770200592.6144 0.723 0.198 1.5844 -2.7169
1770200592.6188 0.723 0.198 1.5844 -2.7169
1770200592.6244 0.723 0.198 1.5844 -2.7169
1770200592.6287 0.723 0.198 1.5844 -2.7170
1770200592.6344 0.723 0.198 1.5844 -2.7170
1770200592.6387 0.723 0.198 1.5844 -2.7170
1770200592.6442 0.723 0.198 1.5844 -2.7170
1770200592.6488 0.723 0.198 1.5844 -2.7171
1770200592.6542 0.723 0.198 1.5844 -2.7171
1770200592.6588 0.723 0.198 1.5844 -2.7171
1770200592.6643 0.723 0.198 1.5844 -2.7171
1770200592.6697 0.723 0.198 1.5844 -2.7171
1770200592.6743 0.723 0.198 1.5844 -2.7171
1770200592.6797 0.723 0.198 1.5844 -2.7171
1770200592.6844 0.723 0.198 1.5844 -2.7171
1770200592.6887 0.723 0.198 1.5844 -2.7170
1770200592.6943 0.723 0.198 1.5844 -2.7170
1770200592.6987 0.723 0.198 1.5844 -2.7170
1770200592.7042 0.723 0.198 1.5844 -2.7170
1770200592.7087 0.723 0.198 1.5844 -2.7169
1770200592.7143 0.723 0.198 1.5844 -2.7169
1770200592.7188 0.723 0.198 1.5844 -2.7168
1770200592.7242 0.723 0.198 1.5844 -2.7168
1770200592.7290 0.723 0.198 1.5844 -2.7168
1770200592.7345 0.723 0.198 1.5844 -2.7168
1770200592.7390 0.723 0.198 1.5844 -2.7168
1770200592.7440 0.723 0.198 1.5844 -2.7168
1770200592.7495 0.723 0.198 1.5844 -2.7169
1770200592.7544 0.723 0.198 1.5844 -2.7169
1770200592.7588 0.723 0.198 1.5844 -2.7169
1770200592.7637 0.723 0.198 1.5844 -2.7169
1770200592.7687 0.723 0.198 1.5844 -2.7170
1770200592.7744 0.723 0.198 1.5844 -2.7170
1770200592.7793 0.723 0.198 1.5844 -2.7171
1770200592.7841 0.723 0.198 1.5844 -2.7171
1770200592.7894 0.723 0.198 1.5844 -2.7171
1770200592.7945 0.723 0.198 1.5844 -2.7171
1770200592.7988 0.723 0.198 1.5844 -2.7172
1770200592.8037 0.723 0.198 1.5844 -2.7172
1770200592.8093 0.723 0.198 1.5844 -2.7172
1770200592.8141 0.723 0.198 1.5844 -2.7172
1770200592.8196 0.723 0.198 1.5844 -2.7173
1770200592.8242 0.723 0.198 1.5844 -2.7173
1770200592.8297 0.723 0.198 1.5844 -2.7173
1770200592.8346 0.723 0.198 1.5844 -2.7173
1770200592.8391 0.723 0.198 1.5844 -2.7173
1770200592.8438 0.723 0.198 1.5844 -2.7173
1770200592.8495 0.723 0.198 1.5844 -2.7173
1770200592.8541 0.723 0.198 1.5844 -2.7173
1770200592.8589 0.723 0.198 1.5844 -2.7172
1770200592.8638 0.723 0.198 1.5844 -2.7172
1770200592.8692 0.723 0.198 1.5844 -2.7172
1770200592.8739 0.723 0.198 1.5844 -2.7172
1770200592.8794 0.723 0.198 1.5844 -2.7172
1770200592.8839 0.723 0.198 1.5844 -2.7172
1770200592.8895 0.723 0.198 1.5844 -2.7172
1770200592.8939 0.723 0.198 1.5844 -2.7172
1770200592.8995 0.723 0.198 1.5844 -2.7172
1770200592.9041 0.723 0.198 1.5844 -2.7172
1770200592.9096 0.723 0.198 1.5844 -2.7173
1770200592.9144 0.723 0.198 1.5844 -2.7173
1770200592.9197 0.723 0.198 1.5844 -2.7173
1770200592.9243 0.723 0.198 1.5844 -2.7174
1770200592.9288 0.723 0.198 1.5844 -2.7174
1770200592.9346 0.723 0.198 1.5844 -2.7174
1770200592.9390 0.723 0.198 1.5844 -2.7175
1770200592.9447 0.723 0.198 1.5844 -2.7175
1770200592.9492 0.723 0.198 1.5844 -2.7176
1770200592.9547 0.723 0.198 1.5844 -2.7176
1770200592.9592 0.723 0.198 1.5844 -2.7176
1770200592.9648 0.723 0.198 1.5844 -2.7176
1770200592.9692 0.723 0.198 1.5844 -2.7176
1770200592.9748 0.723 0.198 1.5844 -2.7176
1770200592.9792 0.723 0.198 1.5844 -2.7176
1770200592.9839 0.723 0.198 1.5844 -2.7176
1770200592.9892 0.723 0.198 1.5844 -2.7177
1770200592.9938 0.723 0.198 1.5844 -2.7176
1770200592.9992 0.723 0.198 1.5844 -2.7176
1770200593.0047 0.723 0.198 1.5844 -2.7176
1770200593.0094 0.723 0.198 1.5844 -2.7176
1770200593.0149 0.723 0.198 1.5844 -2.7176
1770200593.0195 0.723 0.198 1.5844 -2.7176
1770200593.0249 0.723 0.198 1.5844 -2.7176
1770200593.0293 0.723 0.198 1.5844 -2.7176
1770200593.0349 0.723 0.198 1.5844 -2.7176
1770200593.0394 0.723 0.198 1.5844 -2.7177
1770200593.0450 0.723 0.198 1.5844 -2.7177
1770200593.0494 0.723 0.198 1.5844 -2.7176
1770200593.0550 0.723 0.198 1.5844 -2.7175
1770200593.0595 0.723 0.198 1.5844 -2.7176
1770200593.0649 0.723 0.198 1.5844 -2.7176
1770200593.0695 0.723 0.198 1.5844 -2.7175
1770200593.0749 0.723 0.198 1.5844 -2.7176
1770200593.0795 0.723 0.198 1.5844 -2.7176
1770200593.0849 0.723 0.198 1.5844 -2.7176
1770200593.0894 0.723 0.198 1.5844 -2.7176
1770200593.0949 0.723 0.198 1.5844 -2.7177
1770200593.0994 0.723 0.198 1.5844 -2.7177
1770200593.1050 0.723 0.198 1.5844 -2.7177
1770200593.1094 0.723 0.198 1.5844 -2.7177
1770200593.1140 0.723 0.198 1.5844 -2.7177
1770200593.1196 0.723 0.198 1.5844 -2.7177
1770200593.1249 0.723 0.198 1.5844 -2.7177
1770200593.1297 0.723 0.198 1.5844 -2.7177
1770200593.1355 0.723 0.198 1.5844 -2.7177
1770200593.1403 0.723 0.198 1.5844 -2.7176
1770200593.1448 0.723 0.198 1.5844 -2.7176
1770200593.1502 0.723 0.198 1.5844 -2.7176
1770200593.1548 0.723 0.198 1.5844 -2.7175
1770200593.1604 0.723 0.198 1.5844 -2.7174
1770200593.1649 0.723 0.198 1.5844 -2.7173
1770200593.1705 0.723 0.198 1.5844 -2.7173
1770200593.1749 0.723 0.198 1.5844 -2.7172
1770200593.1805 0.723 0.198 1.5844 -2.7172
1770200593.1850 0.723 0.198 1.5844 -2.7172
1770200593.1906 0.723 0.198 1.5844 -2.7172
1770200593.1949 0.723 0.198 1.5844 -2.7173
1770200593.1996 0.723 0.198 1.5844 -2.7173
1770200593.2049 0.723 0.198 1.5844 -2.7173
1770200593.2106 0.723 0.198 1.5844 -2.7173
1770200593.2151 0.723 0.198 1.5844 -2.7173
1770200593.2196 0.723 0.198 1.5844 -2.7173
1770200593.2251 0.723 0.198 1.5844 -2.7173
1770200593.2306 0.723 0.198 1.5844 -2.7174
1770200593.2352 0.723 0.198 1.5844 -2.7174
1770200593.2397 0.723 0.198 1.5844 -2.7175
1770200593.2451 0.723 0.198 1.5844 -2.7175
1770200593.2497 0.723 0.198 1.5844 -2.7175
1770200593.2551 0.723 0.198 1.5844 -2.7175
1770200593.2597 0.723 0.198 1.5844 -2.7175
1770200593.2654 0.723 0.198 1.5844 -2.7175
1770200593.2698 0.723 0.198 1.5844 -2.7176
1770200593.2754 0.723 0.198 1.5844 -2.7176
1770200593.2798 0.723 0.198 1.5844 -2.7176
1770200593.2854 0.723 0.198 1.5844 -2.7176
1770200593.2899 0.723 0.198 1.5844 -2.7176
1770200593.2954 0.723 0.198 1.5844 -2.7176
1770200593.2999 0.723 0.198 1.5844 -2.7176
1770200593.3054 0.723 0.198 1.5844 -2.7176
1770200593.3100 0.723 0.198 1.5844 -2.7175
1770200593.3155 0.723 0.198 1.5844 -2.7175
1770200593.3201 0.723 0.198 1.5844 -2.7174
1770200593.3254 0.723 0.198 1.5844 -2.7174
1770200593.3304 0.723 0.198 1.5844 -2.7173
1770200593.3349 0.723 0.198 1.5844 -2.7173
1770200593.3406 0.723 0.198 1.5844 -2.7173
1770200593.3453 0.723 0.198 1.5844 -2.7172
1770200593.3497 0.723 0.198 1.5844 -2.7172
1770200593.3553 0.723 0.198 1.5844 -2.7172
1770200593.3598 0.723 0.198 1.5844 -2.7172
1770200593.3653 0.723 0.198 1.5844 -2.7172
1770200593.3698 0.723 0.198 1.5844 -2.7172
1770200593.3752 0.723 0.198 1.5844 -2.7172
1770200593.3798 0.723 0.198 1.5844 -2.7173
1770200593.3853 0.723 0.198 1.5844 -2.7173
1770200593.3898 0.723 0.198 1.5844 -2.7173
1770200593.3952 0.723 0.198 1.5844 -2.7174
1770200593.3997 0.723 0.198 1.5844 -2.7174
1770200593.4052 0.723 0.198 1.5844 -2.7174
1770200593.4098 0.723 0.198 1.5844 -2.7174
1770200593.4154 0.723 0.198 1.5844 -2.7174
1770200593.4198 0.723 0.198 1.5844 -2.7175
1770200593.4252 0.723 0.198 1.5844 -2.7176
1770200593.4298 0.723 0.198 1.5844 -2.7175
1770200593.4353 0.723 0.198 1.5844 -2.7175
1770200593.4399 0.723 0.198 1.5844 -2.7175
1770200593.4453 0.723 0.198 1.5844 -2.7176
1770200593.4499 0.723 0.198 1.5844 -2.7175
1770200593.4552 0.723 0.198 1.5844 -2.7175
1770200593.4597 0.723 0.198 1.5844 -2.7176
1770200593.4654 0.723 0.198 1.5844 -2.7175
1770200593.4698 0.723 0.198 1.5844 -2.7175
1770200593.4754 0.723 0.198 1.5844 -2.7175
1770200593.4798 0.723 0.198 1.5844 -2.7175
1770200593.4853 0.723 0.198 1.5844 -2.7173
1770200593.4898 0.723 0.198 1.5844 -2.7173
1770200593.4952 0.723 0.198 1.5844 -2.7172
1770200593.4998 0.723 0.198 1.5844 -2.7172
1770200593.5053 0.723 0.198 1.5844 -2.7171
1770200593.5099 0.723 0.198 1.5844 -2.7170
1770200593.5154 0.723 0.198 1.5844 -2.7170
1770200593.5198 0.723 0.198 1.5844 -2.7170
1770200593.5253 0.723 0.198 1.5844 -2.7169
1770200593.5299 0.723 0.198 1.5844 -2.7169
1770200593.5356 0.723 0.198 1.5844 -2.7169
1770200593.5404 0.723 0.198 1.5844 -2.7169
1770200593.5448 0.723 0.198 1.5844 -2.7169
1770200593.5504 0.723 0.198 1.5844 -2.7169
1770200593.5548 0.723 0.198 1.5844 -2.7170
1770200593.5605 0.723 0.198 1.5844 -2.7170
1770200593.5649 0.723 0.198 1.5844 -2.7170
1770200593.5706 0.723 0.198 1.5844 -2.7170
1770200593.5749 0.723 0.198 1.5844 -2.7171
1770200593.5804 0.723 0.198 1.5844 -2.7171
1770200593.5850 0.723 0.198 1.5844 -2.7171
1770200593.5904 0.723 0.198 1.5844 -2.7171
1770200593.5949 0.723 0.198 1.5844 -2.7172
1770200593.6004 0.723 0.198 1.5844 -2.7172
1770200593.6058 0.723 0.198 1.5844 -2.7172
1770200593.6105 0.723 0.198 1.5844 -2.7172
1770200593.6149 0.723 0.198 1.5844 -2.7172
1770200593.6205 0.723 0.198 1.5844 -2.7173
1770200593.6249 0.723 0.198 1.5844 -2.7173
1770200593.6305 0.723 0.198 1.5844 -2.7172
1770200593.6350 0.723 0.198 1.5844 -2.7172
1770200593.6405 0.723 0.198 1.5844 -2.7171
1770200593.6449 0.723 0.198 1.5844 -2.7171
1770200593.6504 0.723 0.198 1.5844 -2.7170
1770200593.6560 0.723 0.198 1.5844 -2.7170
1770200593.6605 0.723 0.198 1.5844 -2.7169
1770200593.6660 0.723 0.198 1.5844 -2.7169
1770200593.6705 0.723 0.198 1.5844 -2.7169
1770200593.6760 0.723 0.198 1.5844 -2.7169
1770200593.6806 0.723 0.198 1.5844 -2.7168
1770200593.6860 0.723 0.198 1.5844 -2.7168
1770200593.6906 0.723 0.198 1.5844 -2.7167
1770200593.6960 0.723 0.198 1.5844 -2.7167
1770200593.7004 0.723 0.198 1.5844 -2.7167
1770200593.7050 0.723 0.198 1.5844 -2.7167
1770200593.7105 0.723 0.198 1.5844 -2.7168
1770200593.7150 0.723 0.198 1.5844 -2.7168
1770200593.7205 0.723 0.198 1.5844 -2.7168
1770200593.7259 0.723 0.198 1.5844 -2.7168
1770200593.7306 0.723 0.198 1.5844 -2.7169
1770200593.7351 0.723 0.198 1.5844 -2.7169
1770200593.7409 0.723 0.198 1.5844 -2.7170
1770200593.7453 0.723 0.198 1.5844 -2.7170
1770200593.7509 0.723 0.198 1.5844 -2.7171
1770200593.7553 0.723 0.198 1.5844 -2.7171
1770200593.7609 0.723 0.198 1.5844 -2.7172
1770200593.7655 0.723 0.198 1.5844 -2.7172
1770200593.7710 0.723 0.198 1.5844 -2.7173
1770200593.7755 0.723 0.198 1.5844 -2.7173
1770200593.7810 0.723 0.198 1.5844 -2.7174
1770200593.7854 0.723 0.198 1.5844 -2.7174
1770200593.7910 0.723 0.198 1.5844 -2.7174
1770200593.7954 0.723 0.198 1.5844 -2.7174
1770200593.8001 0.723 0.198 1.5844 -2.7174
1770200593.8055 0.723 0.198 1.5844 -2.7174
1770200593.8112 0.723 0.198 1.5844 -2.7174
1770200593.8156 0.723 0.198 1.5844 -2.7174
1770200593.8210 0.723 0.198 1.5844 -2.7173
1770200593.8256 0.723 0.198 1.5844 -2.7173
1770200593.8310 0.723 0.198 1.5844 -2.7172
1770200593.8356 0.723 0.198 1.5844 -2.7172
1770200593.8411 0.723 0.198 1.5844 -2.7171
1770200593.8465 0.723 0.198 1.5844 -2.7171
1770200593.8511 0.723 0.198 1.5844 -2.7170
1770200593.8565 0.723 0.198 1.5844 -2.7170
1770200593.8613 0.723 0.198 1.5844 -2.7170
1770200593.8658 0.723 0.198 1.5844 -2.7170
1770200593.8714 0.723 0.198 1.5844 -2.7170
1770200593.8757 0.723 0.198 1.5844 -2.7169
1770200593.8812 0.723 0.198 1.5844 -2.7169
1770200593.8857 0.723 0.198 1.5844 -2.7169
1770200593.8912 0.723 0.198 1.5844 -2.7170
1770200593.8958 0.723 0.198 1.5844 -2.7170
1770200593.9012 0.723 0.198 1.5844 -2.7171
1770200593.9056 0.723 0.198 1.5844 -2.7171
1770200593.9113 0.723 0.198 1.5844 -2.7171
1770200593.9158 0.723 0.198 1.5844 -2.7172
1770200593.9214 0.723 0.198 1.5844 -2.7172
1770200593.9258 0.723 0.198 1.5844 -2.7172
1770200593.9311 0.723 0.198 1.5844 -2.7173
1770200593.9361 0.723 0.198 1.5844 -2.7173
1770200593.9406 0.723 0.198 1.5844 -2.7174
1770200593.9466 0.723 0.198 1.5844 -2.7174
1770200593.9510 0.723 0.198 1.5844 -2.7174
1770200593.9557 0.723 0.198 1.5844 -2.7175
1770200593.9615 0.723 0.198 1.5844 -2.7175
1770200593.9659 0.723 0.198 1.5844 -2.7175
1770200593.9707 0.723 0.198 1.5844 -2.7175
1770200593.9762 0.723 0.198 1.5844 -2.7175
1770200593.9807 0.723 0.198 1.5844 -2.7175
1770200593.9863 0.723 0.198 1.5844 -2.7174
1770200593.9909 0.723 0.198 1.5844 -2.7174
1770200593.9965 0.723 0.198 1.5844 -2.7174
1770200594.0011 0.723 0.198 1.5844 -2.7174
1770200594.0066 0.723 0.198 1.5844 -2.7173
1770200594.0111 0.723 0.198 1.5844 -2.7173
1770200594.0157 0.723 0.198 1.5844 -2.7173
1770200594.0211 0.723 0.198 1.5844 -2.7172
1770200594.0265 0.723 0.198 1.5844 -2.7172
1770200594.0311 0.723 0.198 1.5844 -2.7172
1770200594.0366 0.723 0.198 1.5844 -2.7172
1770200594.0412 0.723 0.198 1.5844 -2.7172
1770200594.0465 0.723 0.198 1.5844 -2.7172
1770200594.0511 0.723 0.198 1.5844 -2.7172
1770200594.0565 0.723 0.198 1.5844 -2.7172
1770200594.0610 0.723 0.198 1.5844 -2.7172
1770200594.0667 0.723 0.198 1.5844 -2.7172
1770200594.0710 0.723 0.198 1.5844 -2.7173
1770200594.0766 0.723 0.198 1.5844 -2.7173
1770200594.0810 0.723 0.198 1.5844 -2.7173
1770200594.0864 0.723 0.198 1.5844 -2.7173
1770200594.0910 0.723 0.198 1.5844 -2.7173
1770200594.0965 0.723 0.198 1.5844 -2.7173
1770200594.1011 0.723 0.198 1.5844 -2.7173
1770200594.1065 0.723 0.198 1.5844 -2.7174
1770200594.1111 0.723 0.198 1.5844 -2.7174
1770200594.1166 0.723 0.198 1.5844 -2.7174
1770200594.1210 0.723 0.198 1.5844 -2.7174
1770200594.1266 0.723 0.198 1.5844 -2.7174
1770200594.1310 0.723 0.198 1.5844 -2.7174
1770200594.1363 0.723 0.198 1.5844 -2.7174
1770200594.1408 0.723 0.198 1.5844 -2.7174
1770200594.1463 0.723 0.198 1.5844 -2.7174
1770200594.1508 0.723 0.198 1.5844 -2.7174
1770200594.1562 0.723 0.198 1.5844 -2.7174
1770200594.1609 0.723 0.198 1.5844 -2.7173
1770200594.1664 0.723 0.198 1.5844 -2.7173
1770200594.1710 0.723 0.198 1.5844 -2.7173
1770200594.1764 0.723 0.198 1.5844 -2.7173
1770200594.1808 0.723 0.198 1.5844 -2.7172
1770200594.1864 0.723 0.198 1.5844 -2.7172
1770200594.1909 0.723 0.198 1.5844 -2.7172
1770200594.1965 0.723 0.198 1.5844 -2.7172
1770200594.2009 0.723 0.198 1.5844 -2.7172
1770200594.2063 0.723 0.198 1.5844 -2.7172
1770200594.2109 0.723 0.198 1.5844 -2.7172
1770200594.2164 0.723 0.198 1.5844 -2.7172
1770200594.2210 0.723 0.198 1.5844 -2.7172
1770200594.2264 0.723 0.198 1.5844 -2.7172
1770200594.2309 0.723 0.198 1.5844 -2.7172
1770200594.2364 0.723 0.198 1.5844 -2.7173
1770200594.2409 0.723 0.198 1.5844 -2.7173
1770200594.2465 0.723 0.198 1.5844 -2.7173
1770200594.2510 0.723 0.198 1.5844 -2.7173
1770200594.2566 0.723 0.198 1.5844 -2.7173
1770200594.2610 0.723 0.198 1.5844 -2.7173
1770200594.2667 0.723 0.198 1.5844 -2.7173
1770200594.2712 0.723 0.198 1.5844 -2.7174
1770200594.2766 0.723 0.198 1.5844 -2.7174
1770200594.2812 0.723 0.198 1.5844 -2.7174
1770200594.2867 0.723 0.198 1.5844 -2.7174
1770200594.2913 0.723 0.198 1.5844 -2.7174
1770200594.2968 0.723 0.198 1.5844 -2.7174
1770200594.3012 0.723 0.198 1.5844 -2.7174
1770200594.3067 0.723 0.198 1.5844 -2.7174
1770200594.3112 0.723 0.198 1.5844 -2.7173
1770200594.3168 0.723 0.198 1.5844 -2.7173
1770200594.3213 0.723 0.198 1.5844 -2.7173
1770200594.3266 0.723 0.198 1.5844 -2.7173
1770200594.3314 0.723 0.198 1.5844 -2.7173
1770200594.3364 0.723 0.198 1.5844 -2.7173
1770200594.3411 0.723 0.198 1.5844 -2.7173
1770200594.3467 0.723 0.198 1.5844 -2.7173
1770200594.3512 0.723 0.198 1.5844 -2.7173
