% Edge
% 1 	Time (sec)
% 2-10 	sensor AD value (0..4196), sensor 0 is left, AD=0 is no reflection
1770200583.862 22 31 44 53 64 35 31 29
1770200583.912 21 26 42 57 69 37 25 29
1770200583.962 26 24 40 51 69 39 28 23
1770200584.012 20 25 39 50 67 39 29 27
1770200584.061 20 24 37 48 67 37 28 27
1770200584.112 21 27 40 51 62 33 32 28
1770200584.162 20 24 38 53 70 35 24 24
1770200584.211 21 25 42 51 65 36 31 29
1770200584.261 21 22 39 52 66 36 31 31
1770200584.312 20 24 34 49 67 38 26 26
1770200584.362 22 26 37 49 66 39 28 25
1770200584.411 20 23 39 47 64 36 29 25
1770200584.462 20 24 40 50 65 37 27 25
1770200584.512 19 23 37 50 65 33 26 27
1770200584.562 18 20 35 51 69 38 28 28
1770200584.612 19 27 35 47 63 35 26 27
1770200584.662 19 23 34 49 62 34 27 27
1770200584.712 19 22 37 53 71 35 25 24
1770200584.761 20 24 33 48 67 39 29 26
1770200584.812 15 19 34 49 68 36 29 25
1770200584.862 21 18 30 48 62 38 26 26
1770200584.912 17 18 30 43 64 38 23 23
1770200584.962 21 21 31 46 63 34 23 22
1770200585.012 21 24 33 49 65 39 29 22
1770200585.062 21 23 37 49 58 33 29 27
1770200585.112 18 18 31 49 66 35 22 29
1770200585.161 19 19 28 44 64 36 27 22
1770200585.212 21 25 32 45 59 37 29 26
1770200585.261 19 17 31 51 61 35 30 27
1770200585.312 21 17 28 49 63 34 23 21
1770200585.362 18 21 28 46 60 39 27 18
1770200585.412 20 23 31 44 56 35 29 22
1770200585.462 11 18 29 48 54 36 20 20
1770200585.512 19 22 30 49 55 37 26 26
1770200585.562 20 20 28 44 59 35 21 23
1770200585.612 18 23 29 48 62 39 25 23
1770200585.662 17 20 30 47 56 35 26 26
1770200585.712 21 18 24 46 55 38 21 18
1770200585.762 20 23 33 44 52 37 30 25
1770200585.812 18 20 29 50 60 37 26 26
1770200585.862 17 18 27 46 58 36 27 20
1770200585.911 20 24 32 49 56 37 24 25
1770200585.962 17 24 29 48 57 39 30 22
1770200586.012 22 25 32 47 55 36 23 20
1770200586.062 23 20 29 44 55 39 29 20
1770200586.112 15 19 38 54 57 34 27 24
1770200586.162 24 20 28 49 65 37 24 19
1770200586.212 19 26 39 48 60 33 28 21
1770200586.262 18 20 39 55 71 35 33 25
1770200586.312 26 27 39 53 67 35 29 23
1770200586.362 23 29 46 56 64 35 31 29
1770200586.412 29 35 46 54 61 43 35 27
1770200586.462 28 34 49 59 60 36 35 33
1770200586.512 31 33 44 50 57 40 35 26
1770200586.562 30 34 48 59 61 36 33 34
1770200586.613 30 30 45 56 61 38 34 28
1770200586.662 29 34 43 53 58 38 34 26
1770200586.712 28 32 45 58 60 35 33 30
1770200586.762 25 33 48 60 65 36 35 29
1770200586.812 25 29 40 49 61 40 32 28
1770200586.862 25 29 44 54 63 36 34 28
1770200586.912 24 28 43 57 63 37 33 29
1770200586.962 28 37 44 53 64 37 33 25
1770200587.012 25 30 44 52 60 36 33 32
1770200587.062 27 28 39 56 67 36 35 29
1770200587.112 27 35 45 53 59 37 35 30
1770200587.162 24 27 43 56 63 37 32 30
1770200587.212 29 31 42 52 63 36 30 26
1770200587.262 27 29 45 56 62 37 34 28
1770200587.312 26 31 42 54 65 40 35 32
1770200587.362 22 30 43 56 63 36 33 32
1770200587.412 19 28 41 53 62 39 34 29
1770200587.461 29 33 45 57 65 36 31 26
1770200587.512 29 34 44 55 64 38 33 27
1770200587.562 24 34 45 53 65 36 34 29
1770200587.612 28 30 47 57 62 39 31 32
1770200587.662 27 33 44 52 62 36 31 26
1770200587.712 25 30 42 51 63 39 33 27
1770200587.762 29 32 44 55 63 39 35 30
1770200587.812 23 27 44 54 66 36 34 27
1770200587.862 29 32 42 51 61 39 32 28
1770200587.912 24 28 48 57 62 35 34 31
1770200587.962 29 30 44 56 66 40 34 27
1770200588.012 28 33 48 56 62 38 35 30
1770200588.062 27 29 43 55 63 36 34 33
1770200588.112 26 33 45 56 67 37 30 27
1770200588.162 26 32 42 56 63 38 31 28
1770200588.212 29 32 46 58 67 37 33 30
1770200588.262 26 28 48 60 72 40 33 31
1770200588.311 33 37 51 61 74 45 37 26
1770200588.362 30 41 54 70 73 42 40 35
1770200588.412 34 36 50 67 79 39 30 32
1770200588.462 32 35 48 64 77 45 38 31
1770200588.512 25 38 48 57 68 38 36 29
1770200588.562 29 30 46 61 71 40 32 33
1770200588.612 30 31 47 56 70 40 35 29
1770200588.662 29 34 47 61 71 38 35 30
1770200588.712 30 36 45 60 69 40 35 29
1770200588.763 26 35 48 55 65 41 36 31
1770200588.813 25 34 50 59 68 37 35 31
1770200588.863 32 34 51 61 69 35 29 30
1770200588.913 25 30 46 58 68 41 33 29
1770200588.963 29 33 47 57 69 40 32 30
1770200589.013 25 34 45 54 69 39 35 29
1770200589.063 30 38 48 55 62 39 39 34
1770200589.113 27 32 51 61 65 36 34 33
1770200589.162 28 31 47 62 73 43 37 29
1770200589.212 32 32 44 58 64 38 35 30
1770200589.263 26 33 48 56 65 41 34 28
1770200589.313 30 34 48 57 67 41 35 30
1770200589.363 33 36 51 59 65 41 37 30
1770200589.413 22 35 52 62 67 39 36 34
1770200589.463 24 30 46 60 69 35 30 32
1770200589.513 27 31 44 57 69 38 30 31
1770200589.562 30 35 44 56 67 38 35 31
1770200589.612 29 36 47 59 65 39 32 28
1770200589.663 27 33 45 59 71 39 33 27
1770200589.713 32 36 44 57 69 43 41 30
1770200589.762 23 34 45 57 64 40 36 31
1770200589.813 28 35 51 58 64 36 33 30
1770200589.863 27 35 45 53 67 36 30 26
1770200589.912 26 34 46 57 70 43 33 30
1770200589.963 30 35 46 57 66 40 32 30
1770200590.013 25 30 45 55 68 42 33 30
1770200590.063 28 36 45 58 61 40 35 31
1770200590.113 28 35 49 58 65 39 33 30
1770200590.162 28 33 48 60 71 42 40 30
1770200590.213 28 31 48 59 66 39 35 35
1770200590.263 31 27 41 59 69 39 31 28
1770200590.313 28 33 47 59 71 39 34 30
1770200590.363 28 35 45 55 68 44 35 29
1770200590.413 30 35 45 55 66 41 37 31
1770200590.463 27 35 47 61 68 40 35 33
1770200590.513 23 32 50 63 69 36 32 31
1770200590.563 27 30 42 58 72 41 33 28
1770200590.613 26 34 45 60 67 38 33 33
1770200590.662 31 31 44 58 69 41 32 27
1770200590.712 25 33 44 57 69 43 34 29
1770200590.763 28 38 46 55 68 41 36 35
1770200590.813 26 34 49 57 65 35 35 31
1770200590.863 25 31 44 59 70 42 36 32
1770200590.913 29 33 46 60 65 37 33 31
1770200590.963 26 31 45 62 71 38 30 26
1770200591.013 26 34 44 55 69 40 32 32
1770200591.063 29 35 44 58 70 44 36 28
1770200591.113 23 34 43 57 65 41 34 32
1770200591.163 29 32 43 56 69 41 33 27
1770200591.213 26 36 48 56 66 40 36 29
1770200591.263 27 34 48 62 69 41 35 31
1770200591.313 26 32 47 60 70 38 37 34
1770200591.362 26 31 43 60 70 39 31 28
1770200591.412 29 32 43 59 71 42 33 31
1770200591.463 31 34 44 57 69 43 33 30
1770200591.513 28 35 45 57 69 43 37 30
1770200591.562 26 35 48 60 68 41 35 31
1770200591.613 25 34 48 60 69 38 37 31
1770200591.662 22 34 49 60 65 35 32 29
1770200591.713 26 30 43 58 66 40 37 32
1770200591.763 23 29 50 60 67 38 30 33
1770200591.813 27 31 42 58 71 42 37 29
1770200591.862 29 32 45 61 69 39 32 34
1770200591.912 33 35 42 53 70 43 33 27
1770200591.963 31 34 47 55 66 41 36 29
1770200592.013 27 36 44 56 66 43 37 30
1770200592.063 25 34 45 56 66 38 35 33
1770200592.113 24 30 41 56 66 40 36 31
1770200592.162 23 34 47 55 63 36 35 33
1770200592.212 25 28 44 57 67 37 31 27
1770200592.263 27 28 44 61 71 40 37 31
1770200592.313 29 31 43 56 70 39 34 32
1770200592.362 32 34 43 56 66 39 35 30
1770200592.413 28 34 46 58 73 44 38 31
1770200592.463 26 39 46 55 66 43 39 32
1770200592.513 24 33 49 57 65 41 35 32
1770200592.563 31 36 46 60 67 41 38 31
1770200592.613 24 34 49 62 67 40 35 36
1770200592.663 26 33 47 58 67 41 38 33
1770200592.713 27 32 50 59 65 39 32 31
1770200592.763 28 31 45 61 70 40 32 30
1770200592.812 31 35 45 59 71 37 30 32
1770200592.863 28 32 40 57 72 43 34 26
1770200592.913 28 32 44 57 68 43 37 27
1770200592.963 30 37 45 55 66 40 35 30
1770200593.013 25 37 47 57 66 37 38 32
1770200593.063 24 33 46 58 64 40 37 33
1770200593.113 23 34 47 59 70 39 35 32
1770200593.163 29 34 46 61 72 40 33 27
1770200593.212 23 33 45 55 66 38 37 29
1770200593.263 19 27 44 61 68 38 35 37
1770200593.313 30 30 40 55 69 39 33 26
1770200593.363 27 35 41 57 69 41 31 29
1770200593.413 27 38 45 58 70 44 37 27
1770200593.463 24 32 48 59 69 40 32 32
1770200593.513 30 39 45 57 69 40 38 31
1770200593.562 24 36 49 59 64 35 38 32
1770200593.613 24 34 46 61 67 41 36 35
1770200593.663 26 32 45 60 70 39 35 31
1770200593.712 25 36 46 60 69 42 34 29
1770200593.763 22 33 47 62 69 38 35 31
1770200593.813 29 31 44 59 70 38 34 31
1770200593.863 28 32 43 59 69 39 32 27
1770200593.913 30 34 45 59 67 38 32 27
1770200593.963 27 40 48 59 68 44 36 29
1770200594.013 29 34 45 57 70 40 34 29
1770200594.063 25 35 46 57 65 42 37 30
1770200594.113 23 34 48 58 67 38 35 31
1770200594.163 31 34 45 57 69 42 35 30
1770200594.213 22 35 45 60 67 41 34 32
1770200594.263 27 33 45 56 69 40 35 30
1770200594.313 22 33 45 56 68 39 34 31
