% Heartbeat logfile
% 1 	Time (sec)
% 2 	Robot name index
% 3 	Version
% 4 	State (0 = control is external to Teensy)
% 5 	Battery voltage (V)
% 6 	Teensy load (%)
% 7 	Board supply current (A)
% 8 	Used battery capacity (Wh) (never reset properly)
% 9 	Shutdown request.
% 10 	CPU temperature (Raspberry).
1770200584.2651 107 1033 4 15.66 9.0 0.34 252.820 0 27.0
1770200584.2651 107 1033 4 15.66 9.0 0.34 252.820 0 28.7
1770200584.7653 107 1033 4 15.63 9.0 0.55 252.822 0 28.7
1770200585.2654 107 1033 4 15.62 9.0 0.52 252.823 0 28.7
1770200585.7650 107 1033 4 15.63 9.0 0.48 252.824 0 28.7
1770200586.2656 107 1033 4 15.62 9.0 0.49 252.825 0 28.7
1770200586.7647 107 1033 4 15.61 9.6 0.77 252.826 0 28.7
1770200587.2653 107 1033 4 15.62 9.0 0.45 252.827 0 28.7
1770200587.7656 107 1033 4 15.64 9.0 0.47 252.828 0 28.7
1770200588.2654 107 1033 4 15.64 9.0 0.43 252.829 0 28.7
1770200588.7655 107 1033 4 15.64 9.0 0.42 252.830 0 28.7
1770200589.2647 107 1033 4 15.63 9.0 0.46 252.831 0 28.7
1770200589.7650 107 1033 4 15.64 9.0 0.43 252.832 0 28.7
1770200590.2652 107 1033 4 15.64 9.0 0.41 252.833 0 28.7
1770200590.7646 107 1033 4 15.66 8.9 0.31 252.834 0 28.7
1770200591.2655 107 1033 4 15.65 8.9 0.31 252.834 0 28.7
1770200591.7648 107 1033 4 15.66 8.9 0.31 252.835 0 28.7
1770200592.2653 107 1033 4 15.66 8.9 0.31 252.836 0 28.7
1770200592.7651 107 1033 4 15.66 9.0 0.30 252.836 0 28.7
1770200593.2653 107 1033 4 15.65 8.9 0.31 252.837 0 28.7
1770200593.7654 107 1033 4 15.66 8.9 0.31 252.838 0 28.7
1770200594.2655 107 1033 4 15.65 9.0 0.31 252.838 0 28.7
