% Mixer logfile
% Wheel base used in calculation: 0.22 m
% 1 	Time (sec)
% 2 	control source 0 = this, 1 = manuel (gamepad), 2.. = MQTT
% 3 	manual override mode (0= automatic, 1=manuel mode (gamepad))
% 4 	Linear velocity (m/s)
% 5 	Curvature (rad/m)
% 6 	Desired left wheel velocity (rad/s)
% 7 	Desired right wheel velocity (rad/s)
1770200584.6332 2 0 0.250 0.000 0.250 0.250 1
1770200585.1335 2 0 0.250 0.000 0.250 0.250 1
1770200585.6343 2 0 0.250 0.000 0.250 0.250 1
1770200586.1346 2 0 0.250 0.000 0.250 0.250 1
1770200586.6353 2 0 0.250 0.000 0.250 0.250 1
1770200586.7357 2 0 0.100 0.500 0.045 0.155 2
1770200587.2367 2 0 0.100 0.500 0.045 0.155 2
1770200587.7376 2 0 0.100 0.500 0.045 0.155 2
1770200588.2382 2 0 0.100 0.500 0.045 0.155 2
1770200588.7383 2 0 0.100 0.500 0.045 0.155 2
1770200589.2386 2 0 0.100 0.500 0.045 0.155 2
1770200589.7387 2 0 0.100 0.500 0.045 0.155 2
1770200589.9387 2 0 0.000 0.000 0.000 0.000 3
1770200590.4390 2 0 0.000 0.000 0.000 0.000 3
1770200590.9398 2 0 0.000 0.000 0.000 0.000 3
1770200591.4405 2 0 0.000 0.000 0.000 0.000 3
1770200591.9411 2 0 0.000 0.000 0.000 0.000 3
1770200592.4413 2 0 0.000 0.000 0.000 0.000 3
1770200592.9418 2 0 0.000 0.000 0.000 0.000 3
1770200593.4420 2 0 0.000 0.000 0.000 0.000 3
1770200593.9421 2 0 0.000 0.000 0.000 0.000 3
1770200594.2413 2 0 0.000 0.000 0.000 0.000 4
1770200594.3109 2 0 0.000 0.000 0.000 0.000 5
