% Pose and velocity (log_20260203_214104.348/log_t0_encoder_velocity.txt) for Teensy 0
% 1 	Time (sec)
% 2-3 	Velocity motor 1..2 (m/s or rad/s) m/s if use Teensy, else rad/sec motor vel, see robot.ini
% 4-5 	Update number (encoder, velocity) - mostly debug
1770200583.8360 0.0000 0.0000 0 8819
1770200583.8437 0.0000 0.0000 0 8820
1770200583.8513 0.0000 0.0000 0 8821
1770200583.8599 0.0000 0.0000 0 8822
1770200583.8676 0.0000 0.0000 0 8823
1770200583.8752 0.0000 0.0000 0 8824
1770200583.8839 0.0000 0.0000 0 8825
1770200583.8915 0.0000 0.0000 0 8826
1770200583.8992 0.0000 0.0000 0 8827
1770200583.9079 0.0000 0.0000 0 8828
1770200583.9155 0.0000 0.0000 0 8829
1770200583.9232 0.0000 0.0000 0 8830
1770200583.9319 0.0000 0.0000 0 8831
1770200583.9396 0.0000 0.0000 0 8832
1770200583.9473 0.0000 0.0000 0 8833
1770200583.9558 0.0000 0.0000 0 8834
1770200583.9636 0.0000 0.0000 0 8835
1770200583.9713 0.0000 0.0000 0 8836
1770200583.9799 0.0000 0.0000 0 8837
1770200583.9876 0.0000 0.0000 0 8838
1770200583.9952 0.0000 0.0000 0 8839
1770200584.0038 0.0000 0.0000 0 8840
1770200584.0115 0.0000 0.0000 0 8841
1770200584.0192 0.0000 0.0000 0 8842
1770200584.0279 0.0000 0.0000 0 8843
1770200584.0355 0.0000 0.0000 0 8844
1770200584.0432 0.0000 0.0000 0 8845
1770200584.0519 0.0000 0.0000 0 8846
1770200584.0597 0.0000 0.0000 0 8847
1770200584.0676 0.0000 0.0000 0 8848
1770200584.0762 0.0000 0.0000 0 8849
1770200584.0839 0.0000 0.0000 0 8850
1770200584.0916 0.0000 0.0000 0 8851
1770200584.1002 0.0000 0.0000 0 8852
1770200584.1079 0.0000 0.0000 0 8853
1770200584.1155 0.0000 0.0000 0 8854
1770200584.1242 0.0000 0.0000 0 8855
1770200584.1313 0.0000 0.0000 0 8856
1770200584.1400 0.0000 0.0000 0 8857
1770200584.1475 0.0000 0.0000 0 8858
1770200584.1552 0.0000 0.0000 0 8859
1770200584.1639 0.0000 0.0000 0 8860
1770200584.1714 0.0000 0.0000 0 8861
1770200584.1792 0.0000 0.0000 0 8862
1770200584.1879 0.0000 0.0000 0 8863
1770200584.1954 0.0000 0.0000 0 8864
1770200584.2041 0.0000 0.0000 0 8865
1770200584.2118 0.0000 0.0000 0 8866
1770200584.2194 0.0000 0.0000 0 8867
1770200584.2282 0.0000 0.0000 0 8868
1770200584.2358 0.0000 0.0000 0 8869
1770200584.2433 0.0000 0.0000 0 8870
1770200584.2520 0.0000 0.0000 0 8871
1770200584.2597 0.0000 0.0000 0 8872
1770200584.2674 0.0000 0.0000 0 8873
1770200584.2760 0.0000 0.0000 0 8874
1770200584.2837 0.0000 0.0000 0 8875
1770200584.2913 0.0000 0.0000 0 8876
1770200584.3000 0.0000 0.0000 0 8877
1770200584.3078 0.0000 0.0000 0 8878
1770200584.3153 0.0000 0.0000 0 8879
1770200584.3241 0.0000 0.0000 0 8880
1770200584.3319 0.0000 0.0000 0 8881
1770200584.3395 0.0000 0.0000 0 8882
1770200584.3473 0.0000 0.0000 0 8883
1770200584.3552 0.0000 0.0000 0 8884
1770200584.3639 0.0000 0.0000 0 8885
1770200584.3715 0.0000 0.0000 0 8886
1770200584.3792 0.0000 0.0000 0 8887
1770200584.3879 0.0000 0.0000 0 8888
1770200584.3955 0.0000 0.0000 0 8889
1770200584.4042 0.0000 0.0000 0 8890
1770200584.4117 0.0000 0.0000 0 8891
1770200584.4195 0.0000 0.0000 0 8892
1770200584.4274 0.0000 0.0000 0 8893
1770200584.4360 0.0000 0.0000 0 8894
1770200584.4439 0.0000 0.0000 0 8895
1770200584.4517 0.0000 0.0000 0 8896
1770200584.4594 0.0000 0.0000 0 8897
1770200584.4673 0.0000 0.0000 0 8898
1770200584.4760 0.0000 0.0000 0 8899
1770200584.4838 0.0000 0.0000 0 8900
1770200584.4916 0.0000 0.0000 0 8901
1770200584.4994 0.0000 0.0000 0 8902
1770200584.5082 0.0000 0.0000 0 8903
1770200584.5160 0.0000 0.0000 0 8904
1770200584.5240 0.0000 0.0000 0 8905
1770200584.5319 0.0000 0.0000 0 8906
1770200584.5398 0.0000 0.0000 0 8907
1770200584.5478 0.0000 0.0000 0 8908
1770200584.5554 0.0000 0.0000 0 8909
1770200584.5634 0.0000 0.0000 0 8910
1770200584.5722 0.0000 0.0000 0 8911
1770200584.5799 0.0000 0.0000 0 8912
1770200584.5878 0.0000 0.0000 0 8913
1770200584.5957 0.0000 0.0000 0 8914
1770200584.6034 0.0000 0.0000 0 8915
1770200584.6114 0.0000 0.0000 0 8916
1770200584.6196 0.0000 0.0000 0 8917
1770200584.6273 0.0000 0.0000 0 8918
1770200584.6362 0.0000 0.0000 0 8919
1770200584.6435 0.0000 0.0000 0 8920
1770200584.6516 0.0000 0.0000 0 8921
1770200584.6599 0.0000 0.0310 0 8922
1770200584.6682 0.1460 0.1320 0 8923
1770200584.6762 0.2020 0.1810 0 8924
1770200584.6835 0.1930 0.1990 0 8925
1770200584.6917 0.1940 0.1900 0 8926
1770200584.6999 0.1910 0.1830 0 8927
1770200584.7080 0.1890 0.1750 0 8928
1770200584.7158 0.1930 0.1820 0 8929
1770200584.7236 0.1970 0.1960 0 8930
1770200584.7327 0.2040 0.2010 0 8931
1770200584.7396 0.2100 0.2100 0 8932
1770200584.7473 0.2110 0.2140 0 8933
1770200584.7562 0.2160 0.2190 0 8934
1770200584.7642 0.2260 0.2290 0 8935
1770200584.7718 0.2240 0.2310 0 8936
1770200584.7798 0.2230 0.2280 0 8937
1770200584.7877 0.2230 0.2250 0 8938
1770200584.7963 0.2290 0.2290 0 8939
1770200584.8041 0.2350 0.2380 0 8940
1770200584.8119 0.2370 0.2410 0 8941
1770200584.8197 0.2360 0.2440 0 8942
1770200584.8276 0.2350 0.2420 0 8943
1770200584.8353 0.2380 0.2420 0 8944
1770200584.8441 0.2410 0.2460 0 8945
1770200584.8519 0.2400 0.2450 0 8946
1770200584.8598 0.2430 0.2470 0 8947
1770200584.8676 0.2430 0.2430 0 8948
1770200584.8763 0.2490 0.2450 0 8949
1770200584.8843 0.2480 0.2450 0 8950
1770200584.8920 0.2470 0.2470 0 8951
1770200584.8998 0.2450 0.2460 0 8952
1770200584.9077 0.2460 0.2490 0 8953
1770200584.9164 0.2510 0.2520 0 8954
1770200584.9243 0.2470 0.2520 0 8955
1770200584.9314 0.2510 0.2520 0 8956
1770200584.9404 0.2470 0.2500 0 8957
1770200584.9474 0.2550 0.2510 0 8958
1770200584.9562 0.2570 0.2500 0 8959
1770200584.9640 0.2570 0.2500 0 8960
1770200584.9718 0.2530 0.2500 0 8961
1770200584.9797 0.2520 0.2520 0 8962
1770200584.9884 0.2530 0.2530 0 8963
1770200584.9962 0.2500 0.2500 0 8964
1770200585.0041 0.2520 0.2490 0 8965
1770200585.0117 0.2490 0.2500 0 8966
1770200585.0197 0.2540 0.2520 0 8967
1770200585.0275 0.2510 0.2520 0 8968
1770200585.0362 0.2520 0.2510 0 8969
1770200585.0441 0.2510 0.2510 0 8970
1770200585.0519 0.2530 0.2520 0 8971
1770200585.0597 0.2580 0.2540 0 8972
1770200585.0675 0.2540 0.2510 0 8973
1770200585.0764 0.2540 0.2520 0 8974
1770200585.0842 0.2500 0.2510 0 8975
1770200585.0920 0.2560 0.2530 0 8976
1770200585.0998 0.2550 0.2510 0 8977
1770200585.1075 0.2550 0.2500 0 8978
1770200585.1156 0.2510 0.2510 0 8979
1770200585.1238 0.2520 0.2530 0 8980
1770200585.1316 0.2550 0.2550 0 8981
1770200585.1396 0.2510 0.2510 0 8982
1770200585.1475 0.2510 0.2510 0 8983
1770200585.1563 0.2480 0.2510 0 8984
1770200585.1642 0.2550 0.2540 0 8985
1770200585.1720 0.2540 0.2510 0 8986
1770200585.1797 0.2530 0.2500 0 8987
1770200585.1875 0.2490 0.2490 0 8988
1770200585.1963 0.2510 0.2510 0 8989
1770200585.2040 0.2540 0.2530 0 8990
1770200585.2119 0.2510 0.2510 0 8991
1770200585.2198 0.2470 0.2510 0 8992
1770200585.2284 0.2420 0.2510 0 8993
1770200585.2363 0.2480 0.2520 0 8994
1770200585.2441 0.2510 0.2510 0 8995
1770200585.2517 0.2510 0.2500 0 8996
1770200585.2597 0.2480 0.2510 0 8997
1770200585.2678 0.2500 0.2520 0 8998
1770200585.2764 0.2540 0.2540 0 8999
1770200585.2844 0.2500 0.2510 0 9000
1770200585.2922 0.2510 0.2500 0 9001
1770200585.2999 0.2470 0.2510 0 9002
1770200585.3077 0.2520 0.2540 0 9003
1770200585.3156 0.2510 0.2510 0 9004
1770200585.3243 0.2500 0.2490 0 9005
1770200585.3321 0.2470 0.2480 0 9006
1770200585.3402 0.2500 0.2510 0 9007
1770200585.3479 0.2540 0.2520 0 9008
1770200585.3558 0.2520 0.2500 0 9009
1770200585.3636 0.2520 0.2500 0 9010
1770200585.3723 0.2470 0.2510 0 9011
1770200585.3802 0.2530 0.2530 0 9012
1770200585.3880 0.2530 0.2500 0 9013
1770200585.3956 0.2500 0.2480 0 9014
1770200585.4045 0.2470 0.2480 0 9015
1770200585.4123 0.2480 0.2510 0 9016
1770200585.4201 0.2510 0.2530 0 9017
1770200585.4278 0.2490 0.2500 0 9018
1770200585.4357 0.2500 0.2490 0 9019
1770200585.4444 0.2470 0.2500 0 9020
1770200585.4523 0.2540 0.2530 0 9021
1770200585.4601 0.2520 0.2500 0 9022
1770200585.4678 0.2530 0.2490 0 9023
1770200585.4756 0.2510 0.2480 0 9024
1770200585.4835 0.2510 0.2510 0 9025
1770200585.4922 0.2540 0.2520 0 9026
1770200585.5000 0.2500 0.2500 0 9027
1770200585.5079 0.2510 0.2500 0 9028
1770200585.5166 0.2480 0.2500 0 9029
1770200585.5245 0.2530 0.2510 0 9030
1770200585.5325 0.2520 0.2490 0 9031
1770200585.5404 0.2520 0.2490 0 9032
1770200585.5483 0.2490 0.2490 0 9033
1770200585.5561 0.2500 0.2520 0 9034
1770200585.5639 0.2550 0.2530 0 9035
1770200585.5716 0.2520 0.2500 0 9036
1770200585.5796 0.2530 0.2500 0 9037
1770200585.5883 0.2480 0.2490 0 9038
1770200585.5960 0.2540 0.2520 0 9039
1770200585.6038 0.2540 0.2500 0 9040
1770200585.6125 0.2550 0.2480 0 9041
1770200585.6205 0.2520 0.2480 0 9042
1770200585.6282 0.2510 0.2520 0 9043
1770200585.6359 0.2550 0.2530 0 9044
1770200585.6438 0.2520 0.2500 0 9045
1770200585.6516 0.2520 0.2480 0 9046
1770200585.6604 0.2470 0.2490 0 9047
1770200585.6682 0.2530 0.2510 0 9048
1770200585.6760 0.2530 0.2510 0 9049
1770200585.6838 0.2530 0.2490 0 9050
1770200585.6926 0.2490 0.2480 0 9051
1770200585.7004 0.2500 0.2500 0 9052
1770200585.7081 0.2530 0.2530 0 9053
1770200585.7159 0.2510 0.2500 0 9054
1770200585.7237 0.2520 0.2500 0 9055
1770200585.7325 0.2480 0.2490 0 9056
1770200585.7406 0.2520 0.2520 0 9057
1770200585.7483 0.2520 0.2510 0 9058
1770200585.7561 0.2520 0.2490 0 9059
1770200585.7638 0.2490 0.2480 0 9060
1770200585.7718 0.2490 0.2500 0 9061
1770200585.7806 0.2520 0.2530 0 9062
1770200585.7884 0.2490 0.2500 0 9063
1770200585.7962 0.2520 0.2510 0 9064
1770200585.8038 0.2470 0.2500 0 9065
1770200585.8116 0.2520 0.2520 0 9066
1770200585.8196 0.2510 0.2510 0 9067
1770200585.8282 0.2520 0.2490 0 9068
1770200585.8360 0.2490 0.2490 0 9069
1770200585.8439 0.2490 0.2510 0 9070
1770200585.8516 0.2530 0.2540 0 9071
1770200585.8605 0.2500 0.2510 0 9072
1770200585.8683 0.2520 0.2490 0 9073
1770200585.8759 0.2470 0.2500 0 9074
1770200585.8838 0.2510 0.2510 0 9075
1770200585.8916 0.2510 0.2500 0 9076
1770200585.9005 0.2530 0.2490 0 9077
1770200585.9084 0.2490 0.2480 0 9078
1770200585.9162 0.2480 0.2510 0 9079
1770200585.9238 0.2520 0.2540 0 9080
1770200585.9318 0.2500 0.2500 0 9081
1770200585.9399 0.2520 0.2490 0 9082
1770200585.9476 0.2470 0.2510 0 9083
1770200585.9566 0.2510 0.2510 0 9084
1770200585.9646 0.2520 0.2510 0 9085
1770200585.9724 0.2510 0.2480 0 9086
1770200585.9804 0.2490 0.2480 0 9087
1770200585.9881 0.2480 0.2500 0 9088
1770200585.9957 0.2520 0.2530 0 9089
1770200586.0046 0.2500 0.2490 0 9090
1770200586.0125 0.2520 0.2490 0 9091
1770200586.0203 0.2460 0.2500 0 9092
1770200586.0281 0.2510 0.2510 0 9093
1770200586.0359 0.2520 0.2500 0 9094
1770200586.0446 0.2520 0.2470 0 9095
1770200586.0525 0.2490 0.2480 0 9096
1770200586.0603 0.2490 0.2500 0 9097
1770200586.0680 0.2530 0.2540 0 9098
1770200586.0758 0.2500 0.2520 0 9099
1770200586.0837 0.2530 0.2500 0 9100
1770200586.0924 0.2460 0.2500 0 9101
1770200586.1003 0.2500 0.2510 0 9102
1770200586.1081 0.2510 0.2490 0 9103
1770200586.1158 0.2510 0.2480 0 9104
1770200586.1246 0.2490 0.2490 0 9105
1770200586.1326 0.2470 0.2500 0 9106
1770200586.1406 0.2510 0.2520 0 9107
1770200586.1477 0.2490 0.2510 0 9108
1770200586.1557 0.2500 0.2490 0 9109
1770200586.1646 0.2430 0.2510 0 9110
1770200586.1718 0.2490 0.2510 0 9111
1770200586.1801 0.2510 0.2520 0 9112
1770200586.1887 0.2390 0.2470 0 9113
1770200586.1965 0.2500 0.2490 0 9114
1770200586.2044 0.2520 0.2500 0 9115
1770200586.2122 0.2560 0.2520 0 9116
1770200586.2201 0.2530 0.2520 0 9117
1770200586.2278 0.2550 0.2490 0 9118
1770200586.2366 0.2480 0.2490 0 9119
1770200586.2444 0.2510 0.2510 0 9120
1770200586.2522 0.2510 0.2520 0 9121
1770200586.2600 0.2520 0.2480 0 9122
1770200586.2679 0.2490 0.2490 0 9123
1770200586.2767 0.2480 0.2510 0 9124
1770200586.2845 0.2520 0.2530 0 9125
1770200586.2923 0.2500 0.2510 0 9126
1770200586.3002 0.2510 0.2480 0 9127
1770200586.3078 0.2450 0.2490 0 9128
1770200586.3167 0.2510 0.2510 0 9129
1770200586.3245 0.2520 0.2530 0 9130
1770200586.3323 0.2540 0.2490 0 9131
1770200586.3404 0.2500 0.2490 0 9132
1770200586.3482 0.2470 0.2490 0 9133
1770200586.3559 0.2510 0.2510 0 9134
1770200586.3638 0.2510 0.2510 0 9135
1770200586.3727 0.2520 0.2490 0 9136
1770200586.3805 0.2460 0.2490 0 9137
1770200586.3883 0.2510 0.2500 0 9138
1770200586.3961 0.2520 0.2520 0 9139
1770200586.4037 0.2490 0.2470 0 9140
1770200586.4128 0.2470 0.2480 0 9141
1770200586.4207 0.2470 0.2490 0 9142
1770200586.4283 0.2520 0.2520 0 9143
1770200586.4363 0.2510 0.2520 0 9144
1770200586.4441 0.2520 0.2490 0 9145
1770200586.4519 0.2470 0.2490 0 9146
1770200586.4599 0.2510 0.2510 0 9147
1770200586.4678 0.2520 0.2520 0 9148
1770200586.4765 0.2520 0.2470 0 9149
1770200586.4843 0.2500 0.2470 0 9150
1770200586.4923 0.2480 0.2500 0 9151
1770200586.5001 0.2520 0.2500 0 9152
1770200586.5080 0.2510 0.2530 0 9153
1770200586.5160 0.2520 0.2490 0 9154
1770200586.5247 0.2460 0.2500 0 9155
1770200586.5328 0.2500 0.2500 0 9156
1770200586.5409 0.2520 0.2510 0 9157
1770200586.5478 0.2490 0.2480 0 9158
1770200586.5557 0.2510 0.2480 0 9159
1770200586.5647 0.2500 0.2510 0 9160
1770200586.5724 0.2530 0.2530 0 9161
1770200586.5803 0.2510 0.2520 0 9162
1770200586.5881 0.2530 0.2470 0 9163
1770200586.5968 0.2470 0.2490 0 9164
1770200586.6045 0.2500 0.2510 0 9165
1770200586.6128 0.2510 0.2540 0 9166
1770200586.6207 0.2440 0.2490 0 9167
1770200586.6287 0.2450 0.2480 0 9168
1770200586.6367 0.2450 0.2480 0 9169
1770200586.6443 0.2510 0.2530 0 9170
1770200586.6522 0.2500 0.2540 0 9171
1770200586.6601 0.2510 0.2500 0 9172
1770200586.6688 0.2470 0.2510 0 9173
1770200586.6766 0.2490 0.2490 0 9174
1770200586.6845 0.2510 0.2510 0 9175
1770200586.6921 0.2510 0.2490 0 9176
1770200586.7000 0.2480 0.2480 0 9177
1770200586.7079 0.2460 0.2490 0 9178
1770200586.7166 0.2500 0.2500 0 9179
1770200586.7243 0.2490 0.2500 0 9180
1770200586.7320 0.2510 0.2470 0 9181
1770200586.7409 0.2480 0.2490 0 9182
1770200586.7486 0.2500 0.2510 0 9183
1770200586.7566 0.2200 0.2390 0 9184
1770200586.7643 0.1630 0.2120 0 9185
1770200586.7721 0.0990 0.1910 0 9186
1770200586.7805 0.1460 0.1790 0 9187
1770200586.7888 0.1210 0.1710 0 9188
1770200586.7962 0.1150 0.1640 0 9189
1770200586.8044 0.1040 0.1620 0 9190
1770200586.8128 0.0920 0.1620 0 9191
1770200586.8200 0.0860 0.1600 0 9192
1770200586.8284 0.0910 0.1630 0 9193
1770200586.8368 0.0870 0.1660 0 9194
1770200586.8440 0.0800 0.1630 0 9195
1770200586.8522 0.0760 0.1610 0 9196
1770200586.8603 0.0670 0.1640 0 9197
1770200586.8685 0.0550 0.1580 0 9198
1770200586.8767 0.0580 0.1520 0 9199
1770200586.8848 0.0690 0.1580 0 9200
1770200586.8920 0.0750 0.1580 0 9201
1770200586.9003 0.0740 0.1590 0 9202
1770200586.9084 0.0700 0.1630 0 9203
1770200586.9166 0.0600 0.1620 0 9204
1770200586.9243 0.0500 0.1580 0 9205
1770200586.9322 0.0400 0.1540 0 9206
1770200586.9402 0.0350 0.1530 0 9207
1770200586.9480 0.0250 0.1560 0 9208
1770200586.9567 0.0220 0.1600 0 9209
1770200586.9646 0.0180 0.1600 0 9210
1770200586.9724 0.0170 0.1580 0 9211
1770200586.9802 0.0140 0.1530 0 9212
1770200586.9879 0.0130 0.1520 0 9213
1770200586.9968 0.0120 0.1530 0 9214
1770200587.0044 0.0110 0.1560 0 9215
1770200587.0124 0.0200 0.1590 0 9216
1770200587.0202 0.0320 0.1600 0 9217
1770200587.0289 0.0480 0.1570 0 9218
1770200587.0368 0.0510 0.1560 0 9219
1770200587.0445 0.0500 0.1570 0 9220
1770200587.0522 0.0570 0.1520 0 9221
1770200587.0611 0.0560 0.1520 0 9222
1770200587.0690 0.0530 0.1580 0 9223
1770200587.0766 0.0450 0.1570 0 9224
1770200587.0844 0.0490 0.1560 0 9225
1770200587.0923 0.0580 0.1580 0 9226
1770200587.1010 0.0590 0.1520 0 9227
1770200587.1089 0.0630 0.1480 0 9228
1770200587.1167 0.0710 0.1550 0 9229
1770200587.1243 0.0700 0.1580 0 9230
1770200587.1329 0.0670 0.1590 0 9231
1770200587.1408 0.0700 0.1570 0 9232
1770200587.1487 0.0700 0.1570 0 9233
1770200587.1565 0.0650 0.1540 0 9234
1770200587.1644 0.0580 0.1490 0 9235
1770200587.1732 0.0570 0.1510 0 9236
1770200587.1810 0.0530 0.1550 0 9237
1770200587.1888 0.0500 0.1560 0 9238
1770200587.1965 0.0420 0.1580 0 9239
1770200587.2043 0.0330 0.1590 0 9240
1770200587.2122 0.0300 0.1550 0 9241
1770200587.2209 0.0350 0.1500 0 9242
1770200587.2287 0.0440 0.1520 0 9243
1770200587.2366 0.0500 0.1540 0 9244
1770200587.2453 0.0490 0.1560 0 9245
1770200587.2531 0.0420 0.1590 0 9246
1770200587.2609 0.0440 0.1560 0 9247
1770200587.2688 0.0420 0.1560 0 9248
1770200587.2766 0.0440 0.1550 0 9249
1770200587.2844 0.0420 0.1480 0 9250
1770200587.2931 0.0350 0.1520 0 9251
1770200587.3010 0.0300 0.1590 0 9252
1770200587.3089 0.0270 0.1580 0 9253
1770200587.3166 0.0210 0.1560 0 9254
1770200587.3243 0.0180 0.1580 0 9255
1770200587.3325 0.0170 0.1530 0 9256
1770200587.3404 0.0140 0.1470 0 9257
1770200587.3484 0.0130 0.1540 0 9258
1770200587.3563 0.0120 0.1550 0 9259
1770200587.3651 0.0110 0.1540 0 9260
1770200587.3729 0.0100 0.1580 0 9261
1770200587.3807 0.0090 0.1570 0 9262
1770200587.3884 0.0370 0.1560 0 9263
1770200587.3962 0.0640 0.1540 0 9264
1770200587.4051 0.0780 0.1530 0 9265
1770200587.4129 0.0780 0.1550 0 9266
1770200587.4206 0.0770 0.1590 0 9267
1770200587.4285 0.0670 0.1590 0 9268
1770200587.4373 0.0590 0.1570 0 9269
1770200587.4450 0.0600 0.1550 0 9270
1770200587.4529 0.0610 0.1510 0 9271
1770200587.4606 0.0590 0.1490 0 9272
1770200587.4685 0.0580 0.1550 0 9273
1770200587.4763 0.0620 0.1580 0 9274
1770200587.4850 0.0610 0.1600 0 9275
1770200587.4929 0.0570 0.1580 0 9276
1770200587.5007 0.0470 0.1570 0 9277
1770200587.5084 0.0440 0.1550 0 9278
1770200587.5173 0.0520 0.1470 0 9279
1770200587.5251 0.0530 0.1520 0 9280
1770200587.5329 0.0500 0.1590 0 9281
1770200587.5410 0.0510 0.1570 0 9282
1770200587.5490 0.0600 0.1560 0 9283
1770200587.5568 0.0630 0.1590 0 9284
1770200587.5647 0.0610 0.1550 0 9285
1770200587.5727 0.0600 0.1490 0 9286
1770200587.5805 0.0660 0.1540 0 9287
1770200587.5883 0.0640 0.1540 0 9288
1770200587.5972 0.0550 0.1540 0 9289
1770200587.6048 0.0520 0.1590 0 9290
1770200587.6127 0.0500 0.1580 0 9291
1770200587.6205 0.0490 0.1550 0 9292
1770200587.6293 0.0440 0.1520 0 9293
1770200587.6371 0.0370 0.1500 0 9294
1770200587.6449 0.0320 0.1530 0 9295
1770200587.6526 0.0240 0.1590 0 9296
1770200587.6604 0.0210 0.1580 0 9297
1770200587.6683 0.0170 0.1550 0 9298
1770200587.6770 0.0160 0.1550 0 9299
1770200587.6848 0.0140 0.1530 0 9300
1770200587.6926 0.0130 0.1480 0 9301
1770200587.7003 0.0120 0.1540 0 9302
1770200587.7093 0.0100 0.1570 0 9303
1770200587.7171 0.0100 0.1580 0 9304
1770200587.7249 0.0100 0.1570 0 9305
1770200587.7328 0.0400 0.1570 0 9306
1770200587.7411 0.0600 0.1550 0 9307
1770200587.7489 0.0600 0.1510 0 9308
1770200587.7577 0.0590 0.1540 0 9309
1770200587.7657 0.0630 0.1580 0 9310
1770200587.7735 0.0630 0.1570 0 9311
1770200587.7811 0.0580 0.1570 0 9312
1770200587.7890 0.0580 0.1590 0 9313
1770200587.7968 0.0790 0.1540 0 9314
1770200587.8056 0.0830 0.1490 0 9315
1770200587.8134 0.0800 0.1510 0 9316
1770200587.8213 0.0730 0.1540 0 9317
1770200587.8290 0.0650 0.1560 0 9318
1770200587.8368 0.0490 0.1600 0 9319
1770200587.8457 0.0420 0.1580 0 9320
1770200587.8533 0.0340 0.1570 0 9321
1770200587.8612 0.0360 0.1550 0 9322
1770200587.8691 0.0470 0.1480 0 9323
1770200587.8778 0.0460 0.1510 0 9324
1770200587.8856 0.0480 0.1600 0 9325
1770200587.8934 0.0450 0.1590 0 9326
1770200587.9011 0.0540 0.1560 0 9327
1770200587.9090 0.0530 0.1580 0 9328
1770200587.9179 0.0530 0.1520 0 9329
1770200587.9255 0.0460 0.1460 0 9330
1770200587.9331 0.0430 0.1530 0 9331
1770200587.9416 0.0510 0.1550 0 9332
1770200587.9494 0.0530 0.1550 0 9333
1770200587.9576 0.0520 0.1590 0 9334
1770200587.9649 0.0530 0.1600 0 9335
1770200587.9738 0.0590 0.1560 0 9336
1770200587.9818 0.0600 0.1500 0 9337
1770200587.9890 0.0560 0.1510 0 9338
1770200587.9979 0.0550 0.1530 0 9339
1770200588.0048 0.0550 0.1580 0 9340
1770200588.0129 0.0550 0.1590 0 9341
1770200588.0208 0.0510 0.1590 0 9342
1770200588.0291 0.0430 0.1550 0 9343
1770200588.0370 0.0390 0.1510 0 9344
1770200588.0457 0.0380 0.1500 0 9345
1770200588.0536 0.0400 0.1550 0 9346
1770200588.0615 0.0400 0.1580 0 9347
1770200588.0693 0.0380 0.1620 0 9348
1770200588.0771 0.0330 0.1570 0 9349
1770200588.0850 0.0290 0.1560 0 9350
1770200588.0928 0.0230 0.1550 0 9351
1770200588.1015 0.0200 0.1480 0 9352
1770200588.1094 0.0170 0.1510 0 9353
1770200588.1171 0.0150 0.1580 0 9354
1770200588.1248 0.0140 0.1570 0 9355
1770200588.1329 0.0120 0.1570 0 9356
1770200588.1409 0.0110 0.1600 0 9357
1770200588.1489 0.0100 0.1510 0 9358
1770200588.1578 0.0100 0.1440 0 9359
1770200588.1655 0.0090 0.1520 0 9360
1770200588.1733 0.0380 0.1570 0 9361
1770200588.1811 0.0590 0.1590 0 9362
1770200588.1899 0.0650 0.1630 0 9363
1770200588.1977 0.0660 0.1590 0 9364
1770200588.2055 0.0720 0.1540 0 9365
1770200588.2132 0.0680 0.1500 0 9366
1770200588.2210 0.0630 0.1490 0 9367
1770200588.2299 0.0740 0.1520 0 9368
1770200588.2376 0.0790 0.1590 0 9369
1770200588.2453 0.0790 0.1590 0 9370
1770200588.2531 0.0780 0.1580 0 9371
1770200588.2618 0.0690 0.1560 0 9372
1770200588.2698 0.0550 0.1510 0 9373
1770200588.2776 0.0470 0.1470 0 9374
1770200588.2853 0.0340 0.1530 0 9375
1770200588.2932 0.0330 0.1570 0 9376
1770200588.3009 0.0420 0.1590 0 9377
1770200588.3097 0.0450 0.1570 0 9378
1770200588.3175 0.0470 0.1580 0 9379
1770200588.3253 0.0450 0.1570 0 9380
1770200588.3332 0.0480 0.1490 0 9381
1770200588.3413 0.0520 0.1510 0 9382
1770200588.3491 0.0530 0.1570 0 9383
1770200588.3578 0.0490 0.1560 0 9384
1770200588.3658 0.0420 0.1580 0 9385
1770200588.3736 0.0430 0.1620 0 9386
1770200588.3813 0.0480 0.1560 0 9387
1770200588.3891 0.0550 0.1500 0 9388
1770200588.3979 0.0550 0.1540 0 9389
1770200588.4056 0.0560 0.1560 0 9390
1770200588.4136 0.0630 0.1570 0 9391
1770200588.4213 0.0610 0.1600 0 9392
1770200588.4290 0.0540 0.1580 0 9393
1770200588.4378 0.0520 0.1550 0 9394
1770200588.4457 0.0540 0.1520 0 9395
1770200588.4534 0.0530 0.1490 0 9396
1770200588.4612 0.0500 0.1520 0 9397
1770200588.4691 0.0460 0.1590 0 9398
1770200588.4777 0.0440 0.1590 0 9399
1770200588.4856 0.0440 0.1550 0 9400
1770200588.4935 0.0440 0.1550 0 9401
1770200588.5011 0.0410 0.1520 0 9402
1770200588.5089 0.0350 0.1470 0 9403
1770200588.5178 0.0300 0.1520 0 9404
1770200588.5255 0.0250 0.1550 0 9405
1770200588.5335 0.0200 0.1550 0 9406
1770200588.5416 0.0190 0.1580 0 9407
1770200588.5494 0.0150 0.1600 0 9408
1770200588.5571 0.0140 0.1580 0 9409
1770200588.5651 0.0130 0.1500 0 9410
1770200588.5738 0.0110 0.1510 0 9411
1770200588.5817 0.0110 0.1540 0 9412
1770200588.5896 0.0100 0.1570 0 9413
1770200588.5971 0.0090 0.1590 0 9414
1770200588.6060 0.0090 0.1620 0 9415
1770200588.6140 0.0080 0.1550 0 9416
1770200588.6216 0.0340 0.1470 0 9417
1770200588.6294 0.0520 0.1480 0 9418
1770200588.6372 0.0690 0.1530 0 9419
1770200588.6460 0.0650 0.1580 0 9420
1770200588.6538 0.0700 0.1630 0 9421
1770200588.6616 0.0710 0.1590 0 9422
1770200588.6694 0.0640 0.1560 0 9423
1770200588.6771 0.0700 0.1540 0 9424
1770200588.6861 0.0810 0.1470 0 9425
1770200588.6938 0.0810 0.1520 0 9426
1770200588.7015 0.0810 0.1600 0 9427
1770200588.7095 0.0740 0.1590 0 9428
1770200588.7171 0.0600 0.1570 0 9429
1770200588.7260 0.0480 0.1580 0 9430
1770200588.7332 0.0460 0.1530 0 9431
1770200588.7416 0.0480 0.1450 0 9432
1770200588.7498 0.0520 0.1520 0 9433
1770200588.7577 0.0500 0.1560 0 9434
1770200588.7656 0.0490 0.1580 0 9435
1770200588.7734 0.0550 0.1600 0 9436
1770200588.7813 0.0550 0.1590 0 9437
1770200588.7890 0.0540 0.1550 0 9438
1770200588.7978 0.0480 0.1490 0 9439
1770200588.8057 0.0440 0.1510 0 9440
1770200588.8135 0.0510 0.1550 0 9441
1770200588.8213 0.0530 0.1590 0 9442
1770200588.8292 0.0530 0.1610 0 9443
1770200588.8378 0.0530 0.1580 0 9444
1770200588.8457 0.0550 0.1530 0 9445
1770200588.8536 0.0580 0.1490 0 9446
1770200588.8613 0.0520 0.1490 0 9447
1770200588.8692 0.0480 0.1540 0 9448
1770200588.8780 0.0460 0.1570 0 9449
1770200588.8859 0.0490 0.1580 0 9450
1770200588.8937 0.0520 0.1570 0 9451
1770200588.9015 0.0480 0.1570 0 9452
1770200588.9092 0.0420 0.1560 0 9453
1770200588.9181 0.0370 0.1490 0 9454
1770200588.9260 0.0360 0.1520 0 9455
1770200588.9339 0.0380 0.1580 0 9456
1770200588.9412 0.0370 0.1580 0 9457
1770200588.9501 0.0370 0.1570 0 9458
1770200588.9576 0.0330 0.1600 0 9459
1770200588.9656 0.0290 0.1530 0 9460
1770200588.9735 0.0250 0.1460 0 9461
1770200588.9811 0.0200 0.1520 0 9462
1770200588.9901 0.0180 0.1550 0 9463
1770200588.9977 0.0150 0.1560 0 9464
1770200589.0055 0.0140 0.1610 0 9465
1770200589.0134 0.0130 0.1580 0 9466
1770200589.0212 0.0110 0.1550 0 9467
1770200589.0300 0.0110 0.1510 0 9468
1770200589.0378 0.0100 0.1470 0 9469
1770200589.0457 0.0090 0.1510 0 9470
1770200589.0534 0.0090 0.1580 0 9471
1770200589.0612 0.0180 0.1580 0 9472
1770200589.0702 0.0480 0.1570 0 9473
1770200589.0778 0.0630 0.1570 0 9474
1770200589.0858 0.0680 0.1530 0 9475
1770200589.0935 0.0710 0.1480 0 9476
1770200589.1013 0.0750 0.1520 0 9477
1770200589.1092 0.0690 0.1560 0 9478
1770200589.1181 0.0720 0.1580 0 9479
1770200589.1258 0.0810 0.1580 0 9480
1770200589.1338 0.0820 0.1590 0 9481
1770200589.1415 0.0810 0.1560 0 9482
1770200589.1494 0.0750 0.1500 0 9483
1770200589.1572 0.0620 0.1520 0 9484
1770200589.1654 0.0500 0.1560 0 9485
1770200589.1742 0.0450 0.1580 0 9486
1770200589.1812 0.0510 0.1590 0 9487
1770200589.1902 0.0520 0.1610 0 9488
1770200589.1978 0.0520 0.1540 0 9489
1770200589.2062 0.0480 0.1470 0 9490
1770200589.2142 0.0500 0.1490 0 9491
1770200589.2221 0.0550 0.1530 0 9492
1770200589.2300 0.0540 0.1580 0 9493
1770200589.2379 0.0470 0.1630 0 9494
1770200589.2456 0.0400 0.1580 0 9495
1770200589.2534 0.0380 0.1560 0 9496
1770200589.2613 0.0490 0.1540 0 9497
1770200589.2702 0.0520 0.1480 0 9498
1770200589.2780 0.0540 0.1510 0 9499
1770200589.2859 0.0550 0.1610 0 9500
1770200589.2935 0.0610 0.1610 0 9501
1770200589.3014 0.0590 0.1580 0 9502
1770200589.3094 0.0540 0.1590 0 9503
1770200589.3181 0.0470 0.1510 0 9504
1770200589.3259 0.0500 0.1440 0 9505
1770200589.3339 0.0490 0.1510 0 9506
1770200589.3418 0.0480 0.1550 0 9507
1770200589.3497 0.0450 0.1570 0 9508
1770200589.3575 0.0380 0.1600 0 9509
1770200589.3652 0.0340 0.1590 0 9510
1770200589.3741 0.0360 0.1550 0 9511
1770200589.3821 0.0380 0.1490 0 9512
1770200589.3898 0.0380 0.1510 0 9513
1770200589.3975 0.0370 0.1550 0 9514
1770200589.4054 0.0310 0.1580 0 9515
1770200589.4142 0.0280 0.1600 0 9516
1770200589.4221 0.0210 0.1580 0 9517
1770200589.4299 0.0190 0.1530 0 9518
1770200589.4376 0.0170 0.1510 0 9519
1770200589.4455 0.0140 0.1490 0 9520
1770200589.4533 0.0140 0.1530 0 9521
1770200589.4621 0.0120 0.1570 0 9522
1770200589.4700 0.0110 0.1610 0 9523
1770200589.4777 0.0100 0.1590 0 9524
1770200589.4855 0.0090 0.1580 0 9525
1770200589.4933 0.0090 0.1570 0 9526
1770200589.5023 0.0080 0.1490 0 9527
1770200589.5100 0.0360 0.1500 0 9528
1770200589.5178 0.0620 0.1570 0 9529
1770200589.5256 0.0710 0.1570 0 9530
1770200589.5334 0.0720 0.1580 0 9531
1770200589.5416 0.0750 0.1620 0 9532
1770200589.5495 0.0720 0.1540 0 9533
1770200589.5582 0.0670 0.1450 0 9534
1770200589.5661 0.0780 0.1500 0 9535
1770200589.5739 0.0820 0.1530 0 9536
1770200589.5817 0.0810 0.1550 0 9537
1770200589.5896 0.0770 0.1610 0 9538
1770200589.5983 0.0670 0.1600 0 9539
1770200589.6061 0.0540 0.1570 0 9540
1770200589.6140 0.0460 0.1520 0 9541
1770200589.6219 0.0500 0.1480 0 9542
1770200589.6296 0.0520 0.1510 0 9543
1770200589.6374 0.0530 0.1590 0 9544
1770200589.6453 0.0490 0.1610 0 9545
1770200589.6540 0.0510 0.1590 0 9546
1770200589.6619 0.0550 0.1570 0 9547
1770200589.6699 0.0570 0.1510 0 9548
1770200589.6774 0.0490 0.1470 0 9549
1770200589.6854 0.0460 0.1520 0 9550
1770200589.6942 0.0470 0.1560 0 9551
1770200589.7019 0.0540 0.1590 0 9552
1770200589.7099 0.0530 0.1580 0 9553
1770200589.7177 0.0520 0.1580 0 9554
1770200589.7253 0.0550 0.1570 0 9555
1770200589.7334 0.0570 0.1480 0 9556
1770200589.7414 0.0550 0.1510 0 9557
1770200589.7503 0.0480 0.1570 0 9558
1770200589.7582 0.0410 0.1570 0 9559
1770200589.7664 0.0380 0.1590 0 9560
1770200589.7741 0.0400 0.1610 0 9561
1770200589.7821 0.0390 0.1540 0 9562
1770200589.7900 0.0390 0.1460 0 9563
1770200589.7976 0.0350 0.1500 0 9564
1770200589.8057 0.0310 0.1520 0 9565
1770200589.8136 0.0230 0.1550 0 9566
1770200589.8214 0.0210 0.1630 0 9567
1770200589.8303 0.0170 0.1580 0 9568
1770200589.8384 0.0160 0.1560 0 9569
1770200589.8462 0.0140 0.1540 0 9570
1770200589.8540 0.0130 0.1490 0 9571
1770200589.8620 0.0120 0.1520 0 9572
1770200589.8698 0.0110 0.1600 0 9573
1770200589.8777 0.0100 0.1580 0 9574
1770200589.8857 0.0090 0.1570 0 9575
1770200589.8944 0.0090 0.1590 0 9576
1770200589.9023 0.0080 0.1520 0 9577
1770200589.9103 0.0310 0.1440 0 9578
1770200589.9181 0.0410 0.1500 0 9579
1770200589.9260 0.0590 0.1550 0 9580
1770200589.9334 0.0590 0.1580 0 9581
1770200589.9416 0.0690 0.1600 0 9582
1770200589.9501 0.0750 0.1590 0 9583
1770200589.9576 0.0740 0.1340 0 9584
1770200589.9661 0.0690 0.1110 0 9585
1770200589.9736 0.0610 0.0870 0 9586
1770200589.9822 0.0220 0.0660 0 9587
1770200589.9895 0.0260 0.0600 0 9588
1770200589.9980 0.0240 0.0530 0 9589
1770200590.0055 0.0160 0.0440 0 9590
1770200590.0136 0.0070 0.0350 0 9591
1770200590.0219 0.0070 0.0270 0 9592
1770200590.0301 0.0070 0.0230 0 9593
1770200590.0382 0.0070 0.0190 0 9594
1770200590.0455 0.0070 0.0170 0 9595
1770200590.0537 0.0070 0.0150 0 9596
1770200590.0619 0.0070 0.0130 0 9597
1770200590.0702 0.0070 0.0120 0 9598
1770200590.0775 0.0070 0.0110 0 9599
1770200590.0857 0.0070 0.0100 0 9600
1770200590.0939 0.0070 0.0100 0 9601
1770200590.1021 0.0050 0.0090 0 9602
1770200590.1098 0.0040 0.0080 0 9603
1770200590.1176 0.0040 0.0080 0 9604
1770200590.1255 0.0040 0.0070 0 9605
1770200590.1343 0.0040 0.0070 0 9606
1770200590.1425 0.0040 0.0070 0 9607
1770200590.1503 0.0040 0.0060 0 9608
1770200590.1581 0.0040 0.0060 0 9609
1770200590.1662 0.0040 0.0060 0 9610
1770200590.1741 0.0040 0.0060 0 9611
1770200590.1819 0.0040 0.0050 0 9612
1770200590.1897 0.0040 0.0050 0 9613
1770200590.1975 0.0040 0.0050 0 9614
1770200590.2063 0.0040 0.0050 0 9615
1770200590.2142 0.0030 0.0050 0 9616
1770200590.2220 0.0030 0.0040 0 9617
1770200590.2297 0.0030 0.0040 0 9618
1770200590.2375 0.0030 0.0040 0 9619
1770200590.2464 0.0030 0.0040 0 9620
1770200590.2540 0.0030 0.0040 0 9621
1770200590.2619 0.0030 0.0040 0 9622
1770200590.2698 0.0020 0.0040 0 9623
1770200590.2775 0.0020 0.0040 0 9624
1770200590.2865 0.0020 0.0040 0 9625
1770200590.2943 0.0020 0.0030 0 9626
1770200590.3020 0.0020 0.0030 0 9627
1770200590.3098 0.0020 0.0030 0 9628
1770200590.3177 0.0020 0.0030 0 9629
1770200590.3255 0.0020 0.0030 0 9630
1770200590.3338 0.0020 0.0030 0 9631
1770200590.3420 0.0020 0.0030 0 9632
1770200590.3496 0.0020 0.0030 0 9633
1770200590.3586 0.0020 0.0030 0 9634
1770200590.3665 0.0020 0.0030 0 9635
1770200590.3742 0.0020 0.0030 0 9636
1770200590.3821 0.0020 0.0030 0 9637
1770200590.3899 0.0020 0.0030 0 9638
1770200590.3986 0.0020 0.0030 0 9639
1770200590.4065 0.0020 0.0030 0 9640
1770200590.4143 0.0020 0.0020 0 9641
1770200590.4220 0.0020 0.0020 0 9642
1770200590.4298 0.0020 0.0020 0 9643
1770200590.4376 0.0020 0.0020 0 9644
1770200590.4463 0.0020 0.0020 0 9645
1770200590.4541 0.0010 0.0020 0 9646
1770200590.4621 0.0000 0.0020 0 9647
1770200590.4698 0.0000 0.0020 0 9648
1770200590.4786 0.0000 0.0010 0 9649
1770200590.4864 0.0000 0.0000 0 9650
1770200590.4941 0.0000 0.0000 0 9651
1770200590.5020 -0.0000 0.0000 0 9652
1770200590.5098 -0.0010 0.0000 0 9653
1770200590.5185 -0.0010 0.0000 0 9654
1770200590.5263 -0.0010 0.0000 0 9655
1770200590.5344 -0.0010 0.0000 0 9656
1770200590.5424 -0.0010 0.0000 0 9657
1770200590.5502 -0.0010 0.0000 0 9658
1770200590.5584 -0.0010 0.0000 0 9659
1770200590.5663 -0.0010 0.0000 0 9660
1770200590.5743 -0.0010 0.0000 0 9661
1770200590.5823 -0.0010 0.0000 0 9662
1770200590.5900 -0.0010 0.0000 0 9663
1770200590.5979 -0.0010 0.0000 0 9664
1770200590.6058 -0.0010 0.0000 0 9665
1770200590.6136 -0.0010 0.0000 0 9666
1770200590.6225 -0.0010 0.0000 0 9667
1770200590.6304 -0.0010 0.0000 0 9668
1770200590.6383 -0.0010 0.0000 0 9669
1770200590.6460 -0.0010 0.0000 0 9670
1770200590.6540 -0.0010 0.0000 0 9671
1770200590.6618 -0.0010 0.0000 0 9672
1770200590.6696 -0.0010 0.0000 0 9673
1770200590.6785 -0.0010 0.0000 0 9674
1770200590.6861 -0.0010 0.0000 0 9675
1770200590.6940 -0.0010 0.0000 0 9676
1770200590.7019 -0.0010 0.0000 0 9677
1770200590.7106 -0.0010 0.0000 0 9678
1770200590.7184 -0.0010 0.0000 0 9679
1770200590.7263 -0.0010 0.0000 0 9680
1770200590.7343 -0.0010 0.0000 0 9681
1770200590.7423 -0.0010 0.0000 0 9682
1770200590.7501 -0.0010 0.0000 0 9683
1770200590.7578 -0.0010 0.0000 0 9684
1770200590.7658 0.0000 0.0000 0 9685
1770200590.7737 0.0000 0.0000 0 9686
1770200590.7825 0.0000 0.0000 0 9687
1770200590.7903 0.0000 0.0000 0 9688
1770200590.7980 0.0000 0.0000 0 9689
1770200590.8058 0.0000 0.0000 0 9690
1770200590.8146 0.0000 0.0000 0 9691
1770200590.8225 0.0000 0.0000 0 9692
1770200590.8301 0.0000 0.0000 0 9693
1770200590.8379 0.0000 0.0000 0 9694
1770200590.8457 0.0000 0.0000 0 9695
1770200590.8544 0.0000 0.0000 0 9696
1770200590.8623 0.0000 0.0000 0 9697
1770200590.8702 0.0000 0.0000 0 9698
1770200590.8778 0.0000 0.0000 0 9699
1770200590.8866 0.0000 0.0000 0 9700
1770200590.8945 0.0000 0.0000 0 9701
1770200590.9021 0.0000 0.0000 0 9702
1770200590.9099 0.0000 0.0000 0 9703
1770200590.9188 0.0000 0.0000 0 9704
1770200590.9264 0.0000 0.0000 0 9705
1770200590.9345 0.0000 0.0000 0 9706
1770200590.9427 0.0000 0.0000 0 9707
1770200590.9503 0.0000 0.0000 0 9708
1770200590.9582 0.0000 0.0000 0 9709
1770200590.9660 0.0000 0.0000 0 9710
1770200590.9737 0.0000 0.0000 0 9711
1770200590.9826 0.0000 0.0000 0 9712
1770200590.9904 0.0000 0.0000 0 9713
1770200590.9981 0.0000 0.0000 0 9714
1770200591.0059 0.0000 0.0000 0 9715
1770200591.0138 0.0000 0.0000 0 9716
1770200591.0225 0.0000 0.0000 0 9717
1770200591.0303 0.0000 0.0000 0 9718
1770200591.0382 0.0000 0.0000 0 9719
1770200591.0457 0.0000 0.0000 0 9720
1770200591.0547 0.0000 0.0000 0 9721
1770200591.0621 0.0000 0.0000 0 9722
1770200591.0699 0.0000 0.0000 0 9723
1770200591.0777 0.0000 0.0000 0 9724
1770200591.0859 0.0000 0.0000 0 9725
1770200591.0947 0.0000 0.0000 0 9726
1770200591.1027 0.0000 0.0000 0 9727
1770200591.1107 0.0000 0.0000 0 9728
1770200591.1184 0.0000 0.0000 0 9729
1770200591.1264 0.0000 0.0000 0 9730
1770200591.1341 0.0000 0.0000 0 9731
1770200591.1419 0.0000 0.0000 0 9732
1770200591.1497 0.0000 0.0000 0 9733
1770200591.1587 0.0000 0.0000 0 9734
1770200591.1665 0.0000 0.0000 0 9735
1770200591.1743 0.0000 0.0000 0 9736
1770200591.1822 0.0000 0.0000 0 9737
1770200591.1898 0.0000 0.0000 0 9738
1770200591.1987 0.0000 0.0000 0 9739
1770200591.2065 0.0000 0.0000 0 9740
1770200591.2143 0.0000 0.0000 0 9741
1770200591.2221 0.0000 0.0000 0 9742
1770200591.2300 0.0000 0.0000 0 9743
1770200591.2387 0.0000 0.0000 0 9744
1770200591.2464 0.0000 0.0000 0 9745
1770200591.2543 0.0000 0.0000 0 9746
1770200591.2621 0.0000 0.0000 0 9747
1770200591.2701 0.0000 0.0000 0 9748
1770200591.2779 0.0000 0.0000 0 9749
1770200591.2867 0.0000 0.0000 0 9750
1770200591.2946 0.0000 0.0000 0 9751
1770200591.3024 0.0000 0.0000 0 9752
1770200591.3101 0.0000 0.0000 0 9753
1770200591.3180 0.0000 0.0000 0 9754
1770200591.3258 0.0000 0.0000 0 9755
1770200591.3345 0.0000 0.0000 0 9756
1770200591.3428 0.0000 0.0000 0 9757
1770200591.3503 0.0000 0.0000 0 9758
1770200591.3581 0.0000 0.0000 0 9759
1770200591.3660 0.0000 0.0000 0 9760
1770200591.3738 0.0000 0.0000 0 9761
1770200591.3826 0.0000 0.0000 0 9762
1770200591.3904 0.0000 0.0000 0 9763
1770200591.3982 0.0000 0.0000 0 9764
1770200591.4059 0.0000 0.0000 0 9765
1770200591.4138 0.0000 0.0000 0 9766
1770200591.4227 0.0000 0.0000 0 9767
1770200591.4303 0.0000 0.0000 0 9768
1770200591.4382 0.0000 0.0000 0 9769
1770200591.4459 0.0000 0.0000 0 9770
1770200591.4547 0.0000 0.0000 0 9771
1770200591.4626 0.0000 0.0000 0 9772
1770200591.4703 0.0000 0.0000 0 9773
1770200591.4779 0.0000 0.0000 0 9774
1770200591.4868 0.0000 0.0000 0 9775
1770200591.4946 0.0000 0.0000 0 9776
1770200591.5023 0.0000 0.0000 0 9777
1770200591.5101 0.0000 0.0000 0 9778
1770200591.5189 0.0000 0.0000 0 9779
1770200591.5265 0.0000 0.0000 0 9780
1770200591.5350 0.0000 0.0000 0 9781
1770200591.5423 0.0000 0.0000 0 9782
1770200591.5500 0.0000 0.0000 0 9783
1770200591.5582 0.0000 0.0000 0 9784
1770200591.5663 0.0000 0.0000 0 9785
1770200591.5751 0.0000 0.0000 0 9786
1770200591.5833 0.0000 0.0000 0 9787
1770200591.5911 0.0000 0.0000 0 9788
1770200591.5989 0.0000 0.0000 0 9789
1770200591.6068 0.0000 0.0000 0 9790
1770200591.6152 0.0000 0.0000 0 9791
1770200591.6229 0.0000 0.0000 0 9792
1770200591.6309 0.0000 0.0000 0 9793
1770200591.6389 0.0000 0.0000 0 9794
1770200591.6466 0.0000 0.0000 0 9795
1770200591.6555 0.0000 0.0000 0 9796
1770200591.6627 0.0000 0.0000 0 9797
1770200591.6705 0.0000 0.0000 0 9798
1770200591.6796 0.0000 0.0000 0 9799
1770200591.6874 0.0000 0.0000 0 9800
1770200591.6951 0.0000 0.0000 0 9801
1770200591.7030 0.0000 0.0000 0 9802
1770200591.7108 0.0000 0.0000 0 9803
1770200591.7186 0.0000 0.0000 0 9804
1770200591.7275 0.0000 0.0000 0 9805
1770200591.7346 0.0000 0.0000 0 9806
1770200591.7435 0.0000 0.0000 0 9807
1770200591.7514 0.0000 0.0000 0 9808
1770200591.7593 0.0000 0.0000 0 9809
1770200591.7670 0.0000 0.0000 0 9810
1770200591.7748 0.0000 0.0000 0 9811
1770200591.7828 0.0000 0.0000 0 9812
1770200591.7915 0.0000 0.0000 0 9813
1770200591.7993 0.0000 0.0000 0 9814
1770200591.8071 0.0000 0.0000 0 9815
1770200591.8149 0.0000 0.0000 0 9816
1770200591.8228 0.0000 0.0000 0 9817
1770200591.8316 0.0000 0.0000 0 9818
1770200591.8393 0.0000 0.0000 0 9819
1770200591.8471 0.0000 0.0000 0 9820
1770200591.8550 0.0000 0.0000 0 9821
1770200591.8627 0.0000 0.0000 0 9822
1770200591.8716 0.0000 0.0000 0 9823
1770200591.8795 0.0000 0.0000 0 9824
1770200591.8871 0.0000 0.0000 0 9825
1770200591.8950 0.0000 0.0000 0 9826
1770200591.9028 0.0000 0.0000 0 9827
1770200591.9116 0.0000 0.0000 0 9828
1770200591.9195 0.0000 0.0000 0 9829
1770200591.9272 0.0000 0.0000 0 9830
1770200591.9354 0.0000 0.0000 0 9831
1770200591.9436 0.0000 0.0000 0 9832
1770200591.9514 0.0000 0.0000 0 9833
1770200591.9592 0.0000 0.0000 0 9834
1770200591.9670 0.0000 0.0000 0 9835
1770200591.9748 0.0000 0.0000 0 9836
1770200591.9836 0.0000 0.0000 0 9837
1770200591.9914 0.0000 0.0000 0 9838
1770200591.9992 0.0000 0.0000 0 9839
1770200592.0069 0.0000 0.0000 0 9840
1770200592.0148 0.0000 0.0000 0 9841
1770200592.0227 0.0000 0.0000 0 9842
1770200592.0314 0.0000 0.0000 0 9843
1770200592.0392 0.0000 0.0000 0 9844
1770200592.0470 0.0000 0.0000 0 9845
1770200592.0547 0.0000 0.0000 0 9846
1770200592.0637 0.0000 0.0000 0 9847
1770200592.0716 0.0000 0.0000 0 9848
1770200592.0794 0.0000 0.0000 0 9849
1770200592.0873 0.0000 0.0000 0 9850
1770200592.0953 0.0000 0.0000 0 9851
1770200592.1031 0.0000 0.0000 0 9852
1770200592.1110 0.0000 0.0000 0 9853
1770200592.1190 0.0000 0.0000 0 9854
1770200592.1276 0.0000 0.0000 0 9855
1770200592.1357 0.0000 0.0000 0 9856
1770200592.1439 0.0000 0.0000 0 9857
1770200592.1516 0.0000 0.0000 0 9858
1770200592.1596 0.0000 0.0000 0 9859
1770200592.1673 0.0000 0.0000 0 9860
1770200592.1751 0.0000 0.0000 0 9861
1770200592.1829 0.0000 0.0000 0 9862
1770200592.1908 0.0000 0.0000 0 9863
1770200592.1995 0.0000 0.0000 0 9864
1770200592.2073 0.0000 0.0000 0 9865
1770200592.2152 0.0000 0.0000 0 9866
1770200592.2229 0.0000 0.0000 0 9867
1770200592.2318 0.0000 0.0000 0 9868
1770200592.2397 0.0000 0.0000 0 9869
1770200592.2473 0.0000 0.0000 0 9870
1770200592.2551 0.0000 0.0000 0 9871
1770200592.2630 0.0000 0.0000 0 9872
1770200592.2708 0.0000 0.0000 0 9873
1770200592.2797 0.0000 0.0000 0 9874
1770200592.2876 0.0000 0.0000 0 9875
1770200592.2953 0.0000 0.0000 0 9876
1770200592.3030 0.0000 0.0000 0 9877
1770200592.3110 0.0000 0.0000 0 9878
1770200592.3189 0.0000 0.0000 0 9879
1770200592.3276 0.0000 0.0000 0 9880
1770200592.3356 0.0000 0.0000 0 9881
1770200592.3436 0.0000 0.0000 0 9882
1770200592.3515 0.0000 0.0000 0 9883
1770200592.3595 0.0000 0.0000 0 9884
1770200592.3673 0.0000 0.0000 0 9885
1770200592.3753 0.0000 0.0000 0 9886
1770200592.3833 0.0000 0.0000 0 9887
1770200592.3911 0.0000 0.0000 0 9888
1770200592.3991 0.0000 0.0000 0 9889
1770200592.4069 0.0000 0.0000 0 9890
1770200592.4148 0.0000 0.0000 0 9891
1770200592.4238 0.0000 0.0000 0 9892
1770200592.4317 0.0000 0.0000 0 9893
1770200592.4396 0.0000 0.0000 0 9894
1770200592.4473 0.0000 0.0000 0 9895
1770200592.4553 0.0000 0.0000 0 9896
1770200592.4631 0.0000 0.0000 0 9897
1770200592.4709 0.0000 0.0000 0 9898
1770200592.4789 0.0000 0.0000 0 9899
1770200592.4877 0.0000 0.0000 0 9900
1770200592.4956 0.0000 0.0000 0 9901
1770200592.5035 0.0000 0.0000 0 9902
1770200592.5114 0.0000 0.0000 0 9903
1770200592.5194 0.0000 0.0000 0 9904
1770200592.5271 0.0000 0.0000 0 9905
1770200592.5351 0.0000 0.0000 0 9906
1770200592.5430 0.0000 0.0000 0 9907
1770200592.5510 0.0000 0.0000 0 9908
1770200592.5598 0.0000 0.0000 0 9909
1770200592.5676 0.0000 0.0000 0 9910
1770200592.5755 0.0000 0.0000 0 9911
1770200592.5832 0.0000 0.0000 0 9912
1770200592.5910 0.0000 0.0000 0 9913
1770200592.5989 0.0000 0.0000 0 9914
1770200592.6076 0.0000 0.0000 0 9915
1770200592.6155 0.0000 0.0000 0 9916
1770200592.6233 0.0000 0.0000 0 9917
1770200592.6310 0.0000 0.0000 0 9918
1770200592.6399 0.0000 0.0000 0 9919
1770200592.6476 0.0000 0.0000 0 9920
1770200592.6553 0.0000 0.0000 0 9921
1770200592.6632 0.0000 0.0000 0 9922
1770200592.6711 0.0000 0.0000 0 9923
1770200592.6798 0.0000 0.0000 0 9924
1770200592.6876 0.0000 0.0000 0 9925
1770200592.6954 0.0000 0.0000 0 9926
1770200592.7031 0.0000 0.0000 0 9927
1770200592.7110 0.0000 0.0000 0 9928
1770200592.7199 0.0000 0.0000 0 9929
1770200592.7278 0.0000 0.0000 0 9930
1770200592.7357 0.0000 0.0000 0 9931
1770200592.7438 0.0000 0.0000 0 9932
1770200592.7518 0.0000 0.0000 0 9933
1770200592.7592 0.0000 0.0000 0 9934
1770200592.7674 0.0000 0.0000 0 9935
1770200592.7757 0.0000 0.0000 0 9936
1770200592.7829 0.0000 0.0000 0 9937
1770200592.7912 0.0000 0.0000 0 9938
1770200592.7992 0.0000 0.0000 0 9939
1770200592.8071 0.0000 0.0000 0 9940
1770200592.8152 0.0000 0.0000 0 9941
1770200592.8230 0.0000 0.0000 0 9942
1770200592.8313 0.0000 0.0000 0 9943
1770200592.8395 0.0000 0.0000 0 9944
1770200592.8473 0.0000 0.0000 0 9945
1770200592.8554 0.0000 0.0000 0 9946
1770200592.8636 0.0000 0.0000 0 9947
1770200592.8715 0.0000 0.0000 0 9948
1770200592.8795 0.0000 0.0000 0 9949
1770200592.8873 0.0000 0.0000 0 9950
1770200592.8951 0.0000 0.0000 0 9951
1770200592.9030 0.0000 0.0000 0 9952
1770200592.9110 0.0000 0.0000 0 9953
1770200592.9199 0.0000 0.0000 0 9954
1770200592.9276 0.0000 0.0000 0 9955
1770200592.9357 0.0000 0.0000 0 9956
1770200592.9435 0.0000 0.0000 0 9957
1770200592.9515 0.0000 0.0000 0 9958
1770200592.9594 0.0000 0.0000 0 9959
1770200592.9670 0.0000 0.0000 0 9960
1770200592.9759 0.0000 0.0000 0 9961
1770200592.9838 0.0000 0.0000 0 9962
1770200592.9915 0.0000 0.0000 0 9963
1770200592.9993 0.0000 0.0000 0 9964
1770200593.0072 0.0000 0.0000 0 9965
1770200593.0150 0.0000 0.0000 0 9966
1770200593.0238 0.0000 0.0000 0 9967
1770200593.0316 0.0000 0.0000 0 9968
1770200593.0393 0.0000 0.0000 0 9969
1770200593.0472 0.0000 0.0000 0 9970
1770200593.0550 0.0000 0.0000 0 9971
1770200593.0638 0.0000 0.0000 0 9972
1770200593.0717 0.0000 0.0000 0 9973
1770200593.0795 0.0000 0.0000 0 9974
1770200593.0871 0.0000 0.0000 0 9975
1770200593.0960 0.0000 0.0000 0 9976
1770200593.1038 0.0000 0.0000 0 9977
1770200593.1116 0.0000 0.0000 0 9978
1770200593.1195 0.0000 0.0000 0 9979
1770200593.1273 0.0000 0.0000 0 9980
1770200593.1356 0.0000 0.0000 0 9981
1770200593.1436 0.0000 0.0000 0 9982
1770200593.1516 0.0000 0.0000 0 9983
1770200593.1593 0.0000 0.0000 0 9984
1770200593.1672 0.0000 0.0000 0 9985
1770200593.1751 0.0000 0.0000 0 9986
1770200593.1838 0.0000 0.0000 0 9987
1770200593.1917 0.0000 0.0000 0 9988
1770200593.1995 0.0000 0.0000 0 9989
1770200593.2072 0.0000 0.0000 0 9990
1770200593.2152 0.0000 0.0000 0 9991
1770200593.2240 0.0000 0.0000 0 9992
1770200593.2318 0.0000 0.0000 0 9993
1770200593.2396 0.0000 0.0000 0 9994
1770200593.2475 0.0000 0.0000 0 9995
1770200593.2552 0.0000 0.0000 0 9996
1770200593.2631 0.0000 0.0000 0 9997
1770200593.2710 0.0000 0.0000 0 9998
1770200593.2798 0.0000 0.0000 0 9999
1770200593.2876 0.0000 0.0000 0 10000
1770200593.2955 0.0000 0.0000 0 10001
1770200593.3032 0.0000 0.0000 0 10002
1770200593.3111 0.0000 0.0000 0 10003
1770200593.3200 0.0000 0.0000 0 10004
1770200593.3276 0.0000 0.0000 0 10005
1770200593.3360 0.0000 0.0000 0 10006
1770200593.3431 0.0000 0.0000 0 10007
1770200593.3519 0.0000 0.0000 0 10008
1770200593.3597 0.0000 0.0000 0 10009
1770200593.3676 0.0000 0.0000 0 10010
1770200593.3753 0.0000 0.0000 0 10011
1770200593.3831 0.0000 0.0000 0 10012
1770200593.3920 0.0000 0.0000 0 10013
1770200593.3997 0.0000 0.0000 0 10014
1770200593.4075 0.0000 0.0000 0 10015
1770200593.4154 0.0000 0.0000 0 10016
1770200593.4241 0.0000 0.0000 0 10017
1770200593.4320 0.0000 0.0000 0 10018
1770200593.4399 0.0000 0.0000 0 10019
1770200593.4475 0.0000 0.0000 0 10020
1770200593.4553 0.0000 0.0000 0 10021
1770200593.4633 0.0000 0.0000 0 10022
1770200593.4720 0.0000 0.0000 0 10023
1770200593.4798 0.0000 0.0000 0 10024
1770200593.4876 0.0000 0.0000 0 10025
1770200593.4953 0.0000 0.0000 0 10026
1770200593.5041 0.0000 0.0000 0 10027
1770200593.5121 0.0000 0.0000 0 10028
1770200593.5198 0.0000 0.0000 0 10029
1770200593.5275 0.0000 0.0000 0 10030
1770200593.5357 0.0000 0.0000 0 10031
1770200593.5436 0.0000 0.0000 0 10032
1770200593.5516 0.0000 0.0000 0 10033
1770200593.5594 0.0000 0.0000 0 10034
1770200593.5682 0.0000 0.0000 0 10035
1770200593.5760 0.0000 0.0000 0 10036
1770200593.5838 0.0000 0.0000 0 10037
1770200593.5915 0.0000 0.0000 0 10038
1770200593.5993 0.0000 0.0000 0 10039
1770200593.6072 0.0000 0.0000 0 10040
1770200593.6160 0.0000 0.0000 0 10041
1770200593.6238 0.0000 0.0000 0 10042
1770200593.6317 0.0000 0.0000 0 10043
1770200593.6394 0.0000 0.0000 0 10044
1770200593.6482 0.0000 0.0000 0 10045
1770200593.6560 0.0000 0.0000 0 10046
1770200593.6638 0.0000 0.0000 0 10047
1770200593.6717 0.0000 0.0000 0 10048
1770200593.6794 0.0000 0.0000 0 10049
1770200593.6882 0.0000 0.0000 0 10050
1770200593.6961 0.0000 0.0000 0 10051
1770200593.7039 0.0000 0.0000 0 10052
1770200593.7116 0.0000 0.0000 0 10053
1770200593.7194 0.0000 0.0000 0 10054
1770200593.7273 0.0000 0.0000 0 10055
1770200593.7362 0.0000 0.0000 0 10056
1770200593.7442 0.0000 0.0000 0 10057
1770200593.7521 0.0000 0.0000 0 10058
1770200593.7598 0.0000 0.0000 0 10059
1770200593.7677 0.0000 0.0000 0 10060
1770200593.7756 0.0000 0.0000 0 10061
1770200593.7833 0.0000 0.0000 0 10062
1770200593.7922 0.0000 0.0000 0 10063
1770200593.8000 0.0000 0.0000 0 10064
1770200593.8077 0.0000 0.0000 0 10065
1770200593.8155 0.0000 0.0000 0 10066
1770200593.8234 0.0000 0.0000 0 10067
1770200593.8322 0.0000 0.0000 0 10068
1770200593.8400 0.0000 0.0000 0 10069
1770200593.8478 0.0000 0.0000 0 10070
1770200593.8554 0.0000 0.0000 0 10071
1770200593.8636 0.0000 0.0000 0 10072
1770200593.8715 0.0000 0.0000 0 10073
1770200593.8801 0.0000 0.0000 0 10074
1770200593.8879 0.0000 0.0000 0 10075
1770200593.8957 0.0000 0.0000 0 10076
1770200593.9035 0.0000 0.0000 0 10077
1770200593.9114 0.0000 0.0000 0 10078
1770200593.9203 0.0000 0.0000 0 10079
1770200593.9280 0.0000 0.0000 0 10080
1770200593.9359 0.0000 0.0000 0 10081
1770200593.9433 0.0000 0.0000 0 10082
1770200593.9521 0.0000 0.0000 0 10083
1770200593.9603 0.0000 0.0000 0 10084
1770200593.9673 0.0000 0.0000 0 10085
1770200593.9761 0.0000 0.0000 0 10086
1770200593.9841 0.0000 0.0000 0 10087
1770200593.9920 0.0000 0.0000 0 10088
1770200593.9999 0.0000 0.0000 0 10089
1770200594.0078 0.0000 0.0000 0 10090
1770200594.0156 0.0000 0.0000 0 10091
1770200594.0233 0.0000 0.0000 0 10092
1770200594.0322 0.0000 0.0000 0 10093
1770200594.0401 0.0000 0.0000 0 10094
1770200594.0477 0.0000 0.0000 0 10095
1770200594.0554 0.0000 0.0000 0 10096
1770200594.0634 0.0000 0.0000 0 10097
1770200594.0721 0.0000 0.0000 0 10098
1770200594.0799 0.0000 0.0000 0 10099
1770200594.0877 0.0000 0.0000 0 10100
1770200594.0953 0.0000 0.0000 0 10101
1770200594.1043 0.0000 0.0000 0 10102
1770200594.1122 0.0000 0.0000 0 10103
1770200594.1199 0.0000 0.0000 0 10104
1770200594.1286 0.0000 0.0000 0 10105
1770200594.1362 0.0000 0.0000 0 10106
1770200594.1441 0.0000 0.0000 0 10107
1770200594.1519 0.0000 0.0000 0 10108
1770200594.1598 0.0000 0.0000 0 10109
1770200594.1675 0.0000 0.0000 0 10110
1770200594.1763 0.0000 0.0000 0 10111
1770200594.1843 0.0000 0.0000 0 10112
1770200594.1920 0.0000 0.0000 0 10113
1770200594.1998 0.0000 0.0000 0 10114
1770200594.2076 0.0000 0.0000 0 10115
1770200594.2163 0.0000 0.0000 0 10116
1770200594.2242 0.0000 0.0000 0 10117
1770200594.2321 0.0000 0.0000 0 10118
1770200594.2398 0.0000 0.0000 0 10119
1770200594.2477 0.0000 0.0000 0 10120
1770200594.2554 0.0000 0.0000 0 10121
1770200594.2643 0.0000 0.0000 0 10122
1770200594.2723 0.0000 0.0000 0 10123
1770200594.2801 0.0000 0.0000 0 10124
1770200594.2879 0.0000 0.0000 0 10125
1770200594.2956 0.0000 0.0000 0 10126
1770200594.3035 0.0000 0.0000 0 10127
1770200594.3123 0.0000 0.0000 0 10128
1770200594.3201 0.0000 0.0000 0 10129
1770200594.3279 0.0000 0.0000 0 10130
1770200594.3363 0.0000 0.0000 0 10131
1770200594.3434 0.0000 0.0000 0 10132
