% IR distance logfile
% 1 	Time (sec)
% 2-3 	Distance sensor 1 and 2 (meter)
% 4-5 	Raw AD value for sensor 1 and 2
% 6 	Sensor power on (1=on)
1770200583.8534 1.5 0.15 0 0 0
1770200583.8796 1.5 0.151 0 0 0
1770200583.9046 1.5 0.152 0 0 0
1770200583.9287 1.404 0.151 0 0 0
1770200583.9537 1.409 0.152 0 0 0
1770200583.9788 1.5 0.151 0 0 0
1770200584.0040 1.404 0.156 0 0 0
1770200584.0291 1.353 0.159 0 0 0
1770200584.0541 1.233 0.16 0 0 0
1770200584.0796 1.215 0.164 0 0 0
1770200584.1046 1.203 0.164 0 0 0
1770200584.1290 1.281 0.165 0 0 0
1770200584.1540 1.284 0.164 0 0 0
1770200584.1791 1.21 0.163 0 0 0
1770200584.2042 1.225 0.165 0 0 0
1770200584.2293 1.205 0.164 0 0 0
1770200584.2542 1.194 0.163 0 0 0
1770200584.2793 1.207 0.161 0 0 0
1770200584.3044 1.183 0.164 0 0 0
1770200584.3297 1.131 0.165 0 0 0
1770200584.3540 1.099 0.167 0 0 0
1770200584.3792 1.092 0.169 0 0 0
1770200584.4042 1.094 0.168 0 0 0
1770200584.4296 1.097 0.17 0 0 0
1770200584.4539 1.103 0.168 0 0 0
1770200584.4794 1.09 0.169 0 0 0
1770200584.5038 1.075 0.171 0 0 0
1770200584.5296 1.007 0.171 0 0 0
1770200584.5543 0.995 0.174 0 0 0
1770200584.5788 0.988 0.172 0 0 0
1770200584.6047 0.93 0.172 0 0 0
1770200584.6296 0.932 0.171 0 0 0
1770200584.6541 0.913 0.173 0 0 0
1770200584.6789 0.911 0.175 0 0 0
1770200584.7046 0.918 0.173 0 0 0
1770200584.7288 0.911 0.174 0 0 0
1770200584.7540 0.923 0.174 0 0 0
1770200584.7797 0.894 0.176 0 0 0
1770200584.8042 0.864 0.176 0 0 0
1770200584.8298 0.854 0.176 0 0 0
1770200584.8541 0.86 0.178 0 0 0
1770200584.8797 0.856 0.176 0 0 0
1770200584.9043 0.817 0.178 0 0 0
1770200584.9291 0.807 0.178 0 0 0
1770200584.9540 0.794 0.179 0 0 0
1770200584.9796 0.765 0.18 0 0 0
1770200585.0041 0.749 0.181 0 0 0
1770200585.0298 0.737 0.184 0 0 0
1770200585.0542 0.746 0.18 0 0 0
1770200585.0787 0.74 0.181 0 0 0
1770200585.1042 0.774 0.179 0 0 0
1770200585.1294 0.806 0.18 0 0 0
1770200585.1541 0.832 0.183 0 0 0
1770200585.1797 0.851 0.182 0 0 0
1770200585.2042 0.863 0.184 0 0 0
1770200585.2298 0.964 0.184 0 0 0
1770200585.2542 0.985 0.187 0 0 0
1770200585.2790 0.992 0.186 0 0 0
1770200585.3044 1.066 0.186 0 0 0
1770200585.3289 1.131 0.19 0 0 0
1770200585.3546 1.196 0.19 0 0 0
1770200585.3791 1.284 0.192 0 0 0
1770200585.4046 1.289 0.189 0 0 0
1770200585.4290 1.226 0.189 0 0 0
1770200585.4545 1.196 0.189 0 0 0
1770200585.4790 1.213 0.19 0 0 0
1770200585.5045 1.197 0.193 0 0 0
1770200585.5292 1.085 0.19 0 0 0
1770200585.5540 0.977 0.19 0 0 0
1770200585.5795 0.481 0.189 0 0 0
1770200585.6039 0.261 0.191 0 0 0
1770200585.6294 0.188 0.192 0 0 0
1770200585.6539 0.137 0.191 0 0 0
1770200585.6794 0.105 0.193 0 0 0
1770200585.7047 0.084 0.19 0 0 0
1770200585.7293 0.075 0.192 0 0 0
1770200585.7539 0.073 0.189 0 0 0
1770200585.7795 0.072 0.189 0 0 0
1770200585.8040 0.072 0.192 0 0 0
1770200585.8296 0.073 0.19 0 0 0
1770200585.8540 0.082 0.191 0 0 0
1770200585.8794 0.094 0.188 0 0 0
1770200585.9040 0.104 0.188 0 0 0
1770200585.9296 0.107 0.185 0 0 0
1770200585.9544 0.104 0.185 0 0 0
1770200585.9792 0.098 0.187 0 0 0
1770200586.0048 0.103 0.184 0 0 0
1770200586.0293 0.106 0.185 0 0 0
1770200586.0547 0.11 0.184 0 0 0
1770200586.0793 0.111 0.185 0 0 0
1770200586.1048 0.111 0.185 0 0 0
1770200586.1294 0.11 0.182 0 0 0
1770200586.1546 0.111 0.182 0 0 0
1770200586.1800 0.111 0.177 0 0 0
1770200586.2045 0.11 0.173 0 0 0
1770200586.2301 0.107 0.169 0 0 0
1770200586.2545 0.106 0.158 0 0 0
1770200586.2802 0.104 0.154 0 0 0
1770200586.3045 0.104 0.145 0 0 0
1770200586.3301 0.103 0.135 0 0 0
1770200586.3548 0.102 0.127 0 0 0
1770200586.3793 0.102 0.113 0 0 0
1770200586.4050 0.101 0.107 0 0 0
1770200586.4296 0.101 0.091 0 0 0
1770200586.4543 0.102 0.085 0 0 0
1770200586.4800 0.102 0.082 0 0 0
1770200586.5045 0.103 0.082 0 0 0
1770200586.5293 0.104 0.081 0 0 0
1770200586.5545 0.105 0.082 0 0 0
1770200586.5802 0.107 0.083 0 0 0
1770200586.6046 0.11 0.084 0 0 0
1770200586.6299 0.119 0.084 0 0 0
1770200586.6543 0.127 0.083 0 0 0
1770200586.6799 0.134 0.084 0 0 0
1770200586.7044 0.136 0.084 0 0 0
1770200586.7294 0.136 0.086 0 0 0
1770200586.7554 0.13 0.089 0 0 0
1770200586.7793 0.122 0.097 0 0 0
1770200586.8047 0.118 0.102 0 0 0
1770200586.8298 0.116 0.104 0 0 0
1770200586.8546 0.114 0.104 0 0 0
1770200586.8803 0.113 0.103 0 0 0
1770200586.9049 0.111 0.103 0 0 0
1770200586.9299 0.111 0.104 0 0 0
1770200586.9544 0.112 0.104 0 0 0
1770200586.9800 0.112 0.105 0 0 0
1770200587.0047 0.113 0.104 0 0 0
1770200587.0302 0.113 0.104 0 0 0
1770200587.0545 0.113 0.104 0 0 0
1770200587.0801 0.113 0.104 0 0 0
1770200587.1045 0.113 0.105 0 0 0
1770200587.1327 0.112 0.105 0 0 0
1770200587.1554 0.112 0.105 0 0 0
1770200587.1799 0.111 0.105 0 0 0
1770200587.2054 0.109 0.104 0 0 0
1770200587.2298 0.108 0.104 0 0 0
1770200587.2552 0.106 0.105 0 0 0
1770200587.2799 0.105 0.105 0 0 0
1770200587.3055 0.105 0.104 0 0 0
1770200587.3301 0.105 0.104 0 0 0
1770200587.3551 0.106 0.104 0 0 0
1770200587.3796 0.106 0.105 0 0 0
1770200587.4052 0.107 0.105 0 0 0
1770200587.4296 0.107 0.104 0 0 0
1770200587.4551 0.108 0.105 0 0 0
1770200587.4806 0.108 0.105 0 0 0
1770200587.5050 0.108 0.105 0 0 0
1770200587.5306 0.108 0.105 0 0 0
1770200587.5555 0.108 0.104 0 0 0
1770200587.5804 0.108 0.105 0 0 0
1770200587.6050 0.108 0.104 0 0 0
1770200587.6306 0.108 0.104 0 0 0
1770200587.6549 0.109 0.103 0 0 0
1770200587.6804 0.11 0.103 0 0 0
1770200587.7048 0.11 0.103 0 0 0
1770200587.7305 0.111 0.103 0 0 0
1770200587.7555 0.112 0.103 0 0 0
1770200587.7800 0.112 0.102 0 0 0
1770200587.8055 0.112 0.103 0 0 0
1770200587.8301 0.112 0.103 0 0 0
1770200587.8555 0.112 0.104 0 0 0
1770200587.8800 0.114 0.104 0 0 0
1770200587.9056 0.115 0.104 0 0 0
1770200587.9308 0.117 0.104 0 0 0
1770200587.9551 0.12 0.104 0 0 0
1770200587.9805 0.121 0.104 0 0 0
1770200588.0047 0.123 0.103 0 0 0
1770200588.0303 0.123 0.103 0 0 0
1770200588.0547 0.124 0.104 0 0 0
1770200588.0804 0.123 0.103 0 0 0
1770200588.1048 0.124 0.102 0 0 0
1770200588.1304 0.124 0.101 0 0 0
1770200588.1554 0.124 0.099 0 0 0
1770200588.1798 0.124 0.098 0 0 0
1770200588.2054 0.123 0.096 0 0 0
1770200588.2299 0.123 0.096 0 0 0
1770200588.2553 0.124 0.095 0 0 0
1770200588.2798 0.126 0.093 0 0 0
1770200588.3053 0.128 0.088 0 0 0
1770200588.3298 0.129 0.088 0 0 0
1770200588.3556 0.13 0.088 0 0 0
1770200588.3802 0.13 0.088 0 0 0
1770200588.4055 0.13 0.089 0 0 0
1770200588.4301 0.13 0.088 0 0 0
1770200588.4556 0.13 0.093 0 0 0
1770200588.4800 0.13 0.096 0 0 0
1770200588.5056 0.13 0.096 0 0 0
1770200588.5301 0.13 0.097 0 0 0
1770200588.5550 0.131 0.097 0 0 0
1770200588.5805 0.131 0.097 0 0 0
1770200588.6049 0.131 0.096 0 0 0
1770200588.6305 0.13 0.096 0 0 0
1770200588.6550 0.131 0.096 0 0 0
1770200588.6805 0.132 0.095 0 0 0
1770200588.7049 0.144 0.096 0 0 0
1770200588.7306 0.159 0.095 0 0 0
1770200588.7554 0.174 0.097 0 0 0
1770200588.7801 0.27 0.097 0 0 0
1770200588.8056 0.422 0.096 0 0 0
1770200588.8303 0.684 0.096 0 0 0
1770200588.8558 0.898 0.096 0 0 0
1770200588.8804 0.964 0.096 0 0 0
1770200588.9048 0.988 0.096 0 0 0
1770200588.9306 1.004 0.098 0 0 0
1770200588.9555 0.986 0.098 0 0 0
1770200588.9800 0.942 0.104 0 0 0
1770200589.0054 0.925 0.106 0 0 0
1770200589.0301 0.924 0.107 0 0 0
1770200589.0556 0.922 0.108 0 0 0
1770200589.0801 0.925 0.107 0 0 0
1770200589.1058 0.926 0.105 0 0 0
1770200589.1305 0.964 0.105 0 0 0
1770200589.1550 0.998 0.102 0 0 0
1770200589.1800 0.989 0.102 0 0 0
1770200589.2050 0.985 0.101 0 0 0
1770200589.2301 0.998 0.101 0 0 0
1770200589.2557 0.986 0.101 0 0 0
1770200589.2804 0.956 0.102 0 0 0
1770200589.3058 0.926 0.103 0 0 0
1770200589.3304 0.923 0.104 0 0 0
1770200589.3551 0.923 0.106 0 0 0
1770200589.3808 0.909 0.108 0 0 0
1770200589.4052 0.923 0.109 0 0 0
1770200589.4300 0.894 0.11 0 0 0
1770200589.4555 0.86 0.113 0 0 0
1770200589.4801 0.894 0.115 0 0 0
1770200589.5056 0.91 0.118 0 0 0
1770200589.5302 0.92 0.119 0 0 0
1770200589.5550 0.922 0.119 0 0 0
1770200589.5806 0.921 0.119 0 0 0
1770200589.6050 0.873 0.119 0 0 0
1770200589.6307 0.857 0.119 0 0 0
1770200589.6552 0.856 0.12 0 0 0
1770200589.6808 0.894 0.119 0 0 0
1770200589.7052 0.892 0.118 0 0 0
1770200589.7300 0.857 0.118 0 0 0
1770200589.7549 0.85 0.119 0 0 0
1770200589.7799 0.869 0.119 0 0 0
1770200589.8056 0.897 0.118 0 0 0
1770200589.8305 0.919 0.119 0 0 0
1770200589.8552 0.914 0.118 0 0 0
1770200589.8801 0.917 0.118 0 0 0
1770200589.9057 0.917 0.118 0 0 0
1770200589.9310 0.913 0.118 0 0 0
1770200589.9551 0.925 0.118 0 0 0
1770200589.9807 0.892 0.117 0 0 0
1770200590.0053 0.864 0.118 0 0 0
1770200590.0304 0.856 0.118 0 0 0
1770200590.0561 0.876 0.118 0 0 0
1770200590.0811 0.913 0.117 0 0 0
1770200590.1055 0.913 0.117 0 0 0
1770200590.1311 0.909 0.117 0 0 0
1770200590.1559 0.862 0.116 0 0 0
1770200590.1808 0.887 0.116 0 0 0
1770200590.2052 0.91 0.115 0 0 0
1770200590.2309 0.91 0.116 0 0 0
1770200590.2552 0.889 0.117 0 0 0
1770200590.2809 0.856 0.116 0 0 0
1770200590.3055 0.851 0.117 0 0 0
1770200590.3327 0.856 0.117 0 0 0
1770200590.3554 0.844 0.117 0 0 0
1770200590.3810 0.856 0.117 0 0 0
1770200590.4054 0.852 0.117 0 0 0
1770200590.4310 0.852 0.118 0 0 0
1770200590.4563 0.854 0.117 0 0 0
1770200590.4808 0.865 0.118 0 0 0
1770200590.5063 0.905 0.117 0 0 0
1770200590.5308 0.917 0.117 0 0 0
1770200590.5557 0.926 0.117 0 0 0
1770200590.5809 0.918 0.117 0 0 0
1770200590.6058 0.919 0.118 0 0 0
1770200590.6316 0.92 0.117 0 0 0
1770200590.6562 0.913 0.118 0 0 0
1770200590.6807 0.895 0.117 0 0 0
1770200590.7062 0.857 0.117 0 0 0
1770200590.7309 0.891 0.117 0 0 0
1770200590.7556 0.897 0.116 0 0 0
1770200590.7813 0.856 0.117 0 0 0
1770200590.8057 0.897 0.117 0 0 0
1770200590.8312 0.91 0.117 0 0 0
1770200590.8556 0.916 0.117 0 0 0
1770200590.8811 0.92 0.117 0 0 0
1770200590.9066 0.911 0.117 0 0 0
1770200590.9312 0.922 0.117 0 0 0
1770200590.9559 0.889 0.118 0 0 0
1770200590.9814 0.861 0.117 0 0 0
1770200591.0058 0.899 0.117 0 0 0
1770200591.0315 0.895 0.117 0 0 0
1770200591.0559 0.866 0.116 0 0 0
1770200591.0811 0.854 0.117 0 0 0
1770200591.1060 0.864 0.117 0 0 0
1770200591.1327 0.852 0.118 0 0 0
1770200591.1563 0.881 0.117 0 0 0
1770200591.1808 0.907 0.117 0 0 0
1770200591.2065 0.908 0.117 0 0 0
1770200591.2311 0.891 0.117 0 0 0
1770200591.2565 0.856 0.118 0 0 0
1770200591.2813 0.897 0.117 0 0 0
1770200591.3057 0.916 0.117 0 0 0
1770200591.3311 0.91 0.117 0 0 0
1770200591.3558 0.924 0.117 0 0 0
1770200591.3814 0.923 0.117 0 0 0
1770200591.4058 0.919 0.117 0 0 0
1770200591.4315 0.92 0.118 0 0 0
1770200591.4558 0.915 0.117 0 0 0
1770200591.4812 0.924 0.117 0 0 0
1770200591.5056 0.916 0.117 0 0 0
1770200591.5316 0.923 0.116 0 0 0
1770200591.5557 0.871 0.116 0 0 0
1770200591.5809 0.884 0.117 0 0 0
1770200591.6056 0.91 0.118 0 0 0
1770200591.6310 0.906 0.117 0 0 0
1770200591.6557 0.924 0.117 0 0 0
1770200591.6807 0.914 0.117 0 0 0
1770200591.7063 0.913 0.117 0 0 0
1770200591.7311 0.908 0.118 0 0 0
1770200591.7558 0.859 0.117 0 0 0
1770200591.7815 0.896 0.118 0 0 0
1770200591.8060 0.91 0.117 0 0 0
1770200591.8317 0.867 0.118 0 0 0
1770200591.8561 0.886 0.117 0 0 0
1770200591.8817 0.902 0.117 0 0 0
1770200591.9060 0.921 0.118 0 0 0
1770200591.9310 0.917 0.117 0 0 0
1770200591.9558 0.921 0.117 0 0 0
1770200591.9814 0.879 0.117 0 0 0
1770200592.0058 0.86 0.117 0 0 0
1770200592.0314 0.862 0.118 0 0 0
1770200592.0558 0.891 0.117 0 0 0
1770200592.0816 0.912 0.118 0 0 0
1770200592.1065 0.865 0.117 0 0 0
1770200592.1312 0.885 0.117 0 0 0
1770200592.1562 0.909 0.117 0 0 0
1770200592.1807 0.905 0.117 0 0 0
1770200592.2062 0.922 0.118 0 0 0
1770200592.2318 0.916 0.117 0 0 0
1770200592.2563 0.916 0.118 0 0 0
1770200592.2809 0.921 0.117 0 0 0
1770200592.3063 0.912 0.117 0 0 0
1770200592.3310 0.924 0.117 0 0 0
1770200592.3559 0.914 0.117 0 0 0
1770200592.3809 0.915 0.118 0 0 0
1770200592.4058 0.886 0.117 0 0 0
1770200592.4316 0.858 0.118 0 0 0
1770200592.4564 0.906 0.117 0 0 0
1770200592.4811 0.881 0.117 0 0 0
1770200592.5059 0.862 0.117 0 0 0
1770200592.5317 0.902 0.117 0 0 0
1770200592.5564 0.921 0.118 0 0 0
1770200592.5810 0.919 0.116 0 0 0
1770200592.6064 0.915 0.116 0 0 0
1770200592.6309 0.908 0.117 0 0 0
1770200592.6565 0.863 0.117 0 0 0
1770200592.6810 0.845 0.118 0 0 0
1770200592.7066 0.849 0.117 0 0 0
1770200592.7313 0.801 0.118 0 0 0
1770200592.7566 0.707 0.117 0 0 0
1770200592.7817 0.633 0.118 0 0 0
1770200592.8060 0.579 0.117 0 0 0
1770200592.8312 0.553 0.117 0 0 0
1770200592.8566 0.537 0.118 0 0 0
1770200592.8817 0.537 0.117 0 0 0
1770200592.9063 0.527 0.118 0 0 0
1770200592.9311 0.513 0.117 0 0 0
1770200592.9558 0.494 0.117 0 0 0
1770200592.9815 0.481 0.117 0 0 0
1770200593.0060 0.481 0.117 0 0 0
1770200593.0316 0.505 0.118 0 0 0
1770200593.0562 0.525 0.117 0 0 0
1770200593.0817 0.55 0.117 0 0 0
1770200593.1061 0.556 0.117 0 0 0
1770200593.1310 0.559 0.117 0 0 0
1770200593.1559 0.538 0.117 0 0 0
1770200593.1816 0.527 0.117 0 0 0
1770200593.2061 0.513 0.118 0 0 0
1770200593.2317 0.508 0.117 0 0 0
1770200593.2563 0.518 0.117 0 0 0
1770200593.2810 0.525 0.117 0 0 0
1770200593.3067 0.535 0.117 0 0 0
1770200593.3327 0.532 0.118 0 0 0
1770200593.3564 0.531 0.117 0 0 0
1770200593.3820 0.534 0.118 0 0 0
1770200593.4064 0.53 0.117 0 0 0
1770200593.4320 0.553 0.117 0 0 0
1770200593.4564 0.556 0.117 0 0 0
1770200593.4810 0.556 0.117 0 0 0
1770200593.5064 0.542 0.118 0 0 0
1770200593.5321 0.53 0.117 0 0 0
1770200593.5570 0.517 0.118 0 0 0
1770200593.5815 0.468 0.117 0 0 0
1770200593.6071 0.449 0.117 0 0 0
1770200593.6317 0.433 0.117 0 0 0
1770200593.6571 0.428 0.117 0 0 0
1770200593.6817 0.429 0.118 0 0 0
1770200593.7072 0.438 0.117 0 0 0
1770200593.7318 0.45 0.117 0 0 0
1770200593.7575 0.457 0.117 0 0 0
1770200593.7821 0.49 0.116 0 0 0
1770200593.8066 0.514 0.116 0 0 0
1770200593.8322 0.525 0.117 0 0 0
1770200593.8566 0.551 0.118 0 0 0
1770200593.8824 0.555 0.117 0 0 0
1770200593.9069 0.555 0.116 0 0 0
1770200593.9324 0.558 0.116 0 0 0
1770200593.9569 0.557 0.116 0 0 0
1770200593.9819 0.56 0.118 0 0 0
1770200594.0067 0.558 0.117 0 0 0
1770200594.0323 0.557 0.118 0 0 0
1770200594.0566 0.559 0.117 0 0 0
1770200594.0821 0.569 0.118 0 0 0
1770200594.1066 0.584 0.117 0 0 0
1770200594.1321 0.583 0.117 0 0 0
1770200594.1574 0.589 0.118 0 0 0
1770200594.1819 0.584 0.117 0 0 0
1770200594.2075 0.581 0.118 0 0 0
1770200594.2321 0.587 0.117 0 0 0
1770200594.2567 0.583 0.117 0 0 0
1770200594.2824 0.589 0.117 0 0 0
1770200594.3068 0.585 0.117 0 0 0
1770200594.3325 0.583 0.118 0 0 0
