% Accelerometer logfile (IMU1)
% 1 	Time (sec)
% 2-4 	Accelerometer (x,y,z)
1770200583.8361 0.4246 0.0054 0.8911
1770200583.8481 0.4072 0.0010 0.8789
1770200583.8600 0.4026 -0.0078 0.8828
1770200583.8720 0.4231 -0.0103 0.8870
1770200583.8840 0.4336 -0.0020 0.8762
1770200583.8958 0.4224 0.0039 0.9011
1770200583.9080 0.4229 0.0127 0.8867
1770200583.9200 0.4124 -0.0007 0.9185
1770200583.9320 0.4243 0.0020 0.8865
1770200583.9440 0.4175 0.0061 0.8877
1770200583.9559 0.4158 0.0024 0.8789
1770200583.9680 0.4126 -0.0010 0.8838
1770200583.9800 0.4031 -0.0098 0.8784
1770200583.9919 0.4133 -0.0256 0.8945
1770200584.0039 0.4204 -0.0278 0.8914
1770200584.0159 0.4248 -0.0200 0.8953
1770200584.0280 0.4292 -0.0188 0.8855
1770200584.0399 0.4194 -0.0247 0.8914
1770200584.0520 0.4209 -0.0200 0.8865
1770200584.0642 0.4199 -0.0188 0.8933
1770200584.0763 0.4104 -0.0151 0.8909
1770200584.0873 0.4194 -0.0134 0.8936
1770200584.1003 0.4219 0.0000 0.8818
1770200584.1112 0.4141 0.0012 0.8750
1770200584.1243 0.4150 -0.0024 0.8843
1770200584.1356 0.4199 0.0112 0.8857
1770200584.1476 0.4204 0.0217 0.8801
1770200584.1596 0.4268 0.0178 0.8921
1770200584.1716 0.4172 0.0020 0.8848
1770200584.1835 0.4155 -0.0054 0.8789
1770200584.1955 0.4192 0.0022 0.8862
1770200584.2075 0.4243 0.0005 0.8894
1770200584.2195 0.4241 0.0002 0.8872
1770200584.2315 0.4226 -0.0010 0.8789
1770200584.2434 0.4253 -0.0039 0.8831
1770200584.2554 0.4153 0.0041 0.8911
1770200584.2675 0.4189 0.0061 0.8848
1770200584.2794 0.4177 0.0056 0.8757
1770200584.2914 0.4172 0.0076 0.8896
1770200584.3034 0.4202 0.0022 0.8772
1770200584.3154 0.4163 -0.0015 0.8799
1770200584.3275 0.4255 0.0000 0.8850
1770200584.3396 0.4248 -0.0032 0.8945
1770200584.3516 0.4177 -0.0017 0.8818
1770200584.3640 0.4170 0.0015 0.8904
1770200584.3759 0.4197 -0.0032 0.8875
1770200584.3880 0.4172 -0.0054 0.8838
1770200584.3999 0.4202 -0.0037 0.8918
1770200584.4118 0.4272 0.0000 0.8806
1770200584.4240 0.4185 -0.0041 0.8960
1770200584.4362 0.4189 -0.0068 0.8799
1770200584.4473 0.4216 -0.0002 0.8872
1770200584.4595 0.4263 0.0012 0.8835
1770200584.4717 0.4219 -0.0041 0.8884
1770200584.4839 0.4175 -0.0071 0.8855
1770200584.4960 0.4207 -0.0085 0.8826
1770200584.5084 0.4192 -0.0122 0.8926
1770200584.5196 0.4194 -0.0063 0.8828
1770200584.5320 0.4250 -0.0020 0.8872
1770200584.5444 0.4255 0.0046 0.8799
1770200584.5556 0.4187 0.0041 0.8887
1770200584.5679 0.4185 0.0073 0.8862
1770200584.5801 0.4197 0.0027 0.8865
1770200584.5922 0.4197 -0.0029 0.8931
1770200584.6036 0.4243 -0.0098 0.8811
1770200584.6161 0.4236 -0.0176 0.8911
1770200584.6274 0.4294 -0.0195 0.8840
1770200584.6400 0.4199 -0.0103 0.8938
1770200584.6517 0.4114 -0.0149 0.8984
1770200584.6636 0.2773 0.1802 0.6611
1770200584.6763 0.4746 0.1077 0.7976
1770200584.6882 0.3440 -0.0791 0.9600
1770200584.7000 0.4038 0.0186 0.8962
1770200584.7124 0.4563 -0.0127 0.9062
1770200584.7238 0.3740 -0.0112 0.8250
1770200584.7361 0.4036 -0.0020 0.9143
1770200584.7475 0.4041 -0.0010 0.8748
1770200584.7597 0.4104 0.0271 0.8877
1770200584.7720 0.3914 -0.0171 0.8533
1770200584.7843 0.4370 -0.0205 0.9192
1770200584.7965 0.4241 -0.0474 0.9160
1770200584.8076 0.4380 -0.0115 0.9451
1770200584.8199 0.4319 -0.0085 0.9048
1770200584.8320 0.4170 0.0034 0.8406
1770200584.8443 0.3901 -0.0059 0.8962
1770200584.8564 0.4307 0.0295 0.8845
1770200584.8677 0.4092 0.0081 0.8879
1770200584.8799 0.4209 0.0078 0.8833
1770200584.8921 0.4265 0.0229 0.9233
1770200584.9043 0.4478 0.0044 0.9023
1770200584.9165 0.3794 -0.0134 0.8853
1770200584.9278 0.4390 -0.0146 0.9146
1770200584.9406 0.4226 -0.0081 0.8872
1770200584.9518 0.4377 -0.0195 0.8796
1770200584.9642 0.4233 -0.0120 0.8818
1770200584.9762 0.4338 -0.0146 0.8918
1770200584.9886 0.3916 -0.0281 0.8433
1770200584.9997 0.4297 -0.0002 0.9314
1770200585.0119 0.4194 -0.0256 0.8740
1770200585.0242 0.4551 -0.0271 0.8662
1770200585.0364 0.4419 -0.0273 0.9128
1770200585.0475 0.4338 -0.0125 0.8796
1770200585.0599 0.3999 0.0085 0.8484
1770200585.0720 0.4395 0.0071 0.9146
1770200585.0843 0.4346 0.0041 0.8960
1770200585.0964 0.4146 0.0193 0.8425
1770200585.1077 0.4382 0.0146 0.8806
1770200585.1203 0.4509 0.0115 0.9155
1770200585.1318 0.4299 0.0159 0.8503
1770200585.1441 0.3984 0.0122 0.8765
1770200585.1565 0.4380 0.0037 0.9243
1770200585.1676 0.4431 0.0063 0.8354
1770200585.1799 0.3994 0.0249 0.9028
1770200585.1919 0.4209 0.0288 0.8723
1770200585.2041 0.4089 0.0034 0.8484
1770200585.2164 0.3772 0.0024 0.8040
1770200585.2286 0.4214 -0.0107 0.8684
1770200585.2397 0.4600 0.0037 0.9351
1770200585.2519 0.4246 -0.0093 0.8618
1770200585.2643 0.4094 -0.0132 0.8530
1770200585.2766 0.4268 -0.0305 0.8477
1770200585.2878 0.4509 -0.0437 0.9084
1770200585.3000 0.4280 -0.0518 0.8955
1770200585.3122 0.4260 -0.0381 0.8816
1770200585.3244 0.4258 -0.0237 0.9229
1770200585.3358 0.4431 0.0178 0.8909
1770200585.3480 0.4036 0.0054 0.8513
1770200585.3603 0.4673 0.0056 0.9146
1770200585.3724 0.4189 -0.0029 0.8691
1770200585.3836 0.4358 -0.0115 0.8535
1770200585.3958 0.4609 -0.0063 0.9263
1770200585.4079 0.4468 -0.0034 0.9082
1770200585.4202 0.3960 -0.0078 0.8350
1770200585.4323 0.5103 -0.0227 0.9109
1770200585.4446 0.4402 0.0393 0.8928
1770200585.4557 0.4575 -0.0063 0.8955
1770200585.4679 0.4150 -0.0159 0.8467
1770200585.4802 0.4524 0.0029 0.8806
1770200585.4923 0.4263 -0.0044 0.9209
1770200585.5044 0.4602 0.0017 0.8962
1770200585.5167 0.4272 -0.0081 0.8777
1770200585.5280 0.4248 -0.0015 0.8955
1770200585.5406 0.4209 0.0295 0.8525
1770200585.5517 0.4502 0.0193 0.8750
1770200585.5640 0.3984 -0.0425 0.9023
1770200585.5761 0.4438 0.0010 0.8755
1770200585.5884 0.4221 0.0044 0.8521
1770200585.6005 0.4519 -0.0112 0.8860
1770200585.6127 0.4197 -0.0059 0.8787
1770200585.6239 0.4402 0.0117 0.8904
1770200585.6361 0.4204 -0.0161 0.8733
1770200585.6482 0.4602 -0.0203 0.9023
1770200585.6605 0.4128 -0.0173 0.8281
1770200585.6726 0.4456 -0.0129 0.9094
1770200585.6839 0.4412 0.0044 0.9050
1770200585.6960 0.4314 0.0181 0.8623
1770200585.7082 0.4233 -0.0085 0.8542
1770200585.7204 0.4624 -0.0093 0.9253
1770200585.7327 0.4321 -0.0041 0.8440
1770200585.7439 0.4414 -0.0181 0.8921
1770200585.7562 0.4365 -0.0129 0.9041
1770200585.7684 0.4268 0.0032 0.8748
1770200585.7807 0.3960 -0.0312 0.8728
1770200585.7918 0.4639 0.0039 0.9204
1770200585.8039 0.4114 0.0010 0.8308
1770200585.8162 0.4609 -0.0283 0.9194
1770200585.8284 0.4297 -0.0256 0.8757
1770200585.8406 0.4299 0.0066 0.8677
1770200585.8517 0.4209 -0.0359 0.8967
1770200585.8639 0.4368 -0.0261 0.8840
1770200585.8761 0.4001 -0.0081 0.8486
1770200585.8883 0.4185 -0.0146 0.9243
1770200585.9006 0.4294 -0.0002 0.8750
1770200585.9118 0.4258 0.0183 0.8481
1770200585.9240 0.4504 0.0566 0.9207
1770200585.9363 0.4641 0.0164 0.7278
1770200585.9478 0.4451 0.0708 0.9304
1770200585.9601 0.4194 -0.0227 0.9309
1770200585.9726 0.4121 -0.0347 0.8662
1770200585.9847 0.4141 -0.0195 0.9055
1770200585.9959 0.4475 -0.0200 0.9170
1770200586.0081 0.4570 -0.0317 0.8901
1770200586.0205 0.4065 -0.0337 0.8433
1770200586.0325 0.4478 -0.0352 0.9597
1770200586.0448 0.4316 -0.0181 0.8542
1770200586.0559 0.4207 -0.0098 0.8638
1770200586.0682 0.4290 -0.0186 0.9016
1770200586.0805 0.4495 -0.0112 0.9055
1770200586.0926 0.4236 -0.0488 0.8230
1770200586.1047 0.4639 -0.0483 0.9285
1770200586.1160 0.4192 -0.0435 0.8416
1770200586.1282 0.4456 -0.0579 0.8770
1770200586.1408 0.3899 -0.0784 0.8975
1770200586.1522 0.4231 -0.0479 0.8528
1770200586.1648 0.4263 -0.0237 0.8535
1770200586.1765 0.4243 0.0012 0.8791
1770200586.1889 0.4048 0.0120 0.8738
1770200586.2000 0.4202 -0.0203 0.8821
1770200586.2123 0.4214 -0.0027 0.9146
1770200586.2244 0.4248 -0.0093 0.8689
1770200586.2368 0.4255 -0.0195 0.8921
1770200586.2479 0.4131 -0.0469 0.9065
1770200586.2601 0.4153 -0.0283 0.8376
1770200586.2724 0.4141 -0.0581 0.8928
1770200586.2846 0.4221 -0.0291 0.9280
1770200586.2967 0.4233 -0.0376 0.8425
1770200586.3080 0.4299 -0.0005 0.9229
1770200586.3202 0.4304 0.0281 0.8931
1770200586.3325 0.4089 0.0576 0.8374
1770200586.3448 0.3792 0.0171 0.8374
1770200586.3561 0.4087 0.0449 0.8647
1770200586.3683 0.4219 0.0554 0.8682
1770200586.3807 0.4487 0.0251 0.8464
1770200586.3928 0.4285 0.0381 0.9089
1770200586.4039 0.4189 0.0708 0.8521
1770200586.4162 0.4224 0.0479 0.8643
1770200586.4284 0.4221 0.0566 0.8787
1770200586.4408 0.3879 0.0498 0.8625
1770200586.4521 0.4421 -0.0022 0.9509
1770200586.4644 0.4309 0.0193 0.9185
1770200586.4767 0.4033 0.0259 0.8501
1770200586.4879 0.4338 0.0046 0.9038
1770200586.5002 0.4285 -0.0107 0.9065
1770200586.5125 0.4038 -0.0032 0.8176
1770200586.5248 0.4189 -0.0388 0.9277
1770200586.5363 0.4241 -0.0110 0.8823
1770200586.5480 0.3970 -0.0225 0.8647
1770200586.5603 0.4038 -0.0203 0.8777
1770200586.5725 0.4375 -0.0139 0.9626
1770200586.5847 0.3928 -0.0049 0.8135
1770200586.5969 0.4275 -0.0159 0.8960
1770200586.6084 0.4399 0.0022 0.9126
1770200586.6210 0.4038 -0.0090 0.9021
1770200586.6322 0.3933 0.0039 0.8835
1770200586.6445 0.4255 0.0083 0.9080
1770200586.6567 0.4138 0.0405 0.8330
1770200586.6690 0.4204 0.0381 0.9329
1770200586.6802 0.3994 0.0205 0.8818
1770200586.6923 0.4375 0.0156 0.8484
1770200586.7044 0.4556 0.0093 0.9700
1770200586.7167 0.3931 -0.0186 0.8557
1770200586.7282 0.4116 -0.0388 0.8586
1770200586.7411 0.4612 -0.0408 0.9490
1770200586.7528 0.4104 -0.0588 0.8599
1770200586.7645 0.4680 -0.1008 0.9880
1770200586.7768 0.4841 0.0398 0.9277
1770200586.7890 0.4028 -0.0376 0.8071
1770200586.8010 0.4495 -0.0422 0.7007
1770200586.8129 0.4341 0.0273 0.8796
1770200586.8246 0.4202 0.0178 0.8057
1770200586.8369 0.4214 0.0315 0.9045
1770200586.8487 0.4602 0.0103 0.8945
1770200586.8605 0.4126 0.0105 0.9092
1770200586.8722 0.4338 -0.0129 0.9109
1770200586.8850 0.4048 0.0039 0.8914
1770200586.8967 0.4307 -0.0203 0.9509
1770200586.9086 0.4614 -0.0181 0.8635
1770200586.9211 0.4487 0.0090 0.9334
1770200586.9324 0.3962 0.0403 0.8372
1770200586.9446 0.3962 0.0142 0.8618
1770200586.9568 0.3987 0.0112 0.9045
1770200586.9691 0.4495 -0.0012 0.8987
1770200586.9803 0.3970 -0.0115 0.8699
1770200586.9924 0.4258 -0.0063 0.8682
1770200587.0046 0.4258 -0.0156 0.8923
1770200587.0168 0.4004 0.0137 0.8015
1770200587.0290 0.4163 -0.0166 0.8762
1770200587.0413 0.4585 -0.0034 1.0178
1770200587.0523 0.4255 0.0046 0.8706
1770200587.0645 0.3774 0.0061 0.8926
1770200587.0768 0.4414 0.0090 0.9265
1770200587.0890 0.4255 -0.0183 0.8938
1770200587.1011 0.4146 -0.0308 0.9075
1770200587.1124 0.4597 0.0142 0.8696
1770200587.1245 0.4189 -0.0193 0.8936
1770200587.1364 0.4316 -0.0029 0.9143
1770200587.1489 0.4224 -0.0127 0.8877
1770200587.1610 0.4080 -0.0034 0.8706
1770200587.1733 0.4216 0.0090 0.9023
1770200587.1843 0.4255 0.0044 0.8120
1770200587.1966 0.3860 -0.0208 0.8801
1770200587.2088 0.4202 -0.0134 0.8914
1770200587.2210 0.4158 0.0249 0.8865
1770200587.2332 0.4182 0.0283 0.7932
1770200587.2454 0.4175 0.0056 0.8425
1770200587.2565 0.4038 -0.0005 0.8816
1770200587.2689 0.4062 -0.0081 0.9058
1770200587.2810 0.4067 -0.0044 0.9204
1770200587.2933 0.4292 -0.0032 0.8748
1770200587.3044 0.4128 0.0078 0.9082
1770200587.3167 0.4089 0.0210 0.8542
1770200587.3289 0.4204 0.0210 0.8735
1770200587.3406 0.4241 0.0093 0.8870
1770200587.3529 0.4058 0.0029 0.8767
1770200587.3652 0.4077 -0.0117 0.8928
1770200587.3763 0.4148 0.0056 0.8931
1770200587.3886 0.4001 0.0002 0.9565
1770200587.4007 0.4539 -0.0039 0.9644
1770200587.4130 0.3748 -0.0359 0.8748
1770200587.4251 0.4160 -0.0076 0.8538
1770200587.4374 0.4202 0.0120 0.8770
1770200587.4485 0.4138 0.0125 0.8813
1770200587.4607 0.4082 0.0049 0.8933
1770200587.4730 0.4146 -0.0046 0.8745
1770200587.4851 0.4246 0.0168 0.8860
1770200587.4973 0.4326 0.0059 0.8896
1770200587.5085 0.4316 0.0044 0.8535
1770200587.5206 0.5354 -0.0364 0.9753
1770200587.5331 0.4216 -0.0239 0.9065
1770200587.5444 0.4370 -0.0027 0.9365
1770200587.5569 0.4209 0.0073 0.8096
1770200587.5693 0.3918 -0.0107 0.9019
1770200587.5806 0.4219 -0.0173 0.8611
1770200587.5927 0.4182 -0.0034 0.8875
1770200587.6049 0.4260 -0.0029 0.9084
1770200587.6172 0.4316 -0.0071 0.9092
1770200587.6294 0.4111 0.0076 0.9082
1770200587.6405 0.4148 -0.0149 0.8848
1770200587.6527 0.4119 -0.0046 0.8972
1770200587.6650 0.4155 0.0034 0.8767
1770200587.6771 0.4202 0.0024 0.8806
1770200587.6893 0.4160 0.0061 0.8984
1770200587.7004 0.4124 0.0068 0.8777
1770200587.7127 0.4080 0.0044 0.8860
1770200587.7248 0.3940 0.0342 0.7800
1770200587.7374 0.3848 0.0139 0.7939
1770200587.7489 0.4314 0.0620 0.8208
1770200587.7611 0.4434 0.0537 0.8416
1770200587.7734 0.4277 0.0471 0.8582
1770200587.7845 0.3921 0.0017 0.9297
1770200587.7967 0.3657 -0.0420 0.7195
1770200587.8090 0.4297 0.0625 0.8709
1770200587.8212 0.3943 0.0369 0.8684
1770200587.8325 0.4385 0.0378 0.8611
1770200587.8445 0.4331 -0.0217 0.9380
1770200587.8568 0.4209 -0.0110 0.8425
1770200587.8690 0.4243 -0.0115 0.9070
1770200587.8812 0.4172 -0.0159 0.8660
1770200587.8934 0.4197 0.0105 0.8860
1770200587.9045 0.4148 -0.0007 0.8997
1770200587.9166 0.4241 -0.0054 0.8999
1770200587.9291 0.4312 -0.0076 0.9153
1770200587.9415 0.4158 -0.0161 0.8926
1770200587.9530 0.4211 -0.0220 0.8899
1770200587.9648 0.4275 -0.0244 0.8909
1770200587.9771 0.4133 -0.0198 0.8918
1770200587.9888 0.4238 -0.0129 0.9065
1770200588.0013 0.4226 -0.0085 0.9055
1770200588.0128 0.4128 -0.0154 0.9138
1770200588.0254 0.4026 -0.0210 0.8640
1770200588.0369 0.4062 -0.0066 0.9050
1770200588.0491 0.4023 -0.0466 0.9519
1770200588.0615 0.3909 -0.0156 0.8870
1770200588.0727 0.4163 0.0166 0.8604
1770200588.0849 0.4307 0.0010 0.8750
1770200588.0971 0.4158 -0.0237 0.9177
1770200588.1093 0.4202 0.0054 0.8726
1770200588.1215 0.4329 0.0161 0.8926
1770200588.1328 0.4465 0.0352 0.9148
1770200588.1454 0.4165 0.0151 0.8955
1770200588.1566 0.4119 0.0269 0.8821
1770200588.1689 0.4019 -0.0041 0.9211
1770200588.1810 0.4568 0.0200 0.8997
1770200588.1933 0.4570 -0.0144 0.8855
1770200588.2053 0.3792 -0.0613 0.7986
1770200588.2165 0.4060 -0.0156 0.9517
1770200588.2288 0.4697 0.0659 0.9604
1770200588.2409 0.4219 0.0417 0.9392
1770200588.2530 0.4019 0.0645 0.8552
1770200588.2653 0.4026 0.0793 0.8015
1770200588.2775 0.3416 0.0830 0.7095
1770200588.2888 0.3652 0.0823 0.8601
1770200588.3009 0.3525 0.0547 0.8799
1770200588.3132 0.3445 0.0210 0.8674
1770200588.3253 0.3428 -0.0168 0.8738
1770200588.3378 0.3706 -0.0374 0.9329
1770200588.3491 0.4043 -0.0508 0.9050
1770200588.3613 0.3865 -0.0679 0.8433
1770200588.3735 0.3357 -0.0713 0.8091
1770200588.3857 0.3245 -0.0591 0.8047
1770200588.3968 0.3357 -0.0278 0.8599
1770200588.4091 0.3723 0.0149 0.8787
1770200588.4212 0.4019 0.0398 0.9358
1770200588.4335 0.4119 0.0122 0.8877
1770200588.4456 0.4077 -0.0132 0.8801
1770200588.4568 0.3975 -0.0232 0.8726
1770200588.4690 0.5144 -0.1550 1.8967
1770200588.4812 0.5000 -0.0452 0.6970
1770200588.4934 0.4031 -0.0010 1.1265
1770200588.5055 0.3948 0.0254 0.7556
1770200588.5177 0.3796 0.0251 0.9375
1770200588.5290 0.4011 0.0305 0.8352
1770200588.5416 0.4236 0.0217 0.9802
1770200588.5538 0.4185 0.0105 0.8462
1770200588.5650 0.3875 -0.0085 0.8862
1770200588.5771 0.4146 -0.0068 0.8535
1770200588.5895 0.3892 0.0244 0.8796
1770200588.6016 0.3848 0.0210 0.8682
1770200588.6128 0.4231 0.0444 0.8809
1770200588.6250 0.4045 0.0173 0.9521
1770200588.6371 0.3923 0.0203 0.8010
1770200588.6494 0.4045 -0.0078 0.8936
1770200588.6616 0.4148 -0.0164 0.8909
1770200588.6738 0.3826 -0.0100 0.8643
1770200588.6849 0.4089 -0.0010 0.9102
1770200588.6971 0.4143 -0.0112 0.8936
1770200588.7094 0.3953 -0.0056 0.8948
1770200588.7216 0.3735 -0.0327 0.8442
1770200588.7329 0.4114 -0.0400 0.9102
1770200588.7453 0.4019 -0.0376 0.9390
1770200588.7576 0.4138 -0.0225 0.9109
1770200588.7691 0.3928 -0.0146 0.9265
1770200588.7812 0.3982 -0.0190 0.8987
1770200588.7934 0.4087 -0.0012 0.8931
1770200588.8056 0.4075 -0.0027 0.9219
1770200588.8168 0.4055 -0.0171 0.8940
1770200588.8291 0.4045 -0.0239 0.9060
1770200588.8413 0.3984 -0.0125 0.8945
1770200588.8535 0.4077 0.0120 0.8967
1770200588.8648 0.4521 0.0105 1.0173
1770200588.8769 0.3933 0.0361 0.8379
1770200588.8894 0.4263 0.0798 0.8511
1770200588.9014 0.4241 0.0918 0.8298
1770200588.9137 0.4326 0.0708 0.8813
1770200588.9259 0.3875 -0.0273 0.8591
1770200588.9375 0.3625 -0.1138 0.9026
1770200588.9489 0.3501 -0.1104 0.8271
1770200588.9611 0.3967 -0.0681 0.8735
1770200588.9733 0.4197 0.0039 0.9192
1770200588.9856 0.3987 0.0137 0.8608
1770200588.9976 0.3955 0.0242 0.8562
1770200589.0089 0.3967 0.0447 0.8899
1770200589.0212 0.3962 0.0227 0.8525
1770200589.0334 0.4019 0.0137 0.8818
1770200589.0456 0.4036 0.0054 0.8572
1770200589.0578 0.3738 -0.0093 0.8801
1770200589.0690 0.4294 -0.0190 1.0288
1770200589.0813 0.4224 0.0078 0.9290
1770200589.0935 0.3962 -0.0010 0.8977
1770200589.1058 0.3994 0.0083 0.8709
1770200589.1170 0.4143 0.0051 0.9106
1770200589.1293 0.4104 0.0032 0.9006
1770200589.1415 0.4153 0.0100 0.9067
1770200589.1538 0.4080 0.0259 0.8247
1770200589.1652 0.3875 -0.0024 0.8418
1770200589.1776 0.4060 -0.0244 0.8950
1770200589.1891 0.4084 -0.0103 0.8867
1770200589.2014 0.4062 -0.0442 0.9500
1770200589.2130 0.4255 -0.0083 0.9001
1770200589.2256 0.4163 0.0129 0.9199
1770200589.2378 0.4194 0.0161 0.9194
1770200589.2491 0.4167 0.0061 0.9226
1770200589.2612 0.4121 -0.0049 0.8950
1770200589.2736 0.3914 -0.0193 0.9041
1770200589.2859 0.3921 -0.0332 0.9004
1770200589.2969 0.3855 -0.0273 0.8936
1770200589.3093 0.3940 -0.0190 0.9260
1770200589.3215 0.4211 -0.0083 0.8977
1770200589.3338 0.4050 -0.0010 0.9016
1770200589.3452 0.3967 0.0156 0.8965
1770200589.3574 0.4055 0.0403 0.8762
1770200589.3698 0.4175 0.0566 0.8848
1770200589.3810 0.4089 0.0371 0.8831
1770200589.3931 0.4150 -0.0007 0.9048
1770200589.4053 0.3894 -0.0168 0.8638
1770200589.4176 0.4036 -0.0332 0.9402
1770200589.4299 0.3867 -0.0315 0.8992
1770200589.4410 0.3848 -0.0369 0.8916
1770200589.4532 0.3818 -0.0291 0.8928
1770200589.4655 0.3760 0.0007 0.8848
1770200589.4776 0.4009 0.0264 0.8672
1770200589.4890 0.4180 0.0291 0.8835
1770200589.5011 0.3794 0.0161 0.7646
1770200589.5134 0.4478 0.0078 0.9226
1770200589.5256 0.4021 0.0051 0.8574
1770200589.5382 0.4167 0.0190 0.8474
1770200589.5495 0.4382 -0.0017 0.9233
1770200589.5616 0.4102 -0.0039 0.9021
1770200589.5738 0.4050 -0.0090 0.9067
1770200589.5851 0.4131 -0.0205 0.9106
1770200589.5972 0.4058 -0.0212 0.8608
1770200589.6096 0.3896 -0.0237 0.8787
1770200589.6218 0.4209 -0.0256 0.9221
1770200589.6341 0.3948 -0.0190 0.9229
1770200589.6453 0.4114 -0.0166 0.8940
1770200589.6575 0.4045 -0.0039 0.9224
1770200589.6698 0.3997 0.0002 0.9146
1770200589.6820 0.4072 0.0000 0.8958
1770200589.6930 0.4124 -0.0032 0.8887
1770200589.7054 0.4131 -0.0100 0.8940
1770200589.7176 0.4138 -0.0061 0.8987
1770200589.7299 0.4014 0.0027 0.8845
1770200589.7413 0.4028 0.0085 0.8906
1770200589.7536 0.3936 0.0205 0.8840
1770200589.7652 0.4023 0.0200 0.8840
1770200589.7776 0.4048 0.0247 0.8750
1770200589.7899 0.3901 -0.0181 0.9041
1770200589.8012 0.4233 -0.0178 0.9465
1770200589.8136 0.4045 -0.0085 0.8853
1770200589.8259 0.3911 0.0105 0.8789
1770200589.8372 0.4172 0.0134 0.8921
1770200589.8496 0.4026 0.0164 0.8477
1770200589.8619 0.3901 0.0151 0.8647
1770200589.8732 0.4031 0.0110 0.8838
1770200589.8856 0.4014 0.0034 0.8772
1770200589.8979 0.4009 -0.0049 0.8877
1770200589.9092 0.4319 -0.0178 0.9731
1770200589.9216 0.3975 -0.0208 0.8672
1770200589.9333 0.3831 -0.0195 0.9326
1770200589.9453 0.4141 -0.0244 0.9182
1770200589.9575 0.3872 -0.0151 0.8989
1770200589.9699 0.5454 -0.1260 1.0857
1770200589.9821 0.3655 -0.1348 1.0398
1770200589.9932 0.4102 -0.1025 0.8660
1770200590.0054 0.3792 -0.0051 1.0532
1770200590.0173 0.3850 0.0059 0.9131
1770200590.0301 0.3918 0.0173 0.8826
1770200590.0420 0.3787 -0.0056 0.9094
1770200590.0537 0.4419 -0.0300 0.8694
1770200590.0656 0.3625 0.0017 0.8604
1770200590.0774 0.4175 0.0085 0.8916
1770200590.0893 0.4084 -0.0037 0.9092
1770200590.1020 0.3621 0.0198 0.8791
1770200590.1133 0.4209 -0.0095 0.8945
1770200590.1254 0.4124 -0.0002 0.9238
1770200590.1379 0.3909 0.0020 0.8650
1770200590.1492 0.4265 -0.0083 0.9075
1770200590.1617 0.4170 -0.0117 0.9243
1770200590.1740 0.3823 0.0144 0.8936
1770200590.1853 0.4080 0.0125 0.9041
1770200590.1975 0.4021 -0.0005 0.9038
1770200590.2097 0.3640 -0.0063 0.8743
1770200590.2219 0.4495 0.0149 0.9592
1770200590.2331 0.3994 -0.0276 0.9189
1770200590.2453 0.3979 -0.0088 0.9475
1770200590.2575 0.3933 0.0002 0.8918
1770200590.2698 0.3953 0.0000 0.8853
1770200590.2821 0.4116 -0.0105 0.9077
1770200590.2932 0.3904 -0.0125 0.8875
1770200590.3054 0.4011 -0.0134 0.8953
1770200590.3176 0.3994 -0.0046 0.9062
1770200590.3325 0.3997 -0.0049 0.8831
1770200590.3419 0.4087 -0.0061 0.8943
1770200590.3541 0.4043 0.0000 0.8999
1770200590.3654 0.4058 -0.0071 0.8872
1770200590.3776 0.4072 -0.0020 0.8960
1770200590.3898 0.4045 -0.0024 0.8875
1770200590.4020 0.4065 -0.0037 0.9011
1770200590.4132 0.4004 -0.0012 0.8940
1770200590.4254 0.3989 0.0000 0.8787
1770200590.4376 0.3994 0.0012 0.8899
1770200590.4498 0.3999 -0.0032 0.8904
1770200590.4620 0.4058 -0.0015 0.8950
1770200590.4732 0.4080 -0.0032 0.9009
1770200590.4853 0.4033 -0.0029 0.8872
1770200590.4975 0.4065 -0.0037 0.8992
1770200590.5097 0.4058 -0.0071 0.8989
1770200590.5220 0.4094 0.0027 0.8909
1770200590.5333 0.4087 -0.0005 0.8987
1770200590.5457 0.4089 0.0017 0.8894
1770200590.5583 0.4072 -0.0012 0.8813
1770200590.5698 0.4050 0.0024 0.8960
1770200590.5812 0.4023 0.0005 0.8918
1770200590.5935 0.4033 -0.0041 0.9016
1770200590.6057 0.3989 -0.0007 0.8918
1770200590.6181 0.3960 -0.0049 0.8921
1770200590.6293 0.4033 -0.0078 0.8945
1770200590.6417 0.4001 -0.0037 0.8970
1770200590.6539 0.4082 -0.0029 0.8899
1770200590.6652 0.4072 -0.0024 0.8940
1770200590.6773 0.4082 -0.0012 0.8923
1770200590.6896 0.4097 0.0027 0.8901
1770200590.7018 0.4138 -0.0015 0.8896
1770200590.7140 0.4146 -0.0076 0.8940
1770200590.7262 0.4119 -0.0081 0.8865
1770200590.7377 0.4128 -0.0110 0.8791
1770200590.7500 0.4092 -0.0093 0.8967
1770200590.7613 0.4001 0.0002 0.8894
1770200590.7736 0.3979 -0.0002 0.8899
1770200590.7858 0.3970 0.0046 0.8965
1770200590.7980 0.3950 0.0005 0.8965
1770200590.8092 0.3979 0.0039 0.8872
1770200590.8214 0.3979 0.0024 0.8884
1770200590.8336 0.3984 -0.0054 0.8865
1770200590.8456 0.4062 -0.0027 0.8975
1770200590.8579 0.4077 -0.0046 0.8955
1770200590.8701 0.4116 -0.0044 0.8979
1770200590.8813 0.4111 -0.0112 0.8926
1770200590.8933 0.4067 -0.0017 0.8811
1770200590.9054 0.4080 -0.0017 0.8926
1770200590.9176 0.4084 0.0000 0.8960
1770200590.9300 0.4011 0.0002 0.8838
1770200590.9415 0.4001 -0.0015 0.8928
1770200590.9537 0.3989 -0.0012 0.8923
1770200590.9660 0.4016 -0.0012 0.8923
1770200590.9781 0.4001 0.0015 0.8928
1770200590.9893 0.3994 -0.0037 0.8899
1770200591.0015 0.3960 -0.0029 0.8916
1770200591.0137 0.4038 -0.0007 0.8928
1770200591.0259 0.4031 0.0017 0.8975
1770200591.0381 0.4055 -0.0007 0.8909
1770200591.0502 0.4080 -0.0071 0.8906
1770200591.0618 0.4092 -0.0046 0.8950
1770200591.0733 0.4094 0.0007 0.9001
1770200591.0857 0.4050 0.0027 0.8975
1770200591.0982 0.4060 0.0010 0.8984
1770200591.1095 0.3997 -0.0024 0.8865
1770200591.1219 0.4070 -0.0017 0.8923
1770200591.1340 0.3999 -0.0034 0.8894
1770200591.1463 0.3984 -0.0029 0.8892
1770200591.1576 0.4001 -0.0015 0.9001
1770200591.1699 0.3997 -0.0037 0.8894
1770200591.1820 0.4041 -0.0015 0.8918
1770200591.1943 0.4106 -0.0012 0.8853
1770200591.2053 0.4065 0.0002 0.8855
1770200591.2177 0.4102 -0.0010 0.8892
1770200591.2299 0.4087 -0.0032 0.8940
1770200591.2421 0.4119 -0.0022 0.8975
1770200591.2543 0.4077 -0.0022 0.8857
1770200591.2657 0.4023 -0.0010 0.8921
1770200591.2779 0.4001 -0.0037 0.8950
1770200591.2902 0.4016 -0.0024 0.8887
1770200591.3023 0.3972 0.0015 0.8921
1770200591.3136 0.3953 -0.0002 0.8892
1770200591.3257 0.3982 -0.0032 0.8936
1770200591.3382 0.4031 -0.0041 0.8989
1770200591.3502 0.4016 -0.0010 0.8865
1770200591.3616 0.4014 -0.0041 0.8872
1770200591.3738 0.4062 -0.0037 0.8940
1770200591.3860 0.4104 -0.0020 0.8938
1770200591.3982 0.4060 -0.0005 0.8940
1770200591.4093 0.4060 -0.0015 0.8984
1770200591.4215 0.4038 -0.0005 0.8921
1770200591.4338 0.4038 0.0005 0.8928
1770200591.4458 0.3999 -0.0012 0.8911
1770200591.4581 0.4011 0.0005 0.8889
1770200591.4702 0.4026 0.0005 0.8928
1770200591.4813 0.4009 0.0020 0.8938
1770200591.4935 0.3977 0.0012 0.9006
1770200591.5056 0.3965 -0.0029 0.8916
1770200591.5178 0.4001 -0.0054 0.8989
1770200591.5304 0.4094 -0.0039 0.8972
1770200591.5419 0.4087 -0.0046 0.8931
1770200591.5535 0.4119 -0.0041 0.8818
1770200591.5661 0.4094 -0.0034 0.8911
1770200591.5775 0.4089 0.0005 0.8933
1770200591.5899 0.4067 -0.0024 0.8931
1770200591.6023 0.4026 -0.0051 0.8962
1770200591.6140 0.4043 -0.0051 0.8953
1770200591.6263 0.4031 0.0000 0.8926
1770200591.6376 0.3997 0.0010 0.8979
1770200591.6501 0.3948 0.0027 0.8965
1770200591.6614 0.4001 -0.0005 0.8965
1770200591.6740 0.3975 -0.0012 0.8994
1770200591.6863 0.4038 -0.0095 0.8882
1770200591.6975 0.4026 -0.0032 0.8896
1770200591.7097 0.4097 0.0027 0.8823
1770200591.7220 0.4094 -0.0046 0.8906
1770200591.7335 0.4087 -0.0022 0.8950
1770200591.7459 0.4111 -0.0022 0.8923
1770200591.7581 0.4006 -0.0044 0.8931
1770200591.7694 0.3977 0.0017 0.8992
1770200591.7816 0.4038 0.0010 0.9001
1770200591.7938 0.4028 -0.0054 0.8975
1770200591.8059 0.4011 -0.0032 0.8965
1770200591.8182 0.4004 0.0002 0.8889
1770200591.8294 0.4060 -0.0032 0.8906
1770200591.8416 0.4004 -0.0061 0.8972
1770200591.8538 0.4038 -0.0022 0.8982
1770200591.8661 0.4077 0.0010 0.8950
1770200591.8782 0.4041 0.0012 0.9004
1770200591.8895 0.4023 0.0044 0.8914
1770200591.9016 0.4075 0.0049 0.8955
1770200591.9140 0.4080 0.0020 0.8975
1770200591.9261 0.4048 -0.0010 0.8950
1770200591.9380 0.4019 -0.0059 0.8867
1770200591.9503 0.4006 -0.0059 0.8992
1770200591.9615 0.4082 0.0015 0.8962
1770200591.9737 0.4021 -0.0002 0.8984
1770200591.9859 0.3994 0.0027 0.8953
1770200591.9980 0.4038 -0.0034 0.8997
1770200592.0104 0.4050 -0.0029 0.8909
1770200592.0215 0.4033 -0.0029 0.8879
1770200592.0338 0.4092 -0.0029 0.8894
1770200592.0458 0.4077 0.0022 0.8931
1770200592.0581 0.4043 -0.0012 0.8955
1770200592.0705 0.3989 0.0022 0.9021
1770200592.0818 0.4028 0.0034 0.8928
1770200592.0941 0.4041 -0.0015 0.8982
1770200592.1064 0.4045 -0.0034 0.8884
1770200592.1177 0.4058 -0.0071 0.8955
1770200592.1301 0.4011 0.0017 0.8940
1770200592.1416 0.4021 -0.0056 0.8967
1770200592.1540 0.4058 0.0024 0.8916
1770200592.1662 0.4053 0.0022 0.9006
1770200592.1784 0.4082 -0.0024 0.8857
1770200592.1897 0.4023 -0.0027 0.8958
1770200592.2018 0.4058 0.0000 0.8943
1770200592.2141 0.4060 -0.0051 0.8943
1770200592.2263 0.4033 0.0015 0.8970
1770200592.2384 0.4023 -0.0012 0.8938
1770200592.2497 0.4041 -0.0034 0.8875
1770200592.2618 0.4084 -0.0041 0.8943
1770200592.2742 0.4041 -0.0032 0.9009
1770200592.2864 0.4038 -0.0046 0.8911
1770200592.2975 0.4011 -0.0020 0.8972
1770200592.3099 0.4026 0.0005 0.8909
1770200592.3222 0.4038 0.0005 0.8901
1770200592.3345 0.4053 -0.0037 0.8933
1770200592.3459 0.4031 0.0002 0.8933
1770200592.3582 0.4053 -0.0032 0.8950
1770200592.3697 0.4045 -0.0088 0.8889
1770200592.3821 0.4023 -0.0037 0.8977
1770200592.3935 0.4058 -0.0041 0.8936
1770200592.4057 0.4062 -0.0032 0.8914
1770200592.4183 0.4043 0.0017 0.8918
1770200592.4305 0.4016 0.0002 0.8953
1770200592.4418 0.4019 -0.0034 0.8943
1770200592.4541 0.4053 -0.0012 0.8943
1770200592.4665 0.4033 0.0015 0.8967
1770200592.4776 0.4041 0.0005 0.8877
1770200592.4901 0.4055 -0.0054 0.8914
1770200592.5023 0.4062 0.0007 0.8940
1770200592.5138 0.4124 -0.0017 0.8914
1770200592.5260 0.4094 -0.0044 0.8896
1770200592.5385 0.4099 -0.0071 0.8906
1770200592.5499 0.4067 -0.0034 0.8928
1770200592.5621 0.3999 -0.0024 0.8923
1770200592.5743 0.3992 0.0000 0.8918
1770200592.5855 0.3992 0.0020 0.8958
1770200592.5976 0.4026 0.0005 0.8906
1770200592.6100 0.3987 0.0059 0.8984
1770200592.6222 0.4014 0.0024 0.8926
1770200592.6343 0.3999 -0.0054 0.8936
1770200592.6465 0.3940 -0.0059 0.8987
1770200592.6576 0.4121 -0.0142 0.8958
1770200592.6699 0.4131 -0.0090 0.8928
1770200592.6822 0.4097 -0.0073 0.8784
1770200592.6942 0.4092 -0.0054 0.8845
1770200592.7065 0.4155 0.0010 0.9016
1770200592.7176 0.4099 -0.0017 0.8931
1770200592.7311 0.4009 0.0022 0.8899
1770200592.7427 0.4006 0.0049 0.8909
1770200592.7542 0.3972 0.0020 0.8931
1770200592.7663 0.3977 0.0007 0.9026
1770200592.7780 0.4016 -0.0029 0.8914
1770200592.7900 0.3984 -0.0059 0.8997
1770200592.8026 0.3999 -0.0039 0.8872
1770200592.8140 0.4006 -0.0098 0.8940
1770200592.8265 0.4082 -0.0068 0.8982
1770200592.8379 0.4053 -0.0054 0.8909
1770200592.8498 0.4126 -0.0032 0.8894
1770200592.8623 0.4060 -0.0002 0.8914
1770200592.8738 0.4084 0.0066 0.8945
1770200592.8862 0.4055 0.0090 0.8904
1770200592.8984 0.3992 0.0059 0.8914
1770200592.9098 0.4026 -0.0034 0.8958
1770200592.9221 0.4014 -0.0044 0.8950
1770200592.9345 0.3982 -0.0083 0.8943
1770200592.9459 0.3987 -0.0088 0.8960
1770200592.9581 0.4011 -0.0078 0.8892
1770200592.9705 0.4080 -0.0044 0.9004
1770200592.9816 0.4058 -0.0039 0.8958
1770200592.9938 0.4099 -0.0005 0.8982
1770200593.0059 0.4038 0.0002 0.8879
1770200593.0183 0.4058 0.0054 0.8909
1770200593.0305 0.4045 0.0005 0.8726
1770200593.0417 0.4133 0.0029 0.9248
1770200593.0538 0.4141 0.0049 0.8975
1770200593.0661 0.3987 -0.0027 0.8691
1770200593.0783 0.3967 -0.0081 0.9104
1770200593.0906 0.4084 -0.0090 0.8909
1770200593.1016 0.4075 -0.0103 0.8804
1770200593.1140 0.4045 -0.0066 0.8967
1770200593.1262 0.4094 -0.0115 0.8962
1770200593.1380 0.4114 -0.0029 0.8955
1770200593.1504 0.4126 -0.0007 0.8818
1770200593.1627 0.4167 0.0044 0.8923
1770200593.1738 0.4048 0.0032 0.8965
1770200593.1862 0.3989 0.0007 0.8816
1770200593.1983 0.4033 0.0037 0.8936
1770200593.2107 0.3979 -0.0007 0.8914
1770200593.2218 0.3916 -0.0034 0.8994
1770200593.2341 0.3955 -0.0059 0.8953
1770200593.2463 0.4036 -0.0041 0.8918
1770200593.2585 0.4067 -0.0032 0.8933
1770200593.2699 0.4019 -0.0076 0.8945
1770200593.2822 0.4041 -0.0063 0.8975
1770200593.2943 0.4084 -0.0041 0.8926
1770200593.3066 0.4111 0.0015 0.8960
1770200593.3177 0.4121 0.0005 0.8926
1770200593.3303 0.4109 -0.0002 0.8901
1770200593.3419 0.4055 -0.0002 0.8945
1770200593.3542 0.3999 -0.0017 0.8899
1770200593.3665 0.3987 -0.0076 0.8953
1770200593.3786 0.3994 -0.0037 0.8940
1770200593.3897 0.3962 -0.0029 0.8894
1770200593.4020 0.3982 -0.0049 0.8958
1770200593.4142 0.3972 -0.0017 0.8779
1770200593.4264 0.4084 -0.0005 0.9075
1770200593.4386 0.4126 -0.0017 0.9214
1770200593.4498 0.4028 -0.0017 0.8521
1770200593.4621 0.4041 0.0012 0.9021
1770200593.4743 0.4097 -0.0002 0.9136
1770200593.4865 0.4180 0.0010 0.8762
1770200593.4986 0.4089 -0.0024 0.8982
1770200593.5098 0.4092 -0.0063 0.8884
1770200593.5221 0.4065 0.0015 0.8877
1770200593.5344 0.4050 0.0034 0.9148
1770200593.5460 0.3960 -0.0002 0.8865
1770200593.5582 0.3950 -0.0029 0.8831
1770200593.5705 0.3994 -0.0049 0.8967
1770200593.5827 0.4023 -0.0046 0.9050
1770200593.5938 0.4006 -0.0044 0.8965
1770200593.6060 0.3977 -0.0041 0.8875
1770200593.6183 0.3997 0.0015 0.8872
1770200593.6305 0.4138 0.0020 0.8960
1770200593.6428 0.4150 -0.0020 0.8906
1770200593.6538 0.4111 -0.0027 0.8879
1770200593.6661 0.4116 -0.0078 0.8901
1770200593.6782 0.4077 0.0005 0.8892
1770200593.6905 0.4058 0.0029 0.8953
1770200593.7027 0.3970 0.0037 0.8911
1770200593.7139 0.3977 -0.0022 0.8918
1770200593.7261 0.3958 -0.0007 0.8958
1770200593.7387 0.3943 -0.0024 0.8970
1770200593.7498 0.3928 -0.0037 0.8882
1770200593.7621 0.3962 -0.0029 0.8938
1770200593.7744 0.3994 0.0015 0.8904
1770200593.7866 0.4048 -0.0002 0.8914
1770200593.7988 0.4016 -0.0020 0.8945
1770200593.8100 0.4097 -0.0037 0.8977
1770200593.8222 0.4189 -0.0032 0.8884
1770200593.8345 0.4167 0.0012 0.8962
1770200593.8467 0.4141 0.0007 0.8840
1770200593.8580 0.4092 -0.0029 0.8887
1770200593.8703 0.4053 0.0020 0.8911
1770200593.8825 0.4031 0.0012 0.8960
1770200593.8946 0.3992 -0.0059 0.8936
1770200593.9058 0.3936 -0.0054 0.8997
1770200593.9180 0.3982 -0.0005 0.8921
1770200593.9308 0.4004 0.0002 0.8906
1770200593.9420 0.4021 0.0015 0.8911
1770200593.9546 0.4001 -0.0051 0.8955
1770200593.9660 0.4072 -0.0027 0.8875
1770200593.9784 0.4094 -0.0066 0.8904
1770200593.9908 0.4111 -0.0020 0.8938
1770200594.0023 0.4092 0.0007 0.8916
1770200594.0145 0.4065 -0.0017 0.8896
1770200594.0267 0.4067 -0.0022 0.8882
1770200594.0389 0.4028 -0.0010 0.8936
1770200594.0500 0.4014 -0.0010 0.8936
1770200594.0622 0.3972 -0.0007 0.8899
1770200594.0744 0.4045 -0.0041 0.8965
1770200594.0866 0.4036 0.0012 0.8928
1770200594.0987 0.3979 -0.0007 0.8931
1770200594.1100 0.4036 -0.0022 0.8904
1770200594.1223 0.4060 -0.0044 0.8948
1770200594.1351 0.4099 0.0005 0.8943
1770200594.1464 0.4038 -0.0005 0.8877
1770200594.1586 0.4055 -0.0054 0.8904
1770200594.1709 0.4072 -0.0037 0.8879
1770200594.1821 0.4050 -0.0017 0.8945
1770200594.1943 0.4055 -0.0015 0.8943
1770200594.2064 0.4060 -0.0037 0.8921
1770200594.2187 0.4004 -0.0034 0.8950
1770200594.2308 0.4021 -0.0010 0.8965
1770200594.2422 0.4004 -0.0071 0.8936
1770200594.2543 0.4023 -0.0032 0.9023
1770200594.2668 0.4014 -0.0041 0.8933
1770200594.2789 0.4058 -0.0015 0.8916
1770200594.2912 0.4058 -0.0020 0.8894
1770200594.3034 0.4060 -0.0032 0.8909
1770200594.3146 0.4058 -0.0056 0.8958
1770200594.3268 0.4087 -0.0034 0.8889
1770200594.3388 0.4067 -0.0046 0.8928
1770200594.3511 0.4043 -0.0017 0.8896
