% Gyro logfile (IMU1)
% 1 	Time (sec)
% 2-4 	Gyro (x,y,z)
% Gyro offset 0 0 0
1770200583.8361 -2.8909 -0.5341 -3.7383
1770200583.8480 -3.6539 -0.2594 -2.3956
1770200583.8600 -4.1422 -0.3204 -1.2054
1770200583.8720 -4.5694 -0.4120 0.2595
1770200583.8839 -4.9966 -0.7782 0.3205
1770200583.8958 -3.2266 -0.9613 -1.1443
1770200583.9080 -2.7994 -1.1139 -2.3651
1770200583.9199 -2.2806 -0.9613 -5.2337
1770200583.9320 -2.4026 -1.2054 -7.1563
1770200583.9439 -2.4942 -1.2665 -8.2855
1770200583.9559 -2.1585 -1.0223 -8.5906
1770200583.9680 -3.0740 -1.0529 -7.9193
1770200583.9799 -3.7149 -1.2360 -6.7291
1770200583.9919 -3.5013 -1.2970 -4.8980
1770200584.0039 -2.8299 -0.7172 -3.3721
1770200584.0158 -2.0364 -0.7782 -2.7007
1770200584.0279 -1.3345 -0.5035 -2.2125
1770200584.0399 -0.6631 -0.3204 -1.8463
1770200584.0519 -0.1749 0.1068 -1.3580
1770200584.0641 0.1913 -0.0153 -0.2899
1770200584.0763 0.0998 0.0153 0.1679
1770200584.0872 0.6186 -0.0458 0.5646
1770200584.1002 0.7712 0.1678 0.5341
1770200584.1112 0.4660 -0.0763 -0.1983
1770200584.1242 0.4050 -0.2289 0.2900
1770200584.1355 0.4355 -0.0153 0.5341
1770200584.1476 -0.6021 -0.1373 0.5341
1770200584.1595 -0.7242 -0.1068 -0.4424
1770200584.1715 -0.5106 0.1068 -0.5645
1770200584.1835 -0.6021 -0.0763 -0.2899
1770200584.1954 -1.0599 -0.2899 0.0458
1770200584.2075 -0.5716 -0.0763 -0.1678
1770200584.2194 -0.9378 -0.3510 -0.5950
1770200584.2314 -1.1514 -0.3510 -1.3885
1770200584.2434 -0.8768 -0.3815 -2.3956
1770200584.2553 -0.7852 -0.5341 -3.2195
1770200584.2674 -0.7547 -0.4730 -3.4026
1770200584.2794 -1.1514 -0.5646 -3.3416
1770200584.2913 -1.7923 -0.5951 -2.8228
1770200584.3033 -1.5787 -0.5035 -2.7313
1770200584.3154 -1.5482 -0.6561 -2.4261
1770200584.3275 -1.8228 -0.7477 -2.1209
1770200584.3396 -1.3345 -0.3510 -2.1819
1770200584.3516 -1.3651 -0.2899 -2.1514
1770200584.3639 -1.5176 -0.8087 -2.8533
1770200584.3758 -1.4566 -0.5646 -2.8228
1770200584.3879 -1.6702 -0.4730 -2.8839
1770200584.3998 -1.7313 -0.7477 -2.8839
1770200584.4118 -1.6397 -0.6256 -3.3416
1770200584.4239 -1.5787 -0.3204 -3.4332
1770200584.4361 -1.2125 -0.5341 -3.5858
1770200584.4473 -1.3040 -0.5951 -3.0670
1770200584.4595 -1.0599 -0.5035 -3.3111
1770200584.4716 -1.1819 -0.3815 -2.9144
1770200584.4838 -1.2125 -0.7172 -2.7007
1770200584.4960 -1.3040 -0.4425 -1.9073
1770200584.5083 -1.2735 -0.3204 -1.5106
1770200584.5194 -0.9988 -0.0763 -1.1749
1770200584.5320 -0.6631 -0.3204 -1.3885
1770200584.5443 -0.9073 -0.4425 -1.6937
1770200584.5555 -1.4871 -0.3510 -2.3345
1770200584.5678 -1.2735 -0.7477 -2.6397
1770200584.5800 -1.6397 -0.4120 -2.8839
1770200584.5921 -1.3040 -0.3204 -3.1280
1770200584.6035 -1.4566 -0.5951 -2.9754
1770200584.6160 -0.7547 -0.3510 -2.4871
1770200584.6274 -0.4495 -0.3815 -1.4800
1770200584.6399 -0.5411 -0.2594 -0.9307
1770200584.6516 -1.1819 -0.3204 -0.6561
1770200584.6635 -12.3209 -6.3324 -1.5411
1770200584.6763 1.8088 0.9918 -3.7383
1770200584.6882 -0.3885 1.4801 -2.7618
1770200584.7000 -4.0506 -0.6256 -4.0435
1770200584.7123 -3.1351 -0.9003 -4.5013
1770200584.7237 -2.1280 -0.6561 -5.0506
1770200584.7360 -2.5247 -1.5717 -4.8370
1770200584.7474 -2.4637 -1.2665 -4.6844
1770200584.7596 -2.7078 -1.1749 -3.8604
1770200584.7719 -2.1280 -1.6327 -3.5552
1770200584.7842 -4.2947 -1.2665 -3.4026
1770200584.7964 -1.9144 -1.2665 -3.8604
1770200584.8076 -1.3040 -0.7477 -3.8604
1770200584.8198 -1.0904 -0.5035 -3.5858
1770200584.8319 -1.2430 -0.7172 -3.3721
1770200584.8442 -1.3651 -0.2899 -3.3416
1770200584.8563 -1.4261 -0.3510 -4.0740
1770200584.8677 -2.0364 -1.1444 -3.9520
1770200584.8798 -2.3111 -0.8087 -4.4708
1770200584.8920 -2.4637 -1.6022 -4.8065
1770200584.9042 -3.0740 -1.2360 -5.4168
1770200584.9165 -2.6163 -1.2665 -5.5389
1770200584.9277 -2.0059 -1.2360 -5.1116
1770200584.9405 -1.9754 -1.2970 -4.4708
1770200584.9517 -2.0670 -1.3886 -3.9214
1770200584.9641 -1.9449 -0.8392 -3.4637
1770200584.9761 -2.0670 -1.1749 -2.7923
1770200584.9885 -1.7007 -0.7477 -2.7313
1770200584.9996 -0.6937 0.2594 -2.2125
1770200585.0118 -1.4261 -1.0223 -1.6937
1770200585.0241 -0.4800 -0.4425 -1.2054
1770200585.0363 0.2524 0.1678 -0.6561
1770200585.0475 -0.2054 0.0763 -0.0762
1770200585.0598 0.3134 0.2289 -0.0152
1770200585.0719 0.4050 -0.0153 -0.3509
1770200585.0842 -1.1209 -0.7782 -0.3204
1770200585.0963 -1.5787 -0.5646 -0.4730
1770200585.1076 -0.1443 0.3510 -1.1138
1770200585.1203 -1.3956 -0.3204 -2.3040
1770200585.1317 -2.3416 -1.2054 -3.2501
1770200585.1440 -0.9073 -0.8392 -4.3792
1770200585.1564 -1.5176 -1.3580 -5.0811
1770200585.1675 -2.8604 -1.4801 -5.3863
1770200585.1798 -1.8838 -1.3275 -6.0272
1770200585.1919 -2.7994 -1.8463 -5.5389
1770200585.2040 -4.5999 -1.6632 -6.0882
1770200585.2163 -3.2266 -1.7853 -6.8511
1770200585.2285 -2.6163 -1.9073 -7.3394
1770200585.2396 -3.8370 -1.9073 -7.9803
1770200585.2518 -4.2337 -2.2430 -7.4310
1770200585.2642 -3.4708 -1.9684 -7.2784
1770200585.2765 -2.6773 -1.3886 -6.5154
1770200585.2877 -1.9144 -0.4730 -5.6915
1770200585.3000 -2.0670 -1.1444 -3.7078
1770200585.3121 -0.8463 -0.6256 -1.3275
1770200585.3244 0.4660 -0.0458 0.5646
1770200585.3356 1.0153 -0.0153 0.4426
1770200585.3480 0.5270 0.3204 -0.3509
1770200585.3602 0.4965 0.8698 -0.5645
1770200585.3724 -0.5716 -0.1068 0.6257
1770200585.3835 -0.4190 -0.3510 0.4426
1770200585.3957 0.6491 0.2594 -0.5645
1770200585.4079 0.9543 0.5341 -0.1983
1770200585.4202 -0.5106 -0.1678 -0.1373
1770200585.4323 1.9308 0.9613 0.2289
1770200585.4445 -1.4566 -0.8392 0.5036
1770200585.4556 -0.7852 1.0834 0.1069
1770200585.4679 0.2524 0.5951 -0.0457
1770200585.4801 -0.5411 -0.4730 -0.4730
1770200585.4923 0.1913 0.0458 0.2289
1770200585.5044 0.2524 0.0458 0.0764
1770200585.5167 -0.0223 -0.2289 0.0153
1770200585.5279 -0.1138 -0.2289 -0.4424
1770200585.5405 0.7407 -0.4120 -0.3509
1770200585.5516 -0.5106 -1.1139 -0.5950
1770200585.5640 0.0082 1.1139 0.2289
1770200585.5761 0.5576 0.2289 0.4120
1770200585.5883 -0.2969 -0.7477 0.1069
1770200585.6004 0.0388 0.1984 -0.1678
1770200585.6126 0.4965 -0.1068 0.1679
1770200585.6238 0.0693 -0.2594 -0.1067
1770200585.6360 0.3134 0.4120 0.3815
1770200585.6482 1.1679 0.3204 0.3510
1770200585.6605 0.4355 -0.5035 0.8088
1770200585.6726 1.2900 0.5951 1.2360
1770200585.6839 0.3134 -0.1984 1.5412
1770200585.6959 -0.4190 -0.5035 1.0834
1770200585.7081 0.7407 0.7477 1.0224
1770200585.7204 0.5881 0.4120 0.9308
1770200585.7326 -0.2664 -0.4120 0.9003
1770200585.7438 1.3205 0.5341 1.0529
1770200585.7561 0.8932 0.0763 0.8393
1770200585.7684 0.4660 -0.4120 1.1445
1770200585.7807 1.6257 0.5646 1.8769
1770200585.7917 1.1374 0.1068 2.3957
1770200585.8038 0.2829 -0.2594 2.5483
1770200585.8161 2.0529 0.6561 2.4872
1770200585.8283 0.9848 0.1068 3.4028
1770200585.8405 1.7477 -0.0153 3.6774
1770200585.8517 3.0905 1.2054 4.3183
1770200585.8638 2.9379 0.6256 4.9286
1770200585.8760 2.6633 0.1984 5.8137
1770200585.8882 4.1281 1.1139 6.0273
1770200585.9006 2.4802 0.1678 6.5766
1770200585.9117 2.8159 0.5646 6.7292
1770200585.9239 3.5788 0.8392 5.0812
1770200585.9362 1.1679 0.5035 1.9379
1770200585.9477 -0.3275 0.2289 -1.3885
1770200585.9600 -0.9073 0.1678 -1.0528
1770200585.9725 -2.1890 -0.0153 0.2900
1770200585.9847 -0.6326 0.4425 1.6022
1770200585.9958 0.4050 0.5341 1.4802
1770200586.0081 0.5881 0.6866 1.8159
1770200586.0204 1.5952 0.3815 3.4638
1770200586.0325 2.5107 1.1444 5.8137
1770200586.0447 1.7783 0.8698 7.9499
1770200586.0558 2.6328 1.9073 9.5063
1770200586.0681 4.1891 2.4261 11.0932
1770200586.0804 3.2126 1.3886 12.1613
1770200586.0925 3.8535 1.6327 14.2365
1770200586.1046 5.8676 3.1281 15.0300
1770200586.1159 5.1352 2.0294 15.1520
1770200586.1281 7.3630 3.4027 15.9760
1770200586.1407 9.0109 3.0365 17.4103
1770200586.1521 9.3771 2.9755 19.9128
1770200586.1647 9.7128 3.5248 20.5842
1770200586.1764 10.4147 2.4261 20.8283
1770200586.1888 9.2245 2.4261 20.3095
1770200586.1999 10.5063 3.0365 19.1498
1770200586.2122 10.1706 3.0670 18.2343
1770200586.2244 9.9265 2.6398 18.9973
1770200586.2367 10.0180 2.9144 20.1569
1770200586.2478 9.9265 2.2736 22.9035
1770200586.2601 9.8959 2.4567 24.7346
1770200586.2723 11.8796 2.7008 26.0468
1770200586.2845 12.3984 2.9755 27.4201
1770200586.2967 12.2458 2.6093 26.8098
1770200586.3079 14.8093 2.3956 26.0773
1770200586.3201 13.3749 2.1210 24.0632
1770200586.3324 11.9101 2.0294 21.7744
1770200586.3447 11.4218 2.0905 20.8893
1770200586.3560 8.9804 0.4120 20.1874
1770200586.3683 7.4850 0.7782 18.4174
1770200586.3806 7.4240 0.2899 16.8000
1770200586.3927 7.0273 0.3510 13.7482
1770200586.4038 6.3864 0.2594 10.8185
1770200586.4162 6.2643 0.5035 7.5226
1770200586.4284 4.2197 0.8392 4.2267
1770200586.4408 2.9990 0.1068 1.7243
1770200586.4520 2.3581 -0.1984 -0.9918
1770200586.4643 -0.9988 -0.5035 -0.9918
1770200586.4766 -2.1585 -0.0763 -1.2054
1770200586.4878 -1.3040 0.1678 -1.7852
1770200586.5002 -2.2501 -0.7172 -3.1280
1770200586.5125 -2.4332 -0.8392 -3.9520
1770200586.5248 0.2829 0.3204 -4.4097
1770200586.5362 -0.4190 -0.2594 -4.2571
1770200586.5479 -0.9683 -0.0763 -3.6468
1770200586.5602 0.5270 0.4425 -1.7547
1770200586.5725 -0.6631 0.0763 -0.3509
1770200586.5846 -2.0670 -0.6256 0.6867
1770200586.5968 0.0998 0.4120 -0.3814
1770200586.6082 -0.4495 -0.2594 -1.1749
1770200586.6208 -0.4190 -0.1678 -1.7242
1770200586.6322 0.4355 0.6866 -2.5176
1770200586.6444 -0.7852 -0.3204 -2.1209
1770200586.6566 -2.0975 -0.7477 -3.4026
1770200586.6689 -1.7007 -0.0458 -4.3487
1770200586.6801 -4.4778 -1.1749 -5.5999
1770200586.6922 -3.7759 -0.3815 -6.6985
1770200586.7043 -5.4544 0.6561 -7.8582
1770200586.7166 -5.1187 -1.6327 -8.0718
1770200586.7281 -3.5013 0.3815 -7.7972
1770200586.7410 -2.1890 -0.3204 -6.6680
1770200586.7525 -3.5013 -0.8392 -5.3253
1770200586.7644 2.2971 1.2054 -3.1585
1770200586.7767 -2.5247 0.3815 -1.2969
1770200586.7889 -1.1209 -0.4120 2.4872
1770200586.8009 1.3510 -0.5035 1.5107
1770200586.8128 2.7853 1.2054 1.3276
1770200586.8245 0.8932 -0.7782 1.6022
1770200586.8369 -0.1443 -0.3815 0.9919
1770200586.8486 -0.8768 0.3510 1.5412
1770200586.8604 -0.2664 -0.7782 0.7477
1770200586.8721 -0.2359 0.8087 0.8088
1770200586.8849 -0.6021 -0.3815 -0.1678
1770200586.8966 1.3815 1.4801 -0.3509
1770200586.9084 0.0998 -0.4120 -0.4730
1770200586.9200 1.1984 0.2899 -0.3204
1770200586.9323 0.3439 -0.0458 0.1374
1770200586.9445 0.5576 0.6561 -0.5035
1770200586.9568 -0.4800 -0.5646 0.0153
1770200586.9690 -0.6326 -0.3204 -0.2288
1770200586.9802 -0.8463 -0.4730 0.0458
1770200586.9923 -0.6021 -0.0458 -0.0152
1770200587.0045 0.2219 -0.1678 -0.0762
1770200587.0168 -0.3885 -0.1068 0.1069
1770200587.0290 0.4965 0.1373 -0.7781
1770200587.0412 1.6257 1.0529 -0.6866
1770200587.0523 -0.7852 -0.5341 0.1069
1770200587.0644 -0.1138 -0.7172 -0.0457
1770200587.0767 -0.5106 -0.2899 -0.0457
1770200587.0889 -1.3651 0.7477 -0.1983
1770200587.1010 -0.2054 0.2289 -0.2899
1770200587.1123 -0.9073 -0.3204 0.6562
1770200587.1244 -0.5411 0.4120 -0.4119
1770200587.1363 0.9543 0.3204 -0.5645
1770200587.1488 0.0998 -0.0458 0.2900
1770200587.1610 -0.0833 -0.1984 -0.0457
1770200587.1732 -0.0223 0.1068 0.1984
1770200587.1843 0.3439 0.6561 0.0153
1770200587.1965 0.1608 -0.2289 0.0764
1770200587.2088 0.3439 0.1984 0.0764
1770200587.2209 0.1608 0.2289 0.0458
1770200587.2331 -0.6021 -0.4120 -0.4730
1770200587.2453 -0.3885 -0.3204 -0.1678
1770200587.2564 -0.3275 -1.3886 0.0153
1770200587.2688 -0.1749 -0.4730 0.1374
1770200587.2810 0.4660 0.3204 -0.3509
1770200587.2932 0.1913 -0.2899 -0.4730
1770200587.3043 0.0998 0.2594 -0.1678
1770200587.3166 0.0388 -0.3815 0.0458
1770200587.3288 0.0998 -0.1984 -0.8087
1770200587.3405 -0.1749 0.1068 -0.4424
1770200587.3528 -0.5106 -0.3510 -0.1678
1770200587.3651 -0.1138 -0.1678 0.0153
1770200587.3762 -0.5716 -0.0153 -0.1373
1770200587.3885 0.9848 0.7477 -0.2593
1770200587.4007 0.1303 0.4730 -0.4119
1770200587.4130 -0.0833 0.2899 -0.5950
1770200587.4251 0.0082 -0.2899 -0.2288
1770200587.4373 -0.3885 0.0153 0.0153
1770200587.4484 -0.4190 -0.0458 -0.3509
1770200587.4607 -0.2359 -0.3204 -0.5035
1770200587.4729 -0.9378 0.0153 -0.0457
1770200587.4851 -0.8157 0.3510 0.1069
1770200587.4972 -0.7852 -0.5951 -0.0762
1770200587.5085 -0.7242 -0.5341 -0.1067
1770200587.5206 -1.5787 -0.2594 -0.3814
1770200587.5330 0.0388 -0.0763 -0.6255
1770200587.5443 0.7407 -0.0458 -0.3814
1770200587.5568 -0.2664 -0.1984 -0.1373
1770200587.5692 0.0998 -0.5341 0.1679
1770200587.5805 -0.5411 -0.2289 -0.0152
1770200587.5927 -0.2664 0.0153 0.1374
1770200587.6048 0.2829 -0.2594 0.3205
1770200587.6171 -0.2054 0.1068 0.1374
1770200587.6293 0.5270 0.1678 -0.2288
1770200587.6404 -0.2054 -0.2289 -0.2899
1770200587.6526 0.2524 -0.0763 -0.1983
1770200587.6649 -0.1443 -0.3204 0.1069
1770200587.6770 0.0693 -0.0763 0.0153
1770200587.6893 -0.0528 0.0458 0.0764
1770200587.7004 0.1608 0.0153 -0.3814
1770200587.7127 -0.1749 0.1373 0.1374
1770200587.7247 -1.3040 -1.2665 0.1984
1770200587.7372 0.0693 0.3815 0.4426
1770200587.7488 -0.5106 -1.1749 -0.2899
1770200587.7610 -1.3345 -1.8463 -0.3204
1770200587.7733 -0.3580 -0.1373 -4.4097
1770200587.7845 -0.9073 0.1678 -3.5552
1770200587.7966 -0.2664 -2.2736 1.0529
1770200587.8090 0.1913 1.1444 1.1140
1770200587.8211 -1.6092 -1.2665 1.9074
1770200587.8324 -0.0223 0.9613 -0.0152
1770200587.8444 -0.7242 0.1678 -0.2899
1770200587.8567 -0.0528 0.0153 -0.6255
1770200587.8690 0.0998 -0.3815 -0.3204
1770200587.8811 0.0693 -0.5951 -0.0457
1770200587.8933 0.3134 -0.1678 -0.3509
1770200587.9044 -0.4495 -0.2289 -0.1373
1770200587.9166 -0.3275 -0.1678 -0.0152
1770200587.9290 -0.6631 0.0153 0.0458
1770200587.9412 -0.6937 0.2289 0.1679
1770200587.9529 -0.1749 0.0153 -0.0457
1770200587.9647 0.0082 0.0153 -0.4424
1770200587.9771 0.1913 0.0458 0.1374
1770200587.9886 0.5576 -0.0458 -0.0457
1770200588.0012 0.4050 0.3204 -0.5645
1770200588.0128 0.3745 0.1678 -0.2593
1770200588.0253 0.4965 -0.2899 0.3510
1770200588.0368 0.4660 0.1984 1.2055
1770200588.0491 1.4120 0.5341 2.4262
1770200588.0614 1.1984 -0.9003 4.6540
1770200588.0726 2.0224 -0.7172 4.5624
1770200588.0849 2.2055 0.4730 3.6469
1770200588.0970 2.2971 -0.1984 3.9521
1770200588.1092 2.6938 0.7782 3.3417
1770200588.1214 2.4191 0.8087 2.7009
1770200588.1327 1.9919 2.0294 1.2971
1770200588.1453 1.4120 1.6327 0.7172
1770200588.1565 0.7407 3.0060 0.5952
1770200588.1689 1.0764 3.7079 2.3041
1770200588.1809 0.3745 7.9193 3.7385
1770200588.1932 1.1374 11.5204 2.3957
1770200588.2053 3.4872 9.7198 3.7690
1770200588.2165 4.3417 10.0250 5.1423
1770200588.2287 4.1586 14.7552 3.1586
1770200588.2408 2.6633 18.2037 1.1445
1770200588.2529 1.4731 19.3024 -0.0762
1770200588.2652 0.2524 17.5323 -2.7923
1770200588.2774 -2.0059 13.6566 -4.1961
1770200588.2887 -2.3111 10.3302 -5.0506
1770200588.3008 -4.6915 7.0648 -4.2266
1770200588.3131 -6.3089 6.3019 -2.2430
1770200588.3252 -7.9568 5.9967 0.2595
1770200588.3375 -6.9193 6.4240 0.9614
1770200588.3490 -4.8135 5.1422 -0.4730
1770200588.3612 -1.2125 2.1210 -3.3721
1770200588.3734 1.0764 -3.8605 -4.6234
1770200588.3856 2.9684 -9.9945 -3.3111
1770200588.3967 2.2665 -14.6637 -0.7476
1770200588.4090 0.7101 -16.4032 1.2360
1770200588.4211 -1.1819 -16.1896 1.8159
1770200588.4334 -1.7313 -15.6097 1.1140
1770200588.4455 -1.5482 -16.5558 0.4731
1770200588.4567 -1.0294 -18.4479 -0.8087
1770200588.4689 5.6540 -4.1351 0.0458
1770200588.4812 6.9052 8.1329 0.1679
1770200588.4933 6.2338 -0.0458 0.7477
1770200588.5054 3.5178 0.8087 1.4802
1770200588.5176 2.3581 -0.3510 2.7924
1770200588.5289 0.9238 -0.5341 3.4333
1770200588.5415 0.0693 0.3204 3.0060
1770200588.5537 -0.4800 0.5951 0.9308
1770200588.5649 0.8017 -0.2899 -0.5950
1770200588.5770 1.1679 -0.6256 -0.5645
1770200588.5894 1.1984 -0.4120 -0.0152
1770200588.6015 0.4050 -0.4730 0.4731
1770200588.6127 -0.4495 0.0153 0.9308
1770200588.6249 -0.9683 -0.7477 0.8698
1770200588.6370 -2.4332 -0.6256 0.5646
1770200588.6493 -0.7852 0.2594 -0.1678
1770200588.6615 -0.7852 -0.4120 -0.4119
1770200588.6737 -0.4190 -0.4120 -0.3204
1770200588.6849 -0.0528 -0.5035 -0.4119
1770200588.6970 -0.3275 0.2594 0.1374
1770200588.7093 -0.3275 0.2899 0.0764
1770200588.7215 -0.8157 -0.7477 -0.0762
1770200588.7328 0.1303 0.5951 0.1374
1770200588.7452 0.3134 0.1068 -0.0457
1770200588.7575 0.9238 0.1373 -0.5645
1770200588.7690 1.3205 0.8087 -0.2288
1770200588.7812 0.5881 -0.0153 0.0458
1770200588.7933 -0.0223 0.2594 0.0153
1770200588.8055 -0.0833 0.4120 0.0458
1770200588.8167 -0.0833 0.3510 -0.1067
1770200588.8290 0.0082 0.1068 -0.0152
1770200588.8412 0.5270 0.0763 -0.0152
1770200588.8534 0.6491 -0.1373 -0.1678
1770200588.8647 0.9238 1.0223 -2.3345
1770200588.8768 -2.1585 0.0153 -2.9449
1770200588.8893 -2.3416 0.8698 -5.2642
1770200588.9013 -3.9896 -0.1984 -8.4380
1770200588.9136 -6.0648 0.8087 -11.6729
1770200588.9258 -5.9122 1.5411 -12.8936
1770200588.9372 -3.9590 1.4801 -8.7432
1770200588.9489 -1.6092 -0.0458 -3.0670
1770200588.9611 1.5952 -0.1678 1.1750
1770200588.9732 2.4802 0.1068 1.9684
1770200588.9856 1.9919 -0.2289 1.8159
1770200588.9976 1.8698 -0.1678 2.3347
1770200589.0089 1.1984 -0.0763 2.3347
1770200589.0211 -0.0528 -0.5035 2.3347
1770200589.0333 -0.0223 -0.1068 2.5178
1770200589.0455 0.2219 -0.5951 2.3347
1770200589.0577 -0.3275 -1.4496 1.8159
1770200589.0690 1.8698 0.3815 2.0905
1770200589.0812 1.3205 -0.9003 2.9755
1770200589.0934 0.1608 -0.1678 3.4333
1770200589.1056 0.6186 -0.6866 3.6469
1770200589.1169 0.9848 0.1068 2.7314
1770200589.1293 0.8627 -0.5341 1.9379
1770200589.1414 0.4660 -0.1984 1.3581
1770200589.1537 -0.5106 -0.4730 0.1679
1770200589.1651 -1.0294 -0.5951 -1.1443
1770200589.1775 -1.0294 0.6866 -0.5340
1770200589.1890 -1.4261 0.5035 0.2289
1770200589.2013 -0.4190 0.9613 0.2289
1770200589.2129 -0.0528 0.8087 -1.2359
1770200589.2255 -0.5106 0.8087 -2.3040
1770200589.2377 -1.3040 0.8392 -3.0059
1770200589.2490 -1.7618 1.2970 -3.5247
1770200589.2611 -2.2806 1.4191 -3.7383
1770200589.2735 -2.3721 0.7477 -3.8299
1770200589.2858 -1.4566 0.5951 -3.2806
1770200589.2969 -0.6021 -0.7172 -2.8839
1770200589.3092 -0.1749 -0.0763 -2.7923
1770200589.3215 0.7101 -0.5035 -3.1890
1770200589.3337 0.1913 0.6561 -2.0294
1770200589.3451 -0.8463 1.2665 -1.3275
1770200589.3573 -1.7618 1.2665 -1.9378
1770200589.3697 -2.9214 1.4496 -3.3721
1770200589.3809 -3.3182 0.9613 -5.1727
1770200589.3930 -3.3487 0.4120 -6.8511
1770200589.4053 -3.1961 -0.4730 -7.8582
1770200589.4175 -1.7007 -0.4425 -7.9193
1770200589.4298 -1.3956 -0.1068 -6.4849
1770200589.4410 -0.5106 -0.6561 -4.1351
1770200589.4531 0.1303 -0.4120 -1.7242
1770200589.4655 0.5881 -0.9613 0.5646
1770200589.4776 0.0388 -1.6327 0.2900
1770200589.4889 -0.3580 -1.2360 -0.5035
1770200589.5010 -1.2125 -2.3651 -0.5950
1770200589.5133 -0.1138 -0.0458 -0.3509
1770200589.5255 -0.6631 -1.0223 0.2900
1770200589.5379 -0.1443 -0.5646 -0.2899
1770200589.5494 -0.5411 -0.2594 -0.3204
1770200589.5616 -0.4190 0.2289 -0.1983
1770200589.5737 -0.4800 0.3204 -0.3509
1770200589.5851 -0.5411 0.4425 -0.1067
1770200589.5971 -0.6631 0.1678 0.1374
1770200589.6095 0.2219 -0.0458 0.0153
1770200589.6218 0.0082 0.2899 -0.1373
1770200589.6340 0.0388 -0.3815 0.1069
1770200589.6452 0.4355 0.3204 0.2900
1770200589.6574 0.4965 0.1068 0.0458
1770200589.6697 0.1608 0.0763 -0.1983
1770200589.6820 -0.1443 -0.1678 0.1069
1770200589.6930 0.2829 0.4730 -0.1373
1770200589.7053 0.4050 0.3510 -0.0762
1770200589.7175 0.0693 0.3204 -0.0762
1770200589.7298 0.3745 0.3510 -0.1678
1770200589.7412 0.3745 0.1068 -0.2899
1770200589.7536 0.4050 -0.1373 -0.1067
1770200589.7651 0.5881 -0.1068 0.1069
1770200589.7775 -0.1138 -0.0763 0.0764
1770200589.7898 0.0693 0.0763 0.0153
1770200589.8011 -0.2969 -0.1984 -0.2288
1770200589.8135 -0.2054 -0.2899 0.1069
1770200589.8259 1.1374 0.3815 -0.2593
1770200589.8371 0.1303 -0.2289 -0.1983
1770200589.8495 -0.6021 -0.3510 -0.3204
1770200589.8618 -0.2969 -0.1984 -0.1067
1770200589.8731 -0.5411 -0.4730 0.1069
1770200589.8855 -0.7852 -0.3204 -0.2899
1770200589.8978 -0.6021 -0.2289 -0.3204
1770200589.9091 0.0388 -1.0834 -0.1983
1770200589.9215 -1.1209 -0.3815 -0.3204
1770200589.9332 0.0388 0.3204 -0.5340
1770200589.9452 -0.4800 -0.4425 -0.2288
1770200589.9575 -0.0223 -0.1678 -0.0152
1770200589.9698 -1.1819 1.9379 -0.2288
1770200589.9820 -1.9144 -2.1515 0.3815
1770200589.9931 0.4355 -0.9003 -0.5950
1770200590.0053 1.2289 1.6327 -0.1067
1770200590.0172 0.1303 -0.7172 0.2289
1770200590.0300 0.4965 0.7172 -0.0457
1770200590.0419 -0.8768 0.7172 -0.2288
1770200590.0536 0.5270 -0.1678 -0.5645
1770200590.0656 0.1303 0.0763 -0.0762
1770200590.0773 -0.4190 -0.2899 0.1069
1770200590.0892 0.5270 -0.0153 -0.1373
1770200590.1019 -0.0528 -0.4730 -0.0152
1770200590.1132 -0.4190 -0.3204 -0.1983
1770200590.1253 0.1913 -0.1068 0.1069
1770200590.1377 -0.1443 -0.1678 -0.0457
1770200590.1491 -0.6021 -0.0763 -0.2288
1770200590.1616 0.1913 -0.1068 0.0764
1770200590.1740 0.1303 -0.4730 -0.0152
1770200590.1853 -0.7242 -0.1373 -0.0152
1770200590.1974 -0.3580 -0.2594 -0.1067
1770200590.2096 0.2524 -0.2289 -0.1067
1770200590.2218 -0.7852 0.2289 0.1374
1770200590.2330 0.7101 0.2594 -0.0457
1770200590.2452 0.1303 -0.3815 -0.3814
1770200590.2574 0.3134 0.3510 -0.2288
1770200590.2697 0.2524 -0.1984 0.0764
1770200590.2820 -0.4800 0.1373 0.1069
1770200590.2931 0.0082 0.1984 -0.1373
1770200590.3053 0.5576 -0.0763 -0.3204
1770200590.3175 -0.0528 0.0763 -0.0762
1770200590.3324 -0.1749 -0.0153 0.1374
1770200590.3418 0.0082 -0.0458 -0.1983
1770200590.3540 -0.0833 -0.1678 -0.3204
1770200590.3653 0.0693 -0.1984 -0.1373
1770200590.3775 -0.1443 0.1984 0.0764
1770200590.3897 -0.3885 -0.0153 -0.2899
1770200590.4020 -0.0528 -0.1068 -0.5340
1770200590.4131 0.1608 -0.0458 -0.3204
1770200590.4253 0.0388 0.0458 0.1679
1770200590.4375 -0.1138 -0.2899 -0.0457
1770200590.4497 -0.1443 -0.3204 -0.1678
1770200590.4619 -0.1138 0.1678 -0.1373
1770200590.4731 -0.2664 -0.3815 0.1984
1770200590.4852 0.0998 -0.1984 -0.0152
1770200590.4974 -0.0223 -0.1068 -0.1983
1770200590.5096 0.0388 -0.0763 -0.3509
1770200590.5219 -0.0223 -0.1068 0.0153
1770200590.5331 -0.0223 0.1984 0.0458
1770200590.5456 0.0388 0.2289 -0.2288
1770200590.5582 -0.0223 0.1068 -0.0152
1770200590.5697 -0.0223 0.0153 -0.1067
1770200590.5811 -0.3275 0.1678 0.1069
1770200590.5934 -0.0223 0.0153 0.1984
1770200590.6056 -0.0223 -0.0763 -0.2288
1770200590.6180 0.1608 -0.0763 -0.1983
1770200590.6292 -0.1138 0.1373 -0.1373
1770200590.6417 -0.0528 -0.1678 -0.2593
1770200590.6538 -0.1443 -0.1373 0.0153
1770200590.6651 0.1608 0.0458 -0.2899
1770200590.6773 -0.1138 -0.2289 -0.1983
1770200590.6896 -0.0528 -0.0763 0.1069
1770200590.7017 -0.2664 -0.1373 -0.0762
1770200590.7140 0.0082 0.1373 0.1679
1770200590.7261 -0.1443 0.0458 -0.1373
1770200590.7376 0.0693 0.4120 0.0458
1770200590.7499 -0.1749 -0.1373 -0.1983
1770200590.7612 -0.1138 0.1678 -0.0762
1770200590.7735 -0.0528 0.1984 0.0764
1770200590.7857 0.2219 0.2899 -0.0457
1770200590.7979 -0.1138 -0.1373 -0.3814
1770200590.8091 -0.0833 -0.1373 -0.0152
1770200590.8213 -0.1443 -0.0458 -0.2899
1770200590.8335 -0.0528 -0.1678 -0.1678
1770200590.8455 -0.1138 -0.4120 0.1374
1770200590.8578 -0.2359 -0.3204 -0.0457
1770200590.8701 0.0388 0.1373 0.0764
1770200590.8812 0.1303 0.1373 0.0153
1770200590.8933 -0.1138 0.0153 -0.1678
1770200590.9054 0.1303 0.0153 -0.0457
1770200590.9176 -0.0833 0.0153 0.1069
1770200590.9299 -0.0223 0.0153 -0.4119
1770200590.9415 0.1303 -0.1068 -0.3204
1770200590.9537 0.0082 0.2899 -0.1678
1770200590.9659 -0.2664 0.1984 -0.2899
1770200590.9781 -0.0833 -0.0458 -0.0457
1770200590.9892 -0.1443 0.0458 -0.3204
1770200591.0015 0.0388 -0.3204 -0.1067
1770200591.0136 -0.0833 -0.2899 -0.1067
1770200591.0258 -0.3275 -0.1678 -0.0152
1770200591.0380 -0.3885 -0.0458 0.1374
1770200591.0502 -0.0528 -0.0458 0.0458
1770200591.0616 0.1913 -0.1068 -0.0457
1770200591.0732 -0.0223 0.1678 -0.2899
1770200591.0856 0.2524 -0.0153 -0.1678
1770200591.0981 0.1303 0.2594 -0.3509
1770200591.1094 0.0082 -0.1373 -0.1067
1770200591.1218 0.0998 -0.0153 -0.2288
1770200591.1339 -0.2359 0.1068 -0.0152
1770200591.1462 -0.0528 0.1373 -0.3509
1770200591.1575 -0.0528 -0.0153 -0.1373
1770200591.1699 -0.2054 -0.0763 0.0764
1770200591.1819 -0.1443 -0.0458 0.1374
1770200591.1942 -0.2054 0.0153 0.0458
1770200591.2053 -0.0223 -0.2289 -0.1067
1770200591.2176 -0.0833 -0.0763 -0.1983
1770200591.2298 0.0388 -0.0153 -0.3509
1770200591.2420 0.1303 0.0458 -0.0457
1770200591.2542 0.1303 0.1373 -0.3509
1770200591.2656 -0.2969 -0.0153 -0.1678
1770200591.2778 0.0082 0.2289 -0.4424
1770200591.2901 -0.2664 0.3510 0.1069
1770200591.3022 0.1608 0.0153 0.0458
1770200591.3135 -0.2664 -0.1373 -0.0152
1770200591.3256 -0.0223 -0.0763 -0.1983
1770200591.3381 -0.1138 -0.0153 -0.1373
1770200591.3501 -0.0528 -0.2594 -0.0457
1770200591.3615 -0.1443 -0.3510 0.2900
1770200591.3737 -0.0528 -0.2899 -0.0152
1770200591.3859 0.0082 -0.0458 -0.2288
1770200591.3981 0.2524 -0.2289 -0.1373
1770200591.4093 -0.1443 0.1678 0.0764
1770200591.4214 0.0082 -0.0458 -0.1373
1770200591.4337 -0.3885 -0.0458 -0.1373
1770200591.4457 0.1303 0.0763 0.1069
1770200591.4580 0.0998 -0.0763 0.0153
1770200591.4702 -0.2054 -0.1068 -0.0152
1770200591.4813 0.0082 -0.1678 -0.3814
1770200591.4934 -0.0223 -0.2289 0.0458
1770200591.5055 -0.3580 0.0458 -0.0762
1770200591.5177 0.0693 -0.0763 0.0153
1770200591.5303 0.1913 -0.2289 0.1679
1770200591.5418 0.0388 -0.2289 -0.0762
1770200591.5534 -0.1749 0.0763 -0.1678
1770200591.5660 -0.2664 -0.0153 0.0153
1770200591.5774 -0.0223 -0.0763 -0.0457
1770200591.5899 0.0388 -0.0458 -0.0152
1770200591.6022 -0.1749 0.1678 -0.2288
1770200591.6138 -0.0223 0.0153 -0.1678
1770200591.6262 -0.2054 0.1678 0.2289
1770200591.6376 -0.0833 0.0153 -0.1373
1770200591.6500 -0.1138 -0.0763 -0.2593
1770200591.6613 -0.1443 -0.1068 -0.1373
1770200591.6739 -0.0223 -0.1068 -0.0457
1770200591.6862 -0.0528 -0.1984 0.0458
1770200591.6974 -0.0223 -0.1678 0.0153
1770200591.7096 -0.0223 -0.1373 -0.3509
1770200591.7219 0.1303 -0.0763 -0.0152
1770200591.7334 0.2219 -0.1984 0.2289
1770200591.7458 -0.0833 -0.0153 -0.0457
1770200591.7581 -0.1443 -0.1984 0.1984
1770200591.7694 0.0388 0.0763 -0.1067
1770200591.7815 -0.2054 0.0458 -0.3204
1770200591.7938 0.0998 -0.0763 -0.2288
1770200591.8058 0.0693 -0.0763 -0.1067
1770200591.8181 -0.2359 -0.1068 0.1374
1770200591.8293 -0.2664 -0.1678 -0.0152
1770200591.8415 -0.1443 0.0763 -0.3204
1770200591.8537 -0.0223 0.0458 0.0153
1770200591.8660 0.1303 -0.1984 -0.1373
1770200591.8782 -0.0833 -0.0458 -0.0457
1770200591.8895 -0.2054 -0.1678 0.1679
1770200591.9015 -0.1138 -0.0458 -0.1067
1770200591.9139 -0.2969 0.0763 0.1374
1770200591.9260 -0.0528 -0.0458 -0.1678
1770200591.9376 0.0693 0.0153 0.1069
1770200591.9502 0.1303 0.1068 -0.2593
1770200591.9614 -0.1749 -0.0763 0.1069
1770200591.9736 0.0693 -0.1678 -0.2899
1770200591.9858 -0.0833 0.1984 -0.1373
1770200591.9979 0.0998 0.1068 -0.1373
1770200592.0103 -0.0833 -0.0458 -0.1067
1770200592.0214 -0.0833 -0.1678 -0.2899
1770200592.0337 -0.2359 -0.2899 0.0153
1770200592.0458 -0.0223 -0.1068 -0.0762
1770200592.0580 -0.1138 -0.1068 -0.1067
1770200592.0704 0.1303 0.0763 -0.1067
1770200592.0817 -0.1138 -0.0153 0.0153
1770200592.0940 -0.0223 -0.0153 -0.0457
1770200592.1063 0.0693 -0.1984 -0.2593
1770200592.1176 -0.0223 -0.1068 -0.0152
1770200592.1300 0.0082 0.0153 -0.1373
1770200592.1415 0.0388 -0.0153 -0.1983
1770200592.1539 -0.1443 0.1068 -0.1983
1770200592.1661 0.0388 -0.1068 0.0153
1770200592.1783 -0.1443 -0.0458 -0.1983
1770200592.1896 -0.1443 0.0153 0.0153
1770200592.2017 0.0998 -0.2899 -0.0152
1770200592.2140 -0.2969 0.1068 -0.1067
1770200592.2262 -0.2054 0.0763 -0.1678
1770200592.2383 -0.2054 0.0153 -0.1678
1770200592.2496 -0.0528 0.2289 0.0764
1770200592.2618 0.0082 0.0458 -0.0152
1770200592.2741 -0.2054 0.0763 -0.1373
1770200592.2864 0.0388 -0.1068 -0.1373
1770200592.2975 0.0388 -0.1984 -0.2593
1770200592.3098 -0.0528 -0.2289 -0.1373
1770200592.3221 -0.1749 -0.1068 0.0153
1770200592.3344 -0.1138 0.0458 -0.0152
1770200592.3458 0.0998 -0.0763 -0.0457
1770200592.3581 -0.0223 0.0458 -0.1983
1770200592.3696 0.0998 -0.2594 -0.0762
1770200592.3820 -0.0833 0.0458 0.1679
1770200592.3934 -0.0833 0.1068 -0.2288
1770200592.4056 0.1303 -0.3204 -0.0152
1770200592.4182 -0.1443 -0.1373 0.0764
1770200592.4304 0.0082 0.1068 -0.0152
1770200592.4417 -0.1443 -0.0458 -0.1678
1770200592.4541 -0.0528 0.1678 -0.0457
1770200592.4664 -0.1443 0.0458 0.1679
1770200592.4775 0.0693 0.1678 -0.1983
1770200592.4900 -0.1138 0.0153 -0.0152
1770200592.5022 -0.1138 -0.0153 -0.0152
1770200592.5137 -0.0528 -0.1984 -0.1067
1770200592.5259 -0.1443 0.0763 -0.2899
1770200592.5384 -0.1443 -0.0458 -0.1983
1770200592.5498 0.0388 0.2594 -0.1373
1770200592.5621 0.0388 -0.1373 -0.4119
1770200592.5742 0.0388 0.1678 -0.1678
1770200592.5855 0.0082 0.2899 -0.1678
1770200592.5975 -0.1443 -0.0458 -0.1067
1770200592.6099 -0.2359 -0.0153 0.1984
1770200592.6221 -0.2969 -0.0763 0.0458
1770200592.6342 -0.2664 -0.1373 -0.2899
1770200592.6464 -0.2664 -0.2899 -0.0152
1770200592.6576 -0.1138 0.0763 0.0764
1770200592.6698 -0.2359 -0.0458 -0.0762
1770200592.6821 0.0388 -0.1678 0.1069
1770200592.6942 0.0998 -0.1984 -0.2899
1770200592.7064 0.0388 0.0153 -0.1067
1770200592.7176 -0.0223 0.0763 -0.0762
1770200592.7308 -0.0528 0.0153 -0.0762
1770200592.7425 -0.0528 -0.1678 -0.2593
1770200592.7540 -0.1443 -0.0458 0.1679
1770200592.7662 -0.2664 -0.1373 -0.0152
1770200592.7779 -0.0223 -0.0458 -0.1678
1770200592.7899 0.0388 -0.1068 -0.1678
1770200592.8025 0.0998 -0.1373 -0.0762
1770200592.8139 -0.2664 0.0153 -0.1678
1770200592.8264 0.0082 -0.0153 -0.0457
1770200592.8379 -0.1138 -0.2289 -0.1067
1770200592.8497 0.0998 -0.0763 -0.0457
1770200592.8622 0.2524 0.0458 -0.0457
1770200592.8737 0.0082 -0.0458 -0.1067
1770200592.8861 -0.1443 -0.1068 -0.1983
1770200592.8983 -0.1749 -0.0458 -0.0457
1770200592.9097 -0.3275 -0.1678 -0.2288
1770200592.9220 -0.1138 -0.1984 -0.1067
1770200592.9344 -0.1749 -0.2289 0.1679
1770200592.9459 -0.0833 -0.0458 -0.0152
1770200592.9580 0.0388 -0.2899 -0.1373
1770200592.9704 0.0998 -0.2594 -0.2288
1770200592.9815 -0.0223 -0.1678 -0.0152
1770200592.9937 0.1913 0.0153 0.1984
1770200593.0059 -0.0833 -0.1068 -0.0457
1770200593.0182 -0.0833 -0.3510 -0.0457
1770200593.0304 -0.2359 -0.4120 -0.1983
1770200593.0416 0.0693 0.1068 -0.0152
1770200593.0537 -0.1138 0.2594 0.1069
1770200593.0661 -0.2054 0.0763 -0.1983
1770200593.0782 -0.2054 -0.2594 0.0458
1770200593.0905 -0.3580 -0.6561 -0.0152
1770200593.1016 -0.1443 0.0153 -0.0152
1770200593.1139 0.1608 -0.0763 -0.2899
1770200593.1261 0.1608 -0.1068 -0.0457
1770200593.1378 0.0693 -0.2289 0.2595
1770200593.1504 0.0998 -0.2289 -0.1067
1770200593.1626 0.1913 0.3815 -0.2593
1770200593.1737 0.1608 0.1984 -0.2288
1770200593.1861 0.1608 -0.0763 -0.0457
1770200593.1982 -0.1138 -0.1068 -0.0152
1770200593.2106 -0.1443 0.1068 -0.1983
1770200593.2217 -0.2359 0.1068 0.0153
1770200593.2340 -0.1749 -0.0458 0.1679
1770200593.2462 -0.0528 -0.0763 -0.1067
1770200593.2585 -0.3275 -0.0153 -0.3814
1770200593.2698 -0.0528 -0.0458 -0.3204
1770200593.2821 -0.2359 -0.2899 -0.0762
1770200593.2942 -0.0833 -0.2899 -0.1983
1770200593.3065 0.1303 -0.2289 -0.1983
1770200593.3177 0.0693 0.0153 -0.1373
1770200593.3302 -0.1138 -0.1068 0.0153
1770200593.3418 -0.2054 -0.0763 0.1374
1770200593.3541 0.0082 -0.0153 -0.1067
1770200593.3664 -0.2359 0.3204 -0.0457
1770200593.3786 0.0082 0.0763 -0.2899
1770200593.3897 -0.0528 -0.1373 -0.0152
1770200593.4019 -0.1138 -0.1068 0.0153
1770200593.4142 -0.2054 -0.2899 0.0458
1770200593.4264 0.3134 -0.0763 -0.1373
1770200593.4386 0.0998 -0.2594 -0.2593
1770200593.4497 -0.1138 -0.1984 -0.3509
1770200593.4619 0.0082 0.1068 -0.1678
1770200593.4742 -0.2359 -0.2594 0.0458
1770200593.4864 -0.3580 0.2594 -0.0762
1770200593.4985 -0.1443 0.2899 -0.2593
1770200593.5098 0.0082 0.0763 0.0153
1770200593.5220 0.1913 0.5951 -0.1373
1770200593.5343 -0.1443 0.5035 -0.2288
1770200593.5459 0.1303 0.0763 0.0764
1770200593.5581 0.0693 0.2289 0.0764
1770200593.5704 0.0998 0.2289 -0.1983
1770200593.5826 -0.2054 -0.0763 -0.0152
1770200593.5937 -0.2054 -0.1678 -0.2899
1770200593.6059 0.1303 -0.0458 -0.3509
1770200593.6182 0.0693 -0.3510 -0.1067
1770200593.6304 -0.2054 -0.0763 0.2289
1770200593.6427 -0.2359 0.1068 -0.1983
1770200593.6537 -0.1138 -0.1373 -0.2899
1770200593.6661 -0.3885 -0.1068 -0.1373
1770200593.6782 0.1608 0.1373 -0.1067
1770200593.6904 0.0082 0.2289 -0.0762
1770200593.7026 -0.1138 0.0458 -0.4119
1770200593.7138 -0.2359 0.3815 -0.2288
1770200593.7261 -0.1443 0.1678 -0.0762
1770200593.7386 0.0388 -0.1068 -0.1678
1770200593.7497 0.0998 0.0458 -0.2899
1770200593.7620 0.0388 -0.1373 -0.1373
1770200593.7743 0.0693 -0.4120 -0.2288
1770200593.7866 -0.4190 -0.1678 0.0153
1770200593.7987 -0.4190 -0.1678 -0.0457
1770200593.8100 -0.3275 -0.1068 -0.1373
1770200593.8222 -0.0833 -0.1373 -0.3204
1770200593.8344 0.0998 -0.2289 -0.2288
1770200593.8466 0.0388 -0.0763 -0.3814
1770200593.8579 0.0082 0.1068 -0.0762
1770200593.8702 0.0082 0.1678 -0.2593
1770200593.8824 -0.1749 -0.0458 -0.1067
1770200593.8945 -0.2359 0.1984 -0.1373
1770200593.9057 0.1608 0.3204 0.0764
1770200593.9179 -0.1138 -0.0153 0.2595
1770200593.9307 -0.2054 -0.0458 -0.0152
1770200593.9418 -0.2969 -0.2899 -0.0457
1770200593.9543 -0.2664 -0.1984 0.2595
1770200593.9660 -0.2969 -0.1373 -0.0152
1770200593.9783 -0.0528 -0.3204 -0.2593
1770200593.9908 0.0998 -0.2594 -0.0152
1770200594.0022 0.0998 0.0458 -0.2288
1770200594.0144 -0.0223 -0.1678 -0.0457
1770200594.0266 -0.1443 -0.0458 -0.2593
1770200594.0388 -0.0528 0.0153 -0.0762
1770200594.0499 -0.1138 0.1984 0.1984
1770200594.0621 0.0693 0.1373 -0.0762
1770200594.0743 -0.2054 0.2594 -0.0152
1770200594.0865 -0.0528 -0.0458 -0.2899
1770200594.0987 -0.2664 -0.1068 0.1374
1770200594.1099 -0.2359 -0.0153 -0.0457
1770200594.1222 -0.1138 0.0153 -0.3509
1770200594.1350 -0.1138 -0.1984 -0.2288
1770200594.1464 -0.1443 0.0458 -0.2288
1770200594.1585 0.0082 -0.0458 -0.1678
1770200594.1708 0.0998 0.0458 -0.0762
1770200594.1820 0.0388 0.1984 -0.0457
1770200594.1942 -0.1138 0.0458 -0.1678
1770200594.2063 -0.0223 0.0153 -0.0762
1770200594.2186 -0.0528 0.2289 -0.3204
1770200594.2307 -0.0833 -0.1678 -0.1678
1770200594.2421 -0.0833 -0.1068 0.0153
1770200594.2542 0.1303 0.1068 -0.1067
1770200594.2668 -0.0528 0.0763 0.0153
1770200594.2788 -0.0528 -0.4730 0.3815
1770200594.2912 -0.2359 -0.3204 -0.0457
1770200594.3034 -0.2054 -0.0458 -0.4730
1770200594.3145 -0.3580 0.0458 -0.0762
1770200594.3267 -0.2054 0.1984 -0.2593
1770200594.3387 0.0693 0.0458 -0.0152
1770200594.3510 0.0388 -0.0153 0.1069
