% Edge
% 1 	Time (sec)
% 2-10 	sensor notmalized value (0..1000), sensor 0 is left, 0 is no reflection, 1000 is calibrated white
1770200583.836 31 28 39 65 60 41 32 38
1770200583.845 31 28 39 66 61 40 32 38
1770200583.855 30 28 39 66 61 40 32 38
1770200583.865 30 28 39 66 61 40 32 38
1770200583.875 30 28 40 66 61 40 32 38
1770200583.886 30 29 40 66 62 40 32 38
1770200583.895 30 28 40 66 62 40 32 38
1770200583.905 30 28 40 66 62 40 32 38
1770200583.915 30 28 40 66 63 40 32 38
1770200583.925 30 28 40 67 63 40 32 38
1770200583.935 30 28 40 67 63 40 32 38
1770200583.946 30 28 40 67 63 40 32 38
1770200583.956 30 28 40 66 64 40 32 38
1770200583.965 22 22 41 74 87 49 31 43
1770200583.975 24 27 42 68 78 42 34 36
1770200583.985 24 27 39 64 75 41 33 38
1770200583.996 28 29 42 64 74 40 33 37
1770200584.006 26 27 41 64 74 40 32 39
1770200584.015 26 27 41 65 75 40 31 39
1770200584.025 27 26 40 65 75 39 30 38
1770200584.035 26 26 40 65 75 39 31 39
1770200584.045 24 26 40 64 75 39 32 40
1770200584.055 25 26 41 64 75 39 31 40
1770200584.065 26 27 40 64 75 39 32 39
1770200584.076 26 28 40 64 74 39 32 40
1770200584.086 26 27 40 64 73 38 32 40
1770200584.095 26 27 40 64 73 37 32 40
1770200584.105 26 27 41 64 73 37 32 39
1770200584.115 26 28 41 64 73 37 32 40
1770200584.125 26 27 40 65 74 37 31 39
1770200584.135 26 27 40 65 74 37 31 39
1770200584.145 26 27 40 65 74 37 31 39
1770200584.156 26 27 40 66 74 37 31 39
1770200584.166 26 27 40 65 74 37 31 39
1770200584.175 26 27 40 65 74 37 31 39
1770200584.185 27 27 41 65 74 37 31 39
1770200584.195 27 27 41 65 74 37 31 39
1770200584.206 27 27 41 65 74 37 32 39
1770200584.216 27 27 41 65 74 37 32 39
1770200584.226 27 27 41 65 74 37 32 39
1770200584.235 27 27 41 65 74 37 32 39
1770200584.245 27 27 41 65 74 37 32 40
1770200584.255 27 27 41 65 74 37 32 40
1770200584.266 26 27 41 66 74 37 32 40
1770200584.276 26 27 41 65 74 37 32 40
1770200584.285 27 27 41 65 74 37 32 40
1770200584.295 27 27 40 65 74 37 32 40
1770200584.305 26 27 40 65 74 38 32 40
1770200584.315 26 27 40 65 74 37 32 40
1770200584.326 26 27 40 65 74 37 32 40
1770200584.336 27 27 40 65 74 38 32 40
1770200584.346 27 27 40 65 74 38 32 40
1770200584.356 27 27 40 65 74 38 31 39
1770200584.366 27 27 40 65 74 38 31 39
1770200584.375 26 27 40 65 74 38 31 39
1770200584.385 26 27 40 65 74 38 31 39
1770200584.395 26 27 40 65 74 38 31 39
1770200584.405 26 27 40 65 74 38 31 39
1770200584.416 26 27 40 65 74 38 31 39
1770200584.426 26 27 40 65 74 38 31 39
1770200584.436 26 27 40 65 74 37 31 39
1770200584.446 27 27 40 65 74 37 31 39
1770200584.456 27 27 40 65 74 38 31 39
1770200584.466 26 27 40 65 74 38 31 39
1770200584.476 26 27 40 65 74 38 31 39
1770200584.486 26 27 40 65 74 37 31 39
1770200584.496 26 27 40 65 74 37 31 39
1770200584.506 26 27 40 65 74 37 31 39
1770200584.516 26 27 40 65 74 37 31 39
1770200584.526 26 27 40 65 74 37 31 39
1770200584.535 26 26 40 65 74 37 31 39
1770200584.545 26 26 40 65 74 37 31 39
1770200584.555 26 26 40 65 74 37 31 39
1770200584.565 25 29 35 65 73 41 34 39
1770200584.575 22 29 37 64 74 34 27 34
1770200584.585 25 29 37 64 73 36 29 37
1770200584.595 24 30 38 61 71 37 30 40
1770200584.605 24 29 36 60 71 37 30 39
1770200584.616 25 29 36 60 71 36 29 39
1770200584.626 25 28 36 59 70 36 30 40
1770200584.636 24 26 38 62 71 35 29 40
1770200584.645 24 26 36 62 70 35 29 41
1770200584.656 25 27 36 62 70 35 29 40
1770200584.665 25 27 36 62 70 36 29 39
1770200584.676 26 26 36 63 71 35 29 39
1770200584.685 26 26 36 63 72 36 29 39
1770200584.696 25 26 36 64 72 35 29 39
1770200584.705 25 26 36 64 72 35 29 38
1770200584.716 25 26 36 63 73 36 28 37
1770200584.726 26 26 36 63 73 37 28 38
1770200584.736 26 26 36 63 73 36 28 37
1770200584.746 25 26 36 63 73 36 28 38
1770200584.756 25 25 36 64 73 36 29 38
1770200584.766 25 26 36 63 73 37 29 38
1770200584.776 25 26 36 64 74 37 29 37
1770200584.785 25 26 36 64 74 37 29 37
1770200584.796 25 25 35 64 74 37 29 37
1770200584.806 24 25 36 63 74 37 30 37
1770200584.816 24 25 36 63 74 37 30 37
1770200584.826 24 25 35 63 74 37 30 37
1770200584.835 24 25 35 63 74 37 30 37
1770200584.846 25 24 35 63 74 37 30 37
1770200584.856 25 24 35 63 73 37 30 37
1770200584.866 25 24 35 63 73 37 29 37
1770200584.876 25 24 35 63 73 37 30 37
1770200584.886 25 24 35 63 73 37 29 37
1770200584.896 24 24 34 62 73 37 29 37
1770200584.905 24 24 34 62 73 37 29 37
1770200584.916 24 24 34 62 73 37 29 37
1770200584.925 24 24 34 62 73 37 29 37
1770200584.935 24 24 34 62 73 37 29 37
1770200584.946 25 24 34 62 73 37 29 36
1770200584.956 24 23 34 62 73 37 29 36
1770200584.966 24 24 34 62 73 37 29 36
1770200584.976 24 24 34 62 73 37 29 36
1770200584.986 24 24 34 62 73 37 29 36
1770200584.996 25 24 34 62 73 37 29 36
1770200585.006 25 24 34 62 73 37 29 36
1770200585.016 25 24 34 62 73 37 29 36
1770200585.026 25 24 34 62 72 37 29 36
1770200585.036 25 24 34 62 72 37 29 36
1770200585.046 25 24 34 62 72 37 29 36
1770200585.056 25 24 34 62 72 37 29 36
1770200585.066 25 24 34 62 72 37 29 36
1770200585.076 25 24 34 62 72 37 29 36
1770200585.086 25 24 34 62 72 37 29 36
1770200585.096 25 24 34 62 72 37 29 36
1770200585.106 25 24 34 62 72 37 29 37
1770200585.115 25 24 34 62 72 37 29 37
1770200585.126 25 23 34 62 72 37 29 37
1770200585.136 25 23 34 62 72 37 29 36
1770200585.146 25 23 34 62 72 37 29 36
1770200585.156 25 23 34 62 72 37 29 36
1770200585.166 25 23 34 62 72 37 29 36
1770200585.176 26 27 28 56 62 31 26 32
1770200585.186 27 30 32 53 60 35 32 36
1770200585.196 25 29 34 57 61 37 32 35
1770200585.206 25 28 34 56 63 38 32 36
1770200585.216 26 27 33 57 65 38 31 35
1770200585.226 26 25 33 60 66 37 32 37
1770200585.236 24 23 34 63 66 36 32 38
1770200585.246 24 23 33 62 66 37 32 38
1770200585.256 25 23 33 61 67 37 32 38
1770200585.265 25 23 33 61 67 36 33 38
1770200585.276 24 22 32 62 67 37 32 37
1770200585.286 26 22 32 62 68 37 32 37
1770200585.296 25 22 32 62 68 37 32 37
1770200585.306 25 21 32 62 68 36 31 36
1770200585.315 26 21 32 62 68 37 31 35
1770200585.325 26 21 32 62 68 36 30 35
1770200585.335 25 21 32 62 68 37 30 35
1770200585.345 25 21 32 63 67 37 30 34
1770200585.355 25 21 31 62 67 37 30 33
1770200585.365 25 22 31 61 68 37 30 33
1770200585.375 26 22 31 61 67 37 30 33
1770200585.385 26 22 31 61 67 37 30 33
1770200585.395 25 22 31 61 67 37 30 33
1770200585.405 25 22 32 60 67 37 30 33
1770200585.415 25 22 31 60 66 37 30 33
1770200585.425 25 23 31 61 66 37 30 32
1770200585.435 24 22 31 60 65 37 29 32
1770200585.445 24 22 31 61 65 37 29 32
1770200585.455 24 22 31 61 65 37 29 32
1770200585.465 24 22 31 61 66 37 29 32
1770200585.475 23 22 31 60 65 37 29 32
1770200585.485 23 22 31 60 65 37 29 33
1770200585.495 24 22 31 60 65 37 29 33
1770200585.505 23 22 31 61 65 37 29 33
1770200585.516 24 22 31 61 65 37 29 33
1770200585.525 24 22 31 61 65 37 29 33
1770200585.535 24 22 31 61 65 37 28 33
1770200585.546 24 22 31 61 65 37 28 33
1770200585.556 24 22 31 61 65 37 28 33
1770200585.566 24 22 31 60 65 37 28 33
1770200585.576 24 22 31 60 65 37 28 33
1770200585.586 24 22 31 60 65 37 28 33
1770200585.596 24 23 31 60 65 37 28 33
1770200585.606 24 22 31 60 66 37 28 33
1770200585.616 24 23 31 61 66 37 28 33
1770200585.626 24 23 31 61 65 37 28 33
1770200585.636 24 23 31 60 65 37 28 33
1770200585.646 24 23 31 60 65 37 28 33
1770200585.656 24 22 31 60 65 37 28 33
1770200585.666 24 22 31 60 65 37 28 33
1770200585.676 24 22 31 60 65 37 28 33
1770200585.686 24 22 31 61 65 37 28 33
1770200585.696 24 22 31 61 65 37 28 33
1770200585.705 24 22 30 61 65 37 28 33
1770200585.716 24 22 30 61 65 37 28 33
1770200585.725 24 22 30 60 65 37 28 33
1770200585.736 24 22 30 60 65 37 28 33
1770200585.746 24 22 31 60 64 37 28 33
1770200585.756 24 22 31 60 64 37 28 33
1770200585.766 24 22 31 60 64 37 28 33
1770200585.776 22 19 29 64 72 45 27 35
1770200585.786 17 15 31 67 73 38 27 36
1770200585.796 21 17 31 65 69 37 26 36
1770200585.806 22 19 30 64 67 38 26 36
1770200585.816 23 21 30 63 66 37 29 37
1770200585.826 22 20 28 61 66 38 29 37
1770200585.836 22 20 28 60 66 38 29 36
1770200585.846 22 21 30 60 66 37 29 35
1770200585.856 23 21 30 61 66 36 29 34
1770200585.866 23 21 30 61 65 37 29 33
1770200585.876 23 21 30 61 66 38 29 33
1770200585.886 24 22 30 61 66 38 28 33
1770200585.896 24 22 30 62 66 38 28 33
1770200585.906 24 22 31 62 65 38 28 34
1770200585.916 24 23 31 62 64 37 28 35
1770200585.926 24 23 31 61 64 37 29 35
1770200585.936 23 23 31 61 64 37 29 34
1770200585.946 24 23 31 61 65 37 29 33
1770200585.956 23 23 31 62 64 38 29 33
1770200585.965 23 23 31 62 64 38 29 33
1770200585.975 24 23 31 62 64 38 29 33
1770200585.985 24 24 31 62 64 38 29 33
1770200585.996 24 23 31 62 64 38 28 33
1770200586.005 24 24 31 62 64 38 28 33
1770200586.016 24 24 31 62 64 38 28 33
1770200586.025 24 24 31 62 63 38 28 32
1770200586.036 25 24 31 62 64 38 29 32
1770200586.046 25 24 31 61 63 38 29 32
1770200586.056 25 24 31 61 63 38 29 32
1770200586.065 25 24 31 61 63 38 29 32
1770200586.075 25 24 31 61 63 38 29 32
1770200586.086 24 23 32 62 63 38 29 32
1770200586.095 24 23 32 62 63 38 29 33
1770200586.105 24 23 32 62 63 37 29 32
1770200586.116 24 23 32 62 63 37 29 32
1770200586.125 25 23 32 62 64 37 29 32
1770200586.136 25 23 32 62 64 37 29 32
1770200586.146 25 23 32 62 64 38 29 32
1770200586.155 25 23 32 62 64 38 29 32
1770200586.166 25 23 32 62 65 37 29 32
1770200586.176 25 23 32 62 65 38 29 32
1770200586.186 25 23 32 62 65 37 29 32
1770200586.196 25 23 32 62 65 37 29 32
1770200586.206 25 23 33 62 65 37 29 32
1770200586.216 25 24 33 62 65 37 29 32
1770200586.226 25 24 33 62 65 37 29 31
1770200586.236 25 24 33 62 66 37 29 31
1770200586.246 26 24 33 62 66 37 29 32
1770200586.256 25 24 33 63 66 37 30 32
1770200586.266 25 24 34 63 66 37 30 32
1770200586.276 25 24 34 63 66 37 30 32
1770200586.285 25 24 34 63 67 37 30 32
1770200586.296 25 24 34 64 67 37 30 32
1770200586.306 25 24 34 64 67 37 30 32
1770200586.316 26 24 34 64 67 37 30 32
1770200586.326 26 24 34 64 67 37 30 32
1770200586.335 26 25 34 64 67 37 30 32
1770200586.346 26 24 35 64 67 37 30 33
1770200586.356 26 25 35 64 67 37 30 33
1770200586.366 26 25 35 64 68 37 30 33
1770200586.376 58 41 52 70 75 48 35 29
1770200586.386 49 41 48 64 67 43 36 33
1770200586.396 45 41 51 68 70 44 42 35
1770200586.406 41 40 49 67 69 43 39 36
1770200586.416 38 39 49 70 69 44 39 38
1770200586.426 38 39 51 70 67 41 38 40
1770200586.436 36 37 50 72 68 41 39 42
1770200586.446 36 37 49 72 67 40 38 42
1770200586.456 37 37 49 72 67 40 39 42
1770200586.466 37 37 49 73 67 40 38 43
1770200586.476 37 37 48 72 67 40 39 44
1770200586.486 38 38 48 71 67 40 39 44
1770200586.496 38 38 48 71 67 39 39 44
1770200586.506 38 38 48 71 67 40 39 43
1770200586.516 38 38 48 70 66 40 39 41
1770200586.526 38 37 48 70 67 40 38 41
1770200586.536 38 37 48 71 67 40 38 41
1770200586.546 39 37 48 71 67 40 38 42
1770200586.556 38 37 48 72 67 39 38 43
1770200586.565 38 38 49 72 67 39 38 43
1770200586.575 38 38 49 71 67 39 39 43
1770200586.585 38 37 49 71 66 39 39 44
1770200586.597 38 37 49 72 67 39 38 43
1770200586.605 38 37 48 72 67 39 38 43
1770200586.616 38 37 48 72 67 39 38 43
1770200586.626 38 36 48 72 67 39 38 42
1770200586.636 38 37 48 72 67 39 38 42
1770200586.646 38 37 48 71 67 39 39 42
1770200586.656 38 37 48 71 67 39 38 42
1770200586.666 38 37 48 71 67 39 38 42
1770200586.676 38 37 48 71 67 39 38 42
1770200586.686 38 37 48 71 67 39 38 42
1770200586.696 38 37 48 72 67 39 38 42
1770200586.706 38 37 48 71 66 39 38 42
1770200586.716 38 37 48 72 67 39 38 42
1770200586.725 37 37 48 72 67 38 37 42
1770200586.736 37 37 48 72 67 38 37 42
1770200586.746 37 37 48 72 67 38 37 42
1770200586.756 37 37 48 72 67 38 38 42
1770200586.766 37 37 48 72 67 38 38 42
1770200586.777 37 37 48 72 67 39 38 42
1770200586.786 37 36 47 72 68 39 38 42
1770200586.797 37 36 47 72 68 39 38 42
1770200586.807 37 36 47 71 68 39 38 42
1770200586.817 36 36 47 71 68 39 38 42
1770200586.827 36 36 47 71 68 39 38 42
1770200586.837 36 36 47 71 68 38 38 42
1770200586.847 36 36 47 71 68 38 38 42
1770200586.857 36 36 47 71 68 38 38 42
1770200586.867 36 36 47 71 68 39 38 42
1770200586.876 36 36 47 71 68 39 38 42
1770200586.887 36 35 47 71 68 38 38 42
1770200586.896 36 35 47 71 68 38 38 42
1770200586.907 36 35 47 71 68 38 38 42
1770200586.916 36 35 47 71 68 38 38 42
1770200586.927 36 35 47 71 68 38 37 42
1770200586.936 36 35 47 71 68 38 37 42
1770200586.946 36 35 47 71 68 38 37 42
1770200586.956 36 35 47 71 68 38 37 42
1770200586.966 36 36 47 71 68 38 37 42
1770200586.976 30 38 46 64 63 40 47 49
1770200586.986 24 33 48 62 66 33 39 53
1770200586.996 25 33 47 64 67 36 38 48
1770200587.006 29 34 48 66 67 35 38 46
1770200587.016 31 34 48 68 69 36 38 46
1770200587.026 33 32 46 70 69 35 36 46
1770200587.036 33 32 46 70 71 36 36 45
1770200587.046 34 33 45 70 71 37 37 44
1770200587.056 33 33 44 71 71 36 37 44
1770200587.066 34 32 44 70 71 37 38 43
1770200587.076 34 33 44 70 71 37 39 44
1770200587.086 34 33 44 71 71 38 39 44
1770200587.096 34 33 45 70 70 37 39 44
1770200587.106 34 34 45 70 70 37 39 44
1770200587.116 33 34 45 70 70 37 38 43
1770200587.126 33 34 45 70 70 38 39 43
1770200587.137 34 34 45 70 70 37 38 43
1770200587.147 34 34 45 70 70 37 38 43
1770200587.157 33 34 45 70 70 37 38 43
1770200587.167 33 33 45 70 70 37 38 44
1770200587.177 33 33 45 70 70 37 38 43
1770200587.187 34 34 45 70 70 38 37 43
1770200587.197 34 33 44 70 70 37 37 42
1770200587.207 34 33 44 69 70 37 37 42
1770200587.217 34 33 44 70 70 37 37 42
1770200587.227 34 34 45 70 70 38 37 42
1770200587.237 35 34 45 70 70 38 37 42
1770200587.247 35 34 45 70 70 37 37 42
1770200587.257 35 34 45 70 70 38 37 42
1770200587.267 34 33 45 70 70 38 37 42
1770200587.277 34 33 45 70 70 38 37 42
1770200587.287 34 33 45 70 70 38 37 42
1770200587.297 34 34 45 70 70 38 37 42
1770200587.307 34 34 45 70 70 38 37 42
1770200587.316 34 33 45 70 70 38 37 43
1770200587.327 34 33 45 70 70 38 37 43
1770200587.337 33 33 45 70 70 38 37 43
1770200587.347 33 33 45 70 70 38 37 43
1770200587.357 34 33 45 70 70 38 37 43
1770200587.367 34 33 45 70 70 38 37 43
1770200587.377 34 33 45 70 70 38 37 43
1770200587.387 33 33 44 70 70 38 37 43
1770200587.397 33 33 45 70 70 38 37 43
1770200587.407 33 33 45 70 70 38 37 43
1770200587.417 33 33 45 70 70 38 37 43
1770200587.427 33 33 45 70 70 38 37 43
1770200587.437 33 33 45 70 70 38 37 42
1770200587.447 33 33 45 70 70 38 37 42
1770200587.457 33 33 45 70 70 38 37 42
1770200587.467 33 33 45 70 70 38 36 42
1770200587.477 33 33 45 70 70 38 37 42
1770200587.487 33 33 45 70 70 38 37 42
1770200587.497 34 34 45 70 70 38 37 42
1770200587.507 34 34 45 71 71 38 37 42
1770200587.517 34 34 45 71 71 38 37 42
1770200587.527 34 34 45 71 71 38 37 42
1770200587.537 33 34 45 71 70 38 37 42
1770200587.547 33 34 45 71 71 38 37 42
1770200587.556 33 34 45 70 71 38 37 42
1770200587.567 34 34 45 70 71 38 37 42
1770200587.577 35 23 48 80 73 28 30 55
1770200587.587 26 30 57 83 72 41 36 50
1770200587.597 31 31 52 75 71 40 38 50
1770200587.607 33 32 50 75 69 41 37 48
1770200587.617 36 33 48 73 70 40 35 45
1770200587.627 36 34 47 72 69 39 34 43
1770200587.637 35 34 46 71 70 39 35 43
1770200587.647 35 34 47 71 69 38 35 43
1770200587.657 35 35 47 71 69 38 35 42
1770200587.667 35 35 47 69 69 39 35 42
1770200587.677 35 35 46 69 69 39 35 41
1770200587.687 35 35 46 69 69 39 36 41
1770200587.697 34 35 46 68 69 39 35 40
1770200587.707 34 34 46 68 69 38 35 40
1770200587.717 34 35 46 68 69 38 36 41
1770200587.727 35 35 46 69 69 39 36 41
1770200587.737 35 35 46 69 69 40 36 41
1770200587.747 35 35 46 68 69 40 37 42
1770200587.757 35 35 46 69 70 39 36 42
1770200587.766 35 35 46 69 70 39 37 42
1770200587.777 35 34 46 70 70 39 37 42
1770200587.787 34 34 46 69 70 39 37 42
1770200587.796 34 34 46 69 70 39 37 42
1770200587.807 34 34 46 69 70 39 37 41
1770200587.817 34 34 46 69 71 39 37 41
1770200587.827 34 34 46 69 71 38 36 41
1770200587.836 34 34 46 69 70 39 36 41
1770200587.847 34 34 46 69 70 39 37 41
1770200587.856 34 34 46 69 70 39 36 41
1770200587.867 34 34 46 69 70 39 37 41
1770200587.877 34 34 46 69 70 39 37 42
1770200587.887 34 33 46 69 70 38 37 42
1770200587.897 34 34 46 69 70 38 37 42
1770200587.907 34 34 46 69 70 38 37 42
1770200587.917 34 34 46 69 70 39 37 42
1770200587.927 34 33 46 69 70 38 36 41
1770200587.937 34 33 46 69 70 39 36 41
1770200587.947 34 33 46 69 70 38 36 41
1770200587.957 34 33 46 70 70 39 37 41
1770200587.967 34 34 46 69 70 39 37 41
1770200587.977 35 34 46 70 70 39 37 41
1770200587.987 35 34 46 70 71 39 37 41
1770200587.998 35 34 46 70 71 39 37 41
1770200588.007 35 34 47 70 70 39 37 41
1770200588.017 34 34 47 70 70 39 37 41
1770200588.027 34 34 47 70 70 39 37 42
1770200588.037 35 34 47 70 70 39 37 42
1770200588.046 35 34 47 70 70 39 37 42
1770200588.057 35 34 47 70 70 39 37 42
1770200588.067 35 34 47 70 70 39 37 42
1770200588.077 34 34 47 70 70 38 37 42
1770200588.087 34 34 47 70 71 39 37 42
1770200588.097 35 34 47 70 71 39 37 42
1770200588.107 35 34 47 70 71 39 37 42
1770200588.117 35 34 46 70 71 38 36 42
1770200588.127 35 34 46 70 71 39 37 42
1770200588.137 35 34 46 70 71 39 37 42
1770200588.147 34 34 46 70 71 39 37 42
1770200588.157 35 34 46 70 71 39 36 42
1770200588.167 35 34 46 70 71 39 36 42
1770200588.177 31 31 52 74 77 36 33 48
1770200588.187 36 33 46 70 74 36 29 43
1770200588.197 37 34 49 75 75 35 30 38
1770200588.207 37 36 49 77 75 34 33 41
1770200588.217 38 35 50 77 75 36 34 43
1770200588.227 35 34 50 78 75 37 35 44
1770200588.237 35 35 51 78 75 38 35 43
1770200588.247 34 34 50 78 77 39 35 44
1770200588.257 34 34 50 78 78 39 36 44
1770200588.267 35 33 49 78 79 39 35 44
1770200588.277 35 33 49 78 79 39 36 43
1770200588.287 35 33 50 78 79 40 36 43
1770200588.297 36 34 50 78 79 41 37 43
1770200588.307 37 36 50 78 79 41 37 42
1770200588.317 38 36 51 78 80 42 37 42
1770200588.327 38 36 51 79 80 42 37 42
1770200588.337 38 37 52 79 80 42 38 42
1770200588.347 38 38 52 80 80 41 39 43
1770200588.357 38 38 52 81 80 42 39 44
1770200588.367 38 38 52 81 81 41 39 44
1770200588.377 39 38 52 82 81 42 39 44
1770200588.387 39 38 52 82 82 42 38 44
1770200588.398 39 38 52 83 82 41 38 45
1770200588.407 39 38 52 82 82 41 38 45
1770200588.417 39 39 52 82 82 42 38 45
1770200588.427 40 39 53 82 83 42 38 45
1770200588.437 40 38 52 83 83 42 38 45
1770200588.447 40 38 52 83 83 42 38 45
1770200588.457 40 38 52 82 83 42 38 45
1770200588.467 40 38 52 82 83 42 39 45
1770200588.477 40 39 52 82 82 42 39 45
1770200588.487 39 39 52 81 82 42 39 44
1770200588.497 39 39 52 81 82 42 39 44
1770200588.507 39 39 52 81 82 42 39 44
1770200588.517 38 39 51 81 82 42 39 44
1770200588.527 39 39 52 81 81 42 39 45
1770200588.537 39 39 51 81 81 42 39 44
1770200588.547 39 39 51 81 81 42 39 44
1770200588.557 39 39 51 81 82 42 38 44
1770200588.567 38 38 51 81 82 42 38 45
1770200588.577 38 38 51 80 82 42 38 45
1770200588.587 38 38 51 80 81 42 38 45
1770200588.597 38 38 51 80 81 42 38 45
1770200588.607 38 38 51 80 81 42 38 44
1770200588.617 38 38 51 80 81 42 38 45
1770200588.627 38 38 51 80 81 42 38 45
1770200588.637 38 38 51 80 81 41 38 44
1770200588.647 38 38 51 80 81 42 38 44
1770200588.657 38 38 51 80 81 42 38 44
1770200588.667 38 38 51 80 81 41 38 44
1770200588.677 38 38 51 80 81 41 38 44
1770200588.687 38 38 50 80 81 41 38 44
1770200588.697 39 38 50 79 81 41 38 44
1770200588.707 38 38 50 79 81 41 38 44
1770200588.717 38 38 50 79 81 41 38 44
1770200588.727 38 38 50 79 81 41 38 44
1770200588.737 38 38 50 79 80 41 39 44
1770200588.747 38 38 50 79 80 41 38 44
1770200588.757 38 38 50 79 80 41 38 44
1770200588.767 38 38 50 79 80 41 39 44
1770200588.777 38 38 51 79 80 41 39 45
1770200588.787 36 40 51 74 76 41 43 41
1770200588.797 36 38 50 76 79 41 43 40
1770200588.807 35 37 48 73 78 40 38 38
1770200588.818 34 36 50 76 78 36 36 43
1770200588.827 36 35 50 77 78 36 36 44
1770200588.837 36 35 50 77 78 36 35 43
1770200588.847 38 36 51 77 77 36 35 42
1770200588.858 38 37 51 77 77 37 35 42
1770200588.868 38 37 51 77 78 37 34 42
1770200588.878 37 36 51 77 77 37 35 42
1770200588.888 36 36 51 77 77 38 35 42
1770200588.898 36 36 51 77 77 38 35 42
1770200588.908 36 36 50 77 78 39 35 42
1770200588.918 36 36 50 76 77 39 35 42
1770200588.927 37 36 50 76 77 39 35 42
1770200588.937 36 36 50 76 78 39 35 43
1770200588.947 37 36 50 76 78 40 35 42
1770200588.957 37 36 50 76 77 40 35 42
1770200588.967 37 36 50 76 77 40 35 42
1770200588.977 37 36 49 76 77 40 35 43
1770200588.987 37 36 49 75 78 40 35 42
1770200588.997 36 36 49 75 78 40 35 42
1770200589.007 36 36 49 75 77 40 36 42
1770200589.017 36 36 49 74 77 40 36 42
1770200589.027 36 37 49 74 76 40 36 42
1770200589.037 36 37 49 74 76 40 37 43
1770200589.047 36 37 49 74 76 40 37 43
1770200589.057 36 37 49 74 76 40 37 43
1770200589.067 36 37 49 74 76 40 37 44
1770200589.077 36 37 50 74 75 39 37 44
1770200589.088 36 38 50 74 75 39 37 44
1770200589.097 36 37 50 74 76 40 37 44
1770200589.108 36 37 50 74 76 39 37 44
1770200589.118 36 37 50 75 75 39 37 44
1770200589.128 36 37 50 75 76 39 37 45
1770200589.137 36 37 50 75 76 39 37 45
1770200589.148 36 37 50 75 76 39 37 45
1770200589.157 36 37 50 75 76 40 37 44
1770200589.167 36 37 50 75 76 40 38 44
1770200589.177 36 37 50 75 76 40 38 44
1770200589.187 36 37 50 75 76 40 38 44
1770200589.197 37 37 49 75 76 40 38 44
1770200589.207 37 36 49 75 76 40 38 44
1770200589.217 37 36 49 75 76 40 38 44
1770200589.227 37 37 49 75 76 40 38 44
1770200589.237 37 36 49 75 76 40 38 44
1770200589.247 37 36 49 75 76 40 37 44
1770200589.257 37 36 49 75 76 40 37 44
1770200589.268 37 36 49 75 75 40 38 44
1770200589.278 37 37 49 75 75 40 38 44
1770200589.288 37 37 49 75 75 40 38 44
1770200589.298 37 37 49 75 75 40 38 44
1770200589.308 37 37 49 75 75 40 38 44
1770200589.318 37 37 49 75 75 40 38 44
1770200589.328 37 37 49 74 75 40 38 44
1770200589.337 37 37 50 75 75 40 38 44
1770200589.347 37 37 50 75 75 40 38 44
1770200589.357 37 37 49 75 75 40 38 44
1770200589.367 37 37 50 75 75 40 38 44
1770200589.377 37 37 50 75 75 40 38 44
1770200589.387 30 33 46 63 78 43 39 46
1770200589.397 33 37 47 69 77 42 37 43
1770200589.407 33 37 49 76 77 40 36 46
1770200589.417 30 37 53 80 77 40 37 49
1770200589.427 29 37 53 81 76 39 37 49
1770200589.437 30 37 52 80 76 38 37 48
1770200589.447 30 37 51 80 76 38 36 48
1770200589.457 29 35 50 80 77 37 35 48
1770200589.467 30 34 50 79 77 37 34 47
1770200589.477 31 35 49 79 76 38 34 47
1770200589.487 32 35 49 78 76 38 35 48
1770200589.497 32 35 49 78 77 38 35 48
1770200589.507 33 35 48 78 77 38 35 47
1770200589.517 32 35 48 77 77 38 35 46
1770200589.527 32 35 48 77 77 38 35 47
1770200589.538 33 34 48 76 76 38 35 47
1770200589.548 33 35 48 76 76 38 35 46
1770200589.558 33 35 48 76 76 38 35 46
1770200589.568 34 36 48 76 76 38 36 46
1770200589.578 34 36 47 75 76 38 35 45
1770200589.587 34 36 48 75 76 38 35 45
1770200589.598 34 36 48 75 76 38 35 45
1770200589.608 35 37 48 75 76 38 35 45
1770200589.617 35 37 48 76 76 39 35 45
1770200589.627 34 37 48 75 76 39 36 44
1770200589.637 34 37 48 75 76 39 36 44
1770200589.647 34 37 48 76 76 39 36 44
1770200589.657 35 37 48 76 76 39 36 44
1770200589.667 35 37 48 76 76 39 36 44
1770200589.677 35 37 47 75 76 39 36 44
1770200589.687 36 37 47 75 76 39 36 44
1770200589.697 36 37 47 75 76 39 36 44
1770200589.707 36 37 48 75 76 39 37 44
1770200589.717 36 37 48 75 76 40 37 44
1770200589.727 36 37 47 75 76 40 37 44
1770200589.737 36 37 47 75 76 40 37 44
1770200589.748 36 37 47 75 76 40 37 44
1770200589.758 35 37 48 75 76 40 38 44
1770200589.767 35 37 48 75 76 40 37 44
1770200589.777 35 37 48 75 76 40 37 44
1770200589.787 35 37 48 75 76 40 37 44
1770200589.797 35 37 48 75 75 40 37 44
1770200589.807 35 37 48 75 75 40 37 44
1770200589.818 35 37 48 75 75 40 37 44
1770200589.828 35 37 48 75 75 40 37 44
1770200589.838 35 37 48 75 75 39 37 44
1770200589.847 35 37 48 75 75 39 37 44
1770200589.857 35 38 48 75 75 39 37 44
1770200589.867 35 38 48 75 75 39 37 43
1770200589.877 35 38 48 75 75 39 37 43
1770200589.887 35 38 48 75 75 39 37 44
1770200589.897 35 38 48 75 76 39 37 44
1770200589.907 35 38 48 74 76 40 37 44
1770200589.918 35 38 48 74 75 40 37 44
1770200589.928 35 37 48 75 75 40 37 43
1770200589.937 35 37 48 75 76 40 37 44
1770200589.947 35 37 48 75 75 40 37 44
1770200589.957 35 37 48 74 75 40 37 44
1770200589.967 35 38 48 74 75 40 37 43
1770200589.978 35 37 48 74 75 40 37 44
1770200589.988 29 34 39 76 71 32 29 49
1770200589.998 33 33 45 72 71 38 34 47
1770200590.007 36 36 46 67 72 41 39 41
1770200590.018 36 35 46 68 75 42 39 41
1770200590.027 37 34 45 70 73 41 37 40
1770200590.038 37 35 46 71 72 40 37 41
1770200590.047 36 37 47 72 70 41 38 42
1770200590.058 36 37 47 71 70 41 39 43
1770200590.067 37 38 47 71 70 41 39 43
1770200590.077 37 38 47 72 71 42 39 43
1770200590.088 37 39 48 72 71 42 39 43
1770200590.097 36 39 48 72 71 42 39 43
1770200590.107 37 38 48 73 71 41 38 43
1770200590.117 36 38 49 73 72 41 38 44
1770200590.127 36 38 49 74 72 41 38 44
1770200590.137 36 38 48 74 72 41 39 44
1770200590.148 37 38 49 74 73 41 39 43
1770200590.158 37 38 49 74 73 41 39 43
1770200590.168 36 38 49 74 74 42 40 43
1770200590.178 36 38 49 74 73 42 40 44
1770200590.187 36 37 49 75 74 41 40 44
1770200590.197 36 37 49 74 73 41 40 45
1770200590.207 36 37 49 74 73 41 40 45
1770200590.218 36 37 49 75 74 41 39 45
1770200590.227 37 37 48 75 73 41 39 45
1770200590.237 37 36 48 75 73 41 39 45
1770200590.247 37 36 48 75 73 41 39 44
1770200590.257 37 36 48 75 74 41 39 44
1770200590.267 37 36 48 75 74 41 39 44
1770200590.277 37 36 48 75 74 41 39 44
1770200590.287 37 36 48 75 74 41 39 44
1770200590.297 37 36 48 75 74 41 39 44
1770200590.307 37 36 48 75 75 41 39 44
1770200590.317 37 36 48 75 75 41 38 44
1770200590.327 37 36 48 75 75 41 39 44
1770200590.338 37 36 48 75 76 41 39 44
1770200590.348 37 36 48 75 75 41 38 44
1770200590.358 37 36 48 75 75 41 39 44
1770200590.367 37 36 48 75 75 41 38 44
1770200590.377 37 36 48 75 75 41 39 44
1770200590.388 37 37 48 74 75 42 39 44
1770200590.398 37 37 48 74 75 42 39 44
1770200590.407 37 37 48 74 75 42 39 44
1770200590.417 37 37 48 74 75 41 39 44
1770200590.427 37 37 48 74 75 41 39 44
1770200590.437 37 37 48 74 75 41 39 44
1770200590.448 37 37 48 75 75 41 39 44
1770200590.458 37 37 48 75 75 41 39 44
1770200590.468 37 37 48 75 75 41 39 44
1770200590.478 37 37 48 75 75 41 39 44
1770200590.487 37 37 48 75 75 41 39 44
1770200590.497 37 37 48 75 75 41 39 44
1770200590.508 36 37 48 75 75 41 38 44
1770200590.518 36 37 48 75 75 41 38 44
1770200590.528 36 37 48 75 75 41 38 44
1770200590.537 36 37 48 75 76 41 38 44
1770200590.548 36 37 48 75 76 41 39 44
1770200590.558 36 36 48 75 76 41 38 44
1770200590.568 36 36 48 75 76 41 38 44
1770200590.577 36 36 48 75 76 41 38 44
1770200590.587 33 38 45 76 79 36 39 45
1770200590.598 39 43 45 79 78 38 30 40
1770200590.608 35 41 47 80 75 39 34 42
1770200590.618 35 39 46 78 76 39 35 43
1770200590.628 36 37 45 78 76 41 36 41
1770200590.638 36 37 45 78 77 41 34 39
1770200590.648 37 36 44 76 77 42 34 40
1770200590.658 37 35 44 77 77 42 35 40
1770200590.668 38 36 46 76 77 41 35 41
1770200590.678 37 37 46 76 77 41 36 42
1770200590.688 37 37 46 75 76 42 36 41
1770200590.698 37 36 46 74 76 42 36 41
1770200590.708 37 37 46 75 77 42 36 41
1770200590.718 36 36 46 75 77 43 36 41
1770200590.728 35 37 46 75 77 43 36 42
1770200590.737 35 37 46 75 77 42 36 43
1770200590.747 36 38 46 74 77 43 36 44
1770200590.757 36 37 46 74 77 42 36 44
1770200590.768 36 38 47 74 77 42 37 44
1770200590.778 36 38 47 74 77 42 37 44
1770200590.788 36 38 47 73 77 42 37 44
1770200590.798 36 37 47 74 77 42 37 44
1770200590.808 36 38 47 74 76 41 37 44
1770200590.818 35 38 48 74 76 41 37 45
1770200590.827 35 38 48 74 76 41 37 45
1770200590.838 36 38 48 74 76 41 37 44
1770200590.847 36 38 48 74 76 41 38 44
1770200590.858 35 37 47 75 76 41 38 45
1770200590.867 35 37 47 74 76 41 38 45
1770200590.877 35 37 47 75 76 41 38 45
1770200590.887 35 37 48 75 76 41 38 45
1770200590.897 35 37 47 75 76 41 38 45
1770200590.907 35 37 47 75 76 41 38 45
1770200590.918 35 37 47 75 76 41 37 45
1770200590.928 36 37 47 75 76 41 37 45
1770200590.938 36 37 47 76 76 41 37 44
1770200590.948 35 36 47 76 76 41 37 44
1770200590.958 35 36 47 76 76 41 37 44
1770200590.968 35 37 47 76 76 41 37 44
1770200590.978 35 37 47 75 76 41 37 44
1770200590.988 35 37 47 75 76 41 37 44
1770200590.998 35 37 47 75 76 41 37 44
1770200591.008 35 37 47 75 76 41 37 44
1770200591.018 35 37 47 75 76 41 37 44
1770200591.028 35 37 47 75 77 41 37 44
1770200591.038 35 37 47 75 77 41 37 44
1770200591.048 35 37 47 75 76 41 37 44
1770200591.058 35 37 47 75 77 41 37 44
1770200591.068 35 37 47 75 77 41 37 44
1770200591.077 35 37 47 75 77 41 37 44
1770200591.088 35 37 47 75 76 41 37 44
1770200591.098 35 37 47 75 76 41 37 44
1770200591.108 35 37 47 75 76 41 37 44
1770200591.118 35 37 47 75 76 41 37 44
1770200591.128 35 37 47 75 76 41 37 44
1770200591.138 35 37 47 75 76 41 37 44
1770200591.148 35 37 47 75 76 41 37 44
1770200591.158 35 37 47 75 76 41 37 44
1770200591.168 35 37 47 75 76 41 37 44
1770200591.178 35 37 47 74 76 41 37 44
1770200591.188 31 34 52 79 78 46 43 48
1770200591.198 30 40 54 69 72 44 44 42
1770200591.208 33 42 52 74 73 43 43 42
1770200591.217 33 40 51 74 74 42 40 38
1770200591.228 35 40 51 75 74 43 41 41
1770200591.238 35 40 52 77 74 41 40 42
1770200591.248 34 39 52 78 74 42 40 43
1770200591.258 34 39 51 78 75 42 40 43
1770200591.267 34 39 51 78 76 42 40 44
1770200591.278 34 39 52 78 76 41 40 46
1770200591.287 35 38 51 77 76 41 41 45
1770200591.297 34 38 51 77 76 41 41 46
1770200591.307 34 38 51 76 76 41 40 45
1770200591.318 35 37 50 77 77 41 40 45
1770200591.328 33 37 50 78 77 41 40 46
1770200591.338 33 37 50 78 77 41 39 46
1770200591.348 33 37 50 78 77 41 40 45
1770200591.358 34 37 49 78 77 41 39 45
1770200591.368 34 37 49 78 77 41 38 44
1770200591.378 34 37 49 78 78 42 38 44
1770200591.388 34 36 48 77 78 42 38 44
1770200591.398 34 36 48 77 78 41 38 44
1770200591.408 35 37 48 77 78 41 38 44
1770200591.418 35 37 48 77 78 41 38 44
1770200591.428 35 37 48 77 78 42 38 44
1770200591.438 35 37 48 77 78 42 38 44
1770200591.448 36 37 48 77 78 42 38 44
1770200591.458 36 37 48 77 78 42 38 44
1770200591.468 36 37 48 77 78 42 38 44
1770200591.479 36 36 48 77 78 42 38 44
1770200591.489 36 37 48 76 78 42 39 44
1770200591.499 36 37 48 76 78 42 39 44
1770200591.508 36 37 48 76 78 42 39 44
1770200591.519 36 37 47 76 78 42 38 44
1770200591.528 36 37 48 76 78 42 39 44
1770200591.538 36 37 48 76 77 42 39 44
1770200591.548 36 37 48 76 77 42 38 44
1770200591.558 36 37 48 76 77 42 38 44
1770200591.568 35 37 48 76 78 42 39 44
1770200591.578 35 37 48 76 77 42 39 44
1770200591.588 35 37 48 76 78 42 39 44
1770200591.598 35 37 48 76 78 42 39 44
1770200591.608 35 37 48 76 78 42 39 44
1770200591.618 35 37 48 77 77 42 39 44
1770200591.628 35 37 48 77 77 42 39 44
1770200591.638 35 37 48 77 77 42 39 44
1770200591.648 35 37 48 77 77 41 39 44
1770200591.659 35 37 48 77 77 41 38 44
1770200591.668 34 37 48 77 77 41 38 44
1770200591.679 34 37 48 77 77 41 38 44
1770200591.688 34 37 48 76 77 41 38 44
1770200591.698 35 37 48 77 77 41 38 44
1770200591.708 35 37 48 76 77 41 39 44
1770200591.718 35 37 48 76 77 41 39 44
1770200591.728 35 37 48 76 77 41 39 44
1770200591.739 35 37 48 77 77 41 39 44
1770200591.749 34 37 48 77 77 41 38 44
1770200591.759 34 37 49 77 77 41 38 44
1770200591.769 34 36 49 77 77 41 38 44
1770200591.779 34 37 49 77 77 41 38 44
1770200591.789 46 35 38 75 85 42 36 36
1770200591.799 39 34 41 73 82 45 38 45
1770200591.809 38 36 43 74 80 44 40 42
1770200591.819 39 36 43 75 80 45 40 43
1770200591.829 39 35 42 75 80 44 38 42
1770200591.839 38 35 44 76 79 43 38 44
1770200591.849 38 35 45 77 79 42 37 47
1770200591.859 37 35 46 76 78 41 37 48
1770200591.869 39 36 45 77 79 42 36 46
1770200591.879 39 36 44 76 79 42 36 45
1770200591.889 39 36 44 76 79 43 37 45
1770200591.899 39 36 45 76 78 42 36 45
1770200591.909 40 36 45 75 78 42 36 44
1770200591.919 40 36 45 74 78 42 36 44
1770200591.928 40 36 45 74 78 42 37 43
1770200591.939 40 37 46 74 78 42 37 43
1770200591.949 40 37 46 74 77 42 38 44
1770200591.959 40 37 46 73 77 43 37 43
1770200591.969 40 37 46 73 77 43 37 43
1770200591.979 39 37 46 73 77 43 37 43
1770200591.989 39 37 46 73 77 43 37 43
1770200591.999 39 37 46 73 77 43 38 43
1770200592.009 39 37 46 73 76 43 38 43
1770200592.019 38 38 46 73 76 43 38 43
1770200592.029 38 37 46 73 76 43 38 43
1770200592.039 38 38 46 73 76 43 39 44
1770200592.049 38 38 46 73 76 43 39 44
1770200592.059 37 37 46 73 76 43 39 44
1770200592.069 37 37 46 73 76 42 38 44
1770200592.079 37 37 46 73 76 42 39 45
1770200592.089 37 37 46 73 76 42 39 45
1770200592.098 37 37 46 73 76 42 39 45
1770200592.108 37 37 46 73 76 42 39 44
1770200592.118 37 37 46 73 76 42 39 44
1770200592.128 37 37 46 73 76 42 39 44
1770200592.139 36 37 46 73 75 42 38 44
1770200592.149 36 37 46 73 75 41 39 44
1770200592.159 36 37 46 73 75 41 39 44
1770200592.169 36 37 46 73 75 41 38 44
1770200592.179 36 37 46 73 75 41 38 44
1770200592.189 36 37 46 73 75 41 38 44
1770200592.199 36 37 46 73 75 41 38 44
1770200592.209 35 36 46 73 75 41 38 44
1770200592.219 35 36 46 73 75 41 38 44
1770200592.229 35 36 46 73 75 41 38 44
1770200592.239 35 36 46 73 75 41 38 44
1770200592.249 35 36 46 73 75 41 38 44
1770200592.259 35 36 46 73 75 41 38 44
1770200592.269 35 36 46 73 75 41 38 44
1770200592.279 35 36 46 73 75 41 38 44
1770200592.288 35 36 46 73 75 41 38 44
1770200592.298 36 36 46 74 76 41 38 44
1770200592.308 36 36 46 73 76 41 38 44
1770200592.318 36 36 46 73 76 41 38 44
1770200592.328 36 36 46 74 76 41 38 44
1770200592.339 36 36 46 73 76 41 38 44
1770200592.349 36 36 46 73 76 41 38 44
1770200592.359 36 36 46 73 76 41 38 44
1770200592.369 36 36 46 73 76 41 38 44
1770200592.378 36 36 46 73 76 41 39 44
1770200592.388 36 36 46 73 76 41 39 44
1770200592.399 39 36 51 82 82 48 40 41
1770200592.409 37 36 49 78 81 45 39 42
1770200592.419 35 40 48 76 80 46 41 40
1770200592.429 31 39 48 76 79 46 41 41
1770200592.439 33 41 49 77 79 46 41 43
1770200592.449 34 40 49 76 78 45 42 44
1770200592.458 34 40 48 75 77 45 42 45
1770200592.468 34 40 48 74 76 44 42 45
1770200592.478 33 39 48 75 76 45 42 45
1770200592.488 34 39 48 75 76 44 41 44
1770200592.499 34 39 48 75 76 44 41 44
1770200592.509 33 39 50 74 75 43 41 45
1770200592.519 33 39 49 74 75 44 41 45
1770200592.529 34 39 49 74 75 44 41 45
1770200592.539 34 39 49 74 75 44 41 45
1770200592.549 34 39 49 75 75 43 41 44
1770200592.559 34 39 49 75 75 43 41 45
1770200592.568 35 39 49 75 75 43 41 45
1770200592.578 35 40 49 75 75 42 41 45
1770200592.588 34 40 50 76 75 42 41 47
1770200592.598 34 39 49 76 75 42 41 47
1770200592.608 34 39 50 76 75 42 41 47
1770200592.618 34 39 49 76 75 42 40 47
1770200592.628 34 39 49 76 75 43 40 47
1770200592.638 34 39 49 76 75 42 40 47
1770200592.648 34 39 49 76 76 42 41 47
1770200592.658 34 39 49 76 75 42 41 47
1770200592.669 34 38 50 76 75 42 41 47
1770200592.679 34 38 50 76 75 42 41 47
1770200592.688 34 38 50 76 75 42 40 47
1770200592.699 34 38 50 76 75 42 40 46
1770200592.708 34 38 50 76 75 42 40 46
1770200592.719 34 38 50 76 75 42 40 47
1770200592.729 34 38 50 76 75 42 40 47
1770200592.739 34 38 50 76 75 42 40 46
1770200592.749 34 38 50 76 75 42 40 46
1770200592.758 34 38 50 76 75 42 39 46
1770200592.769 34 37 49 76 75 42 39 46
1770200592.779 34 37 49 76 76 42 39 46
1770200592.789 35 38 49 76 76 41 39 46
1770200592.798 35 38 49 76 76 41 39 46
1770200592.809 35 38 49 76 76 41 39 46
1770200592.819 35 38 49 76 76 41 39 46
1770200592.829 35 38 49 76 76 41 39 46
1770200592.839 35 37 49 76 76 41 39 46
1770200592.849 35 37 49 76 76 42 38 45
1770200592.859 35 37 48 76 76 42 39 45
1770200592.869 35 37 48 76 76 42 39 45
1770200592.879 35 37 48 76 76 42 39 45
1770200592.889 35 37 48 76 76 42 39 45
1770200592.899 35 37 48 76 76 42 39 45
1770200592.909 36 37 48 76 76 42 39 45
1770200592.919 35 37 48 76 76 42 39 45
1770200592.928 35 37 48 75 76 42 39 45
1770200592.939 35 37 48 75 76 42 39 45
1770200592.949 35 37 48 75 76 42 39 45
1770200592.959 36 37 48 75 76 42 39 44
1770200592.969 36 37 48 75 76 42 39 44
1770200592.979 36 37 48 75 76 42 39 44
1770200592.989 36 37 48 75 76 42 39 44
1770200592.999 34 44 52 78 76 31 35 39
1770200593.009 31 40 53 81 77 35 38 47
1770200593.019 29 41 53 81 73 36 40 48
1770200593.029 27 39 51 79 74 37 40 48
1770200593.039 29 39 50 79 74 39 39 45
1770200593.049 29 38 49 78 74 40 41 48
1770200593.059 30 38 50 77 73 39 41 49
1770200593.069 31 38 49 77 74 39 41 48
1770200593.079 31 37 49 77 74 39 41 47
1770200593.089 30 37 48 76 74 39 41 48
1770200593.099 30 38 49 76 74 39 41 49
1770200593.109 30 37 49 77 75 39 40 48
1770200593.119 31 37 49 76 75 40 40 48
1770200593.129 31 37 49 76 76 40 39 47
1770200593.139 31 37 49 77 76 40 39 47
1770200593.149 32 37 49 77 76 40 39 46
1770200593.159 32 37 49 77 77 40 39 46
1770200593.169 32 38 49 77 76 40 39 45
1770200593.179 32 38 49 77 76 40 39 45
1770200593.189 32 38 49 76 76 40 40 45
1770200593.199 32 37 49 76 76 40 40 45
1770200593.209 32 37 49 76 76 40 40 45
1770200593.219 31 37 49 76 76 40 40 45
1770200593.229 31 36 48 76 76 40 40 45
1770200593.239 31 36 48 76 76 40 39 45
1770200593.249 30 36 48 76 76 40 39 45
1770200593.259 30 36 48 76 76 40 40 46
1770200593.269 31 36 48 76 76 40 39 46
1770200593.279 31 36 47 76 76 40 39 45
1770200593.289 31 36 47 76 76 39 39 45
1770200593.299 31 36 47 75 76 39 39 46
1770200593.309 31 35 47 76 76 40 39 45
1770200593.319 32 36 47 75 76 40 39 45
1770200593.329 32 36 47 75 76 40 39 45
1770200593.339 32 36 47 75 76 40 39 45
1770200593.349 32 36 47 75 76 40 39 45
1770200593.359 33 36 47 75 76 40 39 45
1770200593.369 32 36 47 75 76 40 38 45
1770200593.379 32 36 47 75 76 40 38 45
1770200593.389 32 36 47 76 76 40 39 44
1770200593.399 33 37 47 75 76 41 39 44
1770200593.409 33 37 47 75 77 41 39 44
1770200593.419 33 37 47 75 77 40 39 44
1770200593.429 33 36 47 75 77 41 39 44
1770200593.439 33 37 47 75 77 41 39 44
1770200593.449 33 37 47 75 77 40 38 44
1770200593.459 32 37 47 75 77 41 38 44
1770200593.469 32 37 47 75 77 41 38 44
1770200593.479 33 37 47 75 77 41 39 44
1770200593.489 33 37 47 75 77 41 39 44
1770200593.499 33 37 47 75 77 41 39 44
1770200593.509 33 37 47 75 77 41 39 44
1770200593.519 33 37 47 75 77 40 39 44
1770200593.529 33 38 47 75 76 40 39 44
1770200593.539 33 38 47 75 76 40 39 44
1770200593.549 33 37 47 75 76 40 39 44
1770200593.559 33 37 47 75 76 40 39 44
1770200593.569 33 37 47 75 76 40 39 45
1770200593.579 33 37 47 75 76 40 39 45
1770200593.589 33 37 47 75 76 40 39 45
1770200593.599 35 38 53 84 73 40 43 61
1770200593.609 32 41 53 82 72 42 47 58
1770200593.619 31 40 50 77 71 41 44 54
1770200593.629 32 40 50 77 74 41 43 52
1770200593.639 33 39 49 77 74 40 42 50
1770200593.649 33 38 50 79 75 40 41 48
1770200593.659 33 37 49 77 75 40 39 48
1770200593.669 35 38 49 79 76 40 39 47
1770200593.679 34 38 48 79 77 41 38 46
1770200593.689 34 38 48 79 76 41 38 46
1770200593.699 34 38 48 78 76 41 38 46
1770200593.709 33 38 48 78 76 42 38 46
1770200593.719 34 38 48 78 76 42 38 46
1770200593.729 34 38 48 78 76 42 39 46
1770200593.739 32 38 48 79 76 41 38 46
1770200593.749 32 38 49 79 76 41 38 46
1770200593.759 32 38 49 78 77 41 38 46
1770200593.769 32 38 49 78 76 41 38 46
1770200593.779 33 38 48 79 77 41 38 46
1770200593.789 33 38 48 79 77 41 38 46
1770200593.799 33 38 48 78 77 41 38 46
1770200593.809 33 37 48 78 77 41 38 46
1770200593.819 34 37 48 78 77 40 38 46
1770200593.829 34 37 47 78 77 40 38 45
1770200593.839 33 37 47 78 77 40 38 45
1770200593.850 33 37 48 77 76 40 38 45
1770200593.859 34 37 47 78 77 40 38 45
1770200593.869 34 37 47 78 77 40 38 45
1770200593.880 34 37 47 78 77 40 38 45
1770200593.890 34 37 48 78 77 40 37 44
1770200593.900 34 37 47 78 77 40 37 44
1770200593.909 35 37 47 77 77 40 37 44
1770200593.919 35 37 47 77 77 40 37 44
1770200593.929 35 37 47 77 77 41 37 43
1770200593.939 35 37 47 77 77 41 38 43
1770200593.949 35 38 48 77 77 41 38 43
1770200593.959 35 38 48 77 77 41 38 43
1770200593.969 35 38 48 77 77 41 38 43
1770200593.979 35 38 48 77 77 41 38 43
1770200593.989 35 38 48 77 77 41 38 43
1770200593.999 35 38 48 77 77 41 38 43
1770200594.010 35 38 48 77 77 41 38 43
1770200594.020 35 38 48 77 77 41 38 43
1770200594.029 35 38 48 77 77 41 38 43
1770200594.040 35 38 48 77 77 41 38 43
1770200594.049 35 38 48 76 77 41 38 43
1770200594.059 35 38 48 76 77 41 38 43
1770200594.069 35 38 48 76 76 41 38 43
1770200594.079 35 38 48 76 76 41 38 43
1770200594.089 34 38 48 76 76 41 38 43
1770200594.099 35 38 48 77 76 41 38 43
1770200594.109 34 38 48 76 76 41 38 43
1770200594.119 35 38 48 76 76 41 38 43
1770200594.129 35 38 48 76 76 41 38 43
1770200594.139 35 38 48 76 76 41 38 43
1770200594.149 35 38 48 76 76 41 38 43
1770200594.159 35 38 48 76 76 41 38 44
1770200594.169 35 38 48 76 76 41 38 44
1770200594.179 35 38 48 76 76 41 38 44
1770200594.189 34 38 48 76 76 41 38 44
1770200594.199 35 48 45 74 73 38 34 41
1770200594.209 33 41 46 78 75 40 34 45
1770200594.219 36 39 46 78 78 41 35 43
1770200594.229 36 36 44 76 78 40 35 40
1770200594.239 35 37 45 74 77 41 35 42
1770200594.249 34 36 46 75 77 41 36 43
1770200594.259 34 36 46 74 77 41 38 45
1770200594.270 35 37 47 73 76 40 37 44
1770200594.280 35 38 48 73 76 41 39 45
1770200594.290 34 38 48 72 75 41 38 46
1770200594.300 33 37 47 73 75 41 38 45
1770200594.310 32 37 48 73 76 40 37 45
1770200594.320 32 37 48 74 77 40 38 46
1770200594.330 31 36 48 74 77 40 37 45
1770200594.339 31 36 47 74 76 40 38 45
1770200594.349 32 36 47 74 76 41 38 45
