% IP display service for Teensy
% Version  1234 2026-02-01 08:46:32
% 1 	Time (sec) from system
% 2 	Number of users on Linux system
% 3 	CPU temperature (deg C)
% 4 	% (to help import to Matlab)
% 5 	Message string (possibly more lines)
1771853195.7469 0 0.0 % Mon Feb 23 02:26:35 PM CET 2026

1771853195.7470 0 38.0 % 
1771853195.7583 0 38.0 %  14:26:35 up 0 min,  1 user,  load average: 0.22, 0.05, 0.02
USER     TTY      FROM             LOGIN@   IDLE   JCPU   PCPU  WHAT
local    tty1     -                14:26    1.00s  0.03s  0.03s -bash

1771853198.7584 1 38.6 % 
1771853204.7729 1 38.0 % 
1771853204.7803 1 38.0 %  14:26:44 up 0 min,  2 users,  load average: 0.19, 0.05, 0.01
USER     TTY      FROM             LOGIN@   IDLE   JCPU   PCPU  WHAT
local             10.209.152.7     14:26           0.00s  0.01s sshd-session: local [priv]
local    tty1     -                14:26   10.00s  0.03s  0.03s -bash

1771853306.4217 2 38.0 %  14:28:26 up 0 min,  3 users,  load average: 0.38, 0.09, 0.03
USER     TTY      FROM             LOGIN@   IDLE   JCPU   PCPU  WHAT
local    pts/0    10.209.152.7     14:28    3.00s  0.02s  0.02s -bash
local             10.209.152.7     14:26           0.00s  0.01s sshd-session: local [priv]
local    tty1     -                14:26    1:52   0.03s  0.03s -bash

1771853309.4218 3 38.6 % 
1771853312.4292 3 39.2 % 
1771853327.6888 3 38.0 % 
1771853330.6996 3 38.6 % 
1771853333.7103 3 38.0 % 
1771853336.7209 3 38.6 % 
1771853342.7414 3 37.5 % 
1771853345.7519 3 38.0 % 
1771853351.7724 3 37.0 % 
1771853357.7932 3 37.5 % 
1771853360.8040 3 38.0 % 
1771853363.8143 3 37.5 % 
1771853366.8254 3 38.0 % 
1771853372.8468 3 39.7 % 
1771853375.8571 3 39.2 % 
1771853378.8679 3 38.6 % 
1771853381.8784 3 39.7 % 
1771853387.8941 3 37.5 % 
1771853390.9059 3 38.6 % 
1771853393.9161 3 39.2 % 
1771853396.9273 3 38.6 % 
1771853399.9383 3 40.8 % 
1771853402.9490 3 38.6 % 
1771853405.9609 3 39.2 % 
1771853408.9711 3 37.5 % 
1771853411.9822 3 38.6 % 
1771853418.0041 3 39.2 % 
1771853424.0262 3 40.2 % 
1771853427.0338 3 39.7 % 
1771853430.0450 3 39.2 % 
1771853436.0659 3 38.6 % 
1771853439.0778 3 39.2 % 
1771853442.0881 3 38.6 % 
1771853454.1304 3 37.5 % 
1771853457.1417 3 39.2 % 
1771853460.1520 3 38.6 % 
1771853463.1623 3 39.2 % 
1771853466.1726 3 38.6 % 
1771853481.2241 3 40.2 % 
1771853484.2347 3 38.6 % 
1771853487.2457 3 39.2 % 
1771853490.2563 3 38.6 % 
1771853493.2674 3 39.2 % 
1771853496.2782 3 38.6 % 
1771853505.3093 3 39.2 % 
1771853508.3197 3 38.6 % 
1771853514.3410 3 39.2 % 
1771853517.3513 3 39.7 % 
1771853520.3616 3 38.6 % 
1771853523.3718 3 39.2 % 
1771853526.3823 3 39.7 % 
1771853529.3926 3 37.5 % 
1771853532.4028 3 38.0 % 
1771853535.4131 3 39.2 % 
1771853538.4237 3 39.7 % 
1771853541.4346 3 39.2 % 
1771853550.4659 3 39.7 % 
1771853556.4878 3 38.6 % 
1771853562.5094 3 39.2 % 
1771853565.5200 3 38.0 % 
1771853568.5304 3 39.2 % 
1771853571.5413 3 39.7 % 
1771853574.5497 3 40.2 % 
1771853577.5612 3 39.7 % 
1771853583.5816 3 40.8 % 
1771853586.5912 3 39.7 % 
1771853592.6110 3 39.2 % 
1771853595.6207 3 38.6 % 
1771853604.6495 3 39.7 % 
1771853607.6598 3 38.0 % 
1771853610.6702 3 39.2 % 
1771853616.6899 3 40.2 % 
1771853619.6998 3 39.2 % 
1771853628.7289 3 39.7 % 
1771853646.7867 3 40.2 % 
1771853649.7962 3 39.7 % 
1771853652.8058 3 40.2 % 
1771853655.8158 3 39.7 % 
1771853658.8256 3 39.2 % 
1771853661.8356 3 39.7 % 
1771853676.8859 3 40.2 % 
1771853685.9149 3 39.7 % 
1771853694.9443 3 40.2 % 
1771853697.9543 3 39.2 % 
1771853700.9640 3 39.7 % 
1771853703.9736 3 38.6 % 
1771853706.9832 3 40.2 % 
1771853709.9930 3 39.7 % 
1771853713.0028 3 40.2 % 
1771853719.0222 3 39.7 % 
1771853722.0327 3 39.2 % 
1771853725.0424 3 40.2 % 
1771853737.0849 3 41.3 % 
1771853740.0954 3 40.2 % 
1771853749.1248 3 40.8 % 
1771853752.1344 3 40.2 % 
1771853758.1545 3 40.8 % 
1771853764.1738 3 40.2 % 
1771853779.2219 3 39.2 % 
1771853782.2318 3 40.2 % 
1771853785.2414 3 39.7 % 
1771853788.2511 3 40.8 % 
1771853791.2635 3 40.2 % 
1771853794.2734 3 40.8 % 
1771853803.3025 3 39.2 % 
1771853806.3121 3 40.2 % 
1771853818.3510 3 40.8 % 
1771853821.3607 3 42.5 % 
1771853824.3691 3 41.9 % 
1771853827.3765 3 40.8 % 
1771853833.3963 3 41.9 % 
1771853836.4061 3 40.2 % 
1771853839.4158 3 39.7 % 
1771853842.4256 3 40.8 % 
1771853848.4449 3 41.9 % 
1771853851.4544 3 40.8 % 
1771853854.4649 3 41.3 % 
1771853857.4746 3 40.8 % 
1771853863.4946 3 40.2 % 
1771853866.5052 3 40.8 % 
1771853869.5157 3 39.7 % 
1771853872.5255 3 40.8 % 
1771853875.5352 3 40.2 % 
1771853878.5483 3 40.8 % 
1771853884.5676 3 39.7 % 
1771853887.5774 3 40.8 % 
1771853890.5871 3 39.7 % 
1771853893.5970 3 40.8 % 
1771853896.6069 3 41.3 % 
1771853902.6266 3 40.8 % 
1771853905.6366 3 41.3 % 
1771853908.6465 3 40.8 % 
1771853911.6562 3 40.2 % 
1771853914.6666 3 40.8 % 
1771853920.6865 3 40.2 % 
1771853923.6963 3 41.3 % 
1771853929.7158 3 39.7 % 
1771853932.7259 3 40.2 % 
1771853938.7462 3 40.8 % 
1771853944.7655 3 41.3 % 
1771853947.7753 3 40.8 % 
1771853950.7850 3 41.9 % 
1771853953.7946 3 41.3 % 
1771853956.8044 3 40.8 % 
1771853959.8141 3 39.7 % 
1771853962.8237 3 40.2 % 
1771853965.8344 3 40.8 % 
1771853968.8445 3 41.3 % 
1771853971.8541 3 40.8 % 
1771853974.8663 3 41.3 % 
1771853977.8764 3 40.8 % 
1771853983.8968 3 39.7 % 
1771853983.9069 3 39.7 %  14:39:43 up 11 min,  2 users,  load average: 0.15, 0.17, 0.09
USER     TTY      FROM             LOGIN@   IDLE   JCPU   PCPU  WHAT
local             10.209.152.7     14:26           0.00s  0.01s sshd-session: local [priv]
local    tty1     -                14:26   13:09   0.03s  0.03s -bash

1771853986.9071 2 41.3 % 
1771853989.9170 2 40.8 % 
1771853992.9264 2 41.3 % 
1771853995.9362 2 39.7 % 
1771853998.9455 2 40.2 % 
1771854001.9547 2 40.8 % 
1771854004.9640 2 41.3 % 
1771854007.9737 2 40.8 % 
1771854010.9830 2 41.3 % 
1771854013.9926 2 40.8 % 
1771854017.0024 2 41.3 % 
1771854020.0117 2 40.8 % 
1771854041.0786 2 41.3 % 
1771854047.0979 2 41.9 % 
1771854050.1072 2 39.7 % 
1771854053.1165 2 40.8 % 
1771854056.1259 2 41.3 % 
1771854065.1549 2 41.9 % 
1771854065.1618 2 41.9 %  14:41:05 up 13 min,  3 users,  load average: 0.04, 0.13, 0.08
USER     TTY      FROM             LOGIN@   IDLE   JCPU   PCPU  WHAT
local    pts/0    10.209.152.7     14:41    2.00s  0.03s  0.03s -bash
local             10.209.152.7     14:26           0.00s  0.01s sshd-session: local [priv]
local    tty1     -                14:26   14:31   0.03s  0.03s -bash

1771854068.1619 3 42.5 % 
1771854074.1785 3 41.9 % 
1771854080.1984 3 41.3 % 
1771854083.2079 3 41.9 % 
1771854086.2178 3 40.8 % 
1771854089.2275 3 41.3 % 
1771854098.2563 3 40.8 % 
1771854101.2667 3 41.9 % 
1771854110.2967 3 41.3 % 
1771854113.3065 3 40.8 % 
1771854119.3258 3 41.3 % 
1771854122.3355 3 39.7 % 
1771854125.3451 3 41.3 % 
1771854128.3549 3 40.2 % 
1771854131.3645 3 40.8 % 
1771854134.3742 3 41.3 % 
1771854137.3844 3 40.2 % 
1771854140.3943 3 41.3 % 
1771854146.4135 3 39.7 % 
1771854149.4233 3 40.8 % 
1771854152.4329 3 40.2 % 
1771854155.4425 3 40.8 % 
1771854176.5109 3 40.2 % 
1771854185.5407 3 40.8 % 
1771854188.5502 3 40.2 % 
1771854191.5599 3 38.6 % 
1771854194.5729 3 40.2 % 
1771854197.5825 3 40.8 % 
1771854206.6117 3 41.3 % 
1771854212.6317 3 40.8 % 
1771854215.6413 3 39.2 % 
1771854218.6509 3 40.2 % 
1771854221.6637 3 40.8 % 
1771854224.6736 3 40.2 % 
1771854230.6937 3 40.8 % 
1771854236.7139 3 40.2 % 
1771854242.7335 3 41.3 % 
1771854245.7434 3 40.2 % 
1771854254.7729 3 38.6 % 
1771854257.7825 3 40.2 % 
1771854266.8116 3 40.8 % 
1771854272.8316 3 40.2 % 
1771854278.8516 3 39.7 % 
1771854281.8620 3 39.2 % 
1771854284.8718 3 39.7 % 
1771854293.9011 3 40.2 % 
1771854296.9109 3 39.2 % 
1771854299.9207 3 39.7 % 
1771854302.9310 3 38.6 % 
1771854305.9407 3 39.7 % 
1771854317.9793 3 40.2 % 
1771854320.9889 3 39.7 % 
1771854323.9985 3 39.2 % 
1771854330.0177 3 38.0 % 
1771854333.0274 3 39.2 % 
1771854348.0779 3 39.7 % 
1771854351.0876 3 39.2 % 
1771854360.1177 3 39.7 % 
1771854363.1275 3 40.8 % 
1771854366.1374 3 39.7 % 
1771854369.1472 3 39.2 % 
1771854375.1664 3 39.7 % 
1771854378.1761 3 39.2 % 
1771854381.1858 3 38.6 % 
1771854384.1990 3 39.2 % 
1771854387.2086 3 39.7 % 
1771854390.2182 3 40.2 % 
1771854393.2283 3 38.6 % 
1771854396.2383 3 39.7 % 
1771854399.2479 3 39.2 % 
1771854402.2581 3 39.7 % 
1771854408.2786 3 39.2 % 
1771854414.2983 3 38.6 % 
1771854417.3081 3 39.2 % 
1771854423.3273 3 38.6 % 
1771854429.3465 3 39.2 % 
1771854432.3562 3 38.0 % 
1771854435.3658 3 39.2 % 
1771854438.3754 3 39.7 % 
1771854441.3850 3 39.2 % 
1771854450.4142 3 38.0 % 
1771854453.4237 3 39.2 % 
1771854456.4335 3 38.6 % 
1771854459.4430 3 39.7 % 
1771854462.4527 3 38.6 % 
1771854465.4630 3 38.0 % 
1771854468.4727 3 39.7 % 
1771854471.4827 3 39.2 % 
1771854474.4923 3 39.7 % 
1771854477.5028 3 38.0 % 
1771854480.5126 3 39.2 % 
1771854483.5229 3 40.8 % 
1771854486.5328 3 39.7 % 
1771854489.5423 3 39.2 % 
1771854495.5621 3 38.0 % 
1771854498.5719 3 39.2 % 
1771854504.5912 3 38.6 % 
1771854507.6008 3 39.2 % 
1771854513.6201 3 38.0 % 
1771854516.6297 3 39.7 % 
1771854519.6393 3 38.6 % 
1771854522.6487 3 39.7 % 
1771854525.6598 3 39.2 % 
1771854528.6695 3 39.7 % 
1771854531.6790 3 39.2 % 
1771854534.6887 3 39.7 % 
1771854546.7270 3 38.0 % 
1771854549.7365 3 39.2 % 
1771854552.7462 3 39.7 % 
1771854555.7557 3 39.2 % 
1771854564.7849 3 39.7 % 
1771854567.7947 3 39.2 % 
1771854570.8043 3 39.7 % 
1771854573.8139 3 39.2 % 
1771854579.8330 3 39.7 % 
1771854585.8525 3 40.2 % 
1771854588.8632 3 39.7 % 
1771854591.8728 3 39.2 % 
1771854594.8824 3 39.7 % 
1771854597.8925 3 40.2 % 
1771854603.9118 3 39.7 % 
1771854606.9215 3 39.2 % 
1771854609.9310 3 38.6 % 
1771854612.9407 3 39.2 % 
1771854615.9503 3 40.2 % 
1771854618.9598 3 39.7 % 
1771854624.9793 3 38.0 % 
1771854627.9888 3 39.7 % 
1771854630.9984 3 38.6 % 
1771854634.0079 3 39.7 % 
1771854637.0180 3 40.2 % 
1771854640.0276 3 40.8 % 
1771854643.0372 3 40.2 % 
1771854649.0574 3 40.8 % 
1771854652.0671 3 41.9 % 
1771854655.0767 3 40.2 % 
1771854661.0956 3 39.7 % 
1771854667.1151 3 39.2 % 
1771854670.1246 3 40.2 % 
1771854673.1343 3 39.2 % 
1771854676.1440 3 40.8 % 
1771854679.1534 3 41.9 % 
1771854682.1629 3 39.2 % 
1771854685.1724 3 40.2 % 
1771854691.1917 3 39.2 % 
1771854694.2011 3 40.2 % 
1771854700.2209 3 38.6 % 
1771854703.2305 3 40.2 % 
1771854706.2405 3 39.7 % 
1771854709.2500 3 40.2 % 
1771854715.2713 3 39.7 % 
1771854724.3025 3 40.8 % 
1771854727.3130 3 39.2 % 
1771854730.3226 3 40.8 % 
1771854733.3321 3 40.2 % 
1771854739.3510 3 40.8 % 
1771854742.3606 3 39.2 % 
1771854745.3704 3 40.2 % 
1771854754.3996 3 40.8 % 
1771854760.4188 3 39.7 % 
1771854763.4284 3 40.8 % 
1771854766.4378 3 41.3 % 
1771854772.4586 3 39.2 % 
1771854775.4681 3 40.2 % 
1771854778.4778 3 39.7 % 
1771854781.4874 3 40.2 % 
1771854790.5170 3 40.8 % 
1771854793.5266 3 40.2 % 
1771854796.5362 3 41.3 % 
1771854802.5513 3 40.8 % 
1771854811.5807 3 40.2 % 
1771854814.5903 3 40.8 % 
1771854817.5998 3 41.9 % 
1771854823.6142 3 39.7 % 
1771854826.6239 3 40.8 % 
1771854829.6340 3 41.9 % 
1771854835.6478 3 40.8 % 
1771854838.6579 3 42.5 % 
1771854841.6676 3 40.8 % 
1771854853.7065 3 41.3 % 
1771854859.7256 3 40.8 % 
1771854862.7352 3 41.3 % 
1771854865.7447 3 40.8 % 
1771854871.7639 3 41.3 % 
1771854874.7734 3 40.8 % 
1771854877.7831 3 41.9 % 
1771854880.7927 3 40.8 % 
1771854886.8117 3 41.3 % 
1771854889.8216 3 40.8 % 
1771854892.8311 3 39.7 % 
1771854895.8411 3 40.2 % 
1771854898.8523 3 40.8 % 
1771854907.8821 3 41.3 % 
1771854910.8916 3 40.8 % 
1771854916.9109 3 39.7 % 
1771854919.9206 3 40.8 % 
1771854928.9498 3 39.7 % 
1771854931.9594 3 40.2 % 
1771854934.9690 3 40.8 % 
1771854937.9787 3 41.3 % 
1771854947.0080 3 40.8 % 
1771854950.0176 3 39.7 % 
1771854953.0271 3 41.3 % 
1771854956.0367 3 40.8 % 
1771854959.0462 3 40.2 % 
1771854962.0565 3 40.8 % 
1771854965.0669 3 41.3 % 
1771854977.1064 3 42.5 % 
1771854980.1135 3 41.9 % 
1771854989.1403 3 41.3 % 
1771854992.1473 3 41.9 % 
1771854995.1570 3 40.8 % 
1771855001.1765 3 43.0 % 
1771855004.1847 3 42.5 % 
1771855010.2019 3 41.9 % 
1771855013.2118 3 42.5 % 
1771855019.2258 3 41.9 % 
1771855022.2354 3 41.3 % 
1771855031.2670 3 40.8 % 
1771855034.2779 3 42.5 % 
1771855037.2876 3 41.3 % 
1771855043.3079 3 40.2 % 
1771855046.3181 3 42.5 % 
1771855049.3279 3 41.3 % 
1771855052.3380 3 40.8 % 
1771855055.3477 3 41.9 % 
1771855061.3668 3 41.3 % 
1771855073.4057 3 41.9 % 
1771855079.4251 3 41.3 % 
1771855091.4654 3 41.9 % 
1771855100.4961 3 41.3 % 
1771855106.5168 3 41.9 % 
1771855118.5581 3 41.3 % 
1771855130.5973 3 41.9 % 
1771855145.6451 3 41.3 % 
1771855148.6555 3 41.9 % 
1771855154.6754 3 40.8 % 
1771855157.6854 3 41.9 % 
1771855160.6954 3 41.3 % 
1771855163.7053 3 42.5 % 
1771855166.7148 3 41.9 % 
1771855169.7249 3 41.3 % 
1771855172.7355 3 41.9 % 
1771855175.7451 3 41.3 % 
1771855184.7737 3 40.8 % 
1771855187.7833 3 41.3 % 
1771855190.7929 3 40.2 % 
1771855193.8026 3 41.9 % 
1771855196.8123 3 40.2 % 
1771855199.8223 3 41.3 % 
1771855202.8320 3 40.8 % 
1771855205.8414 3 41.9 % 
1771855211.8617 3 41.3 % 
1771855214.8714 3 41.9 % 
1771855217.8814 3 41.3 % 
1771855220.8911 3 41.9 % 
1771855223.9007 3 41.3 % 
1771855226.9101 3 41.9 % 
1771855229.9198 3 40.8 % 
1771855232.9293 3 41.3 % 
1771855238.9483 3 41.9 % 
1771855241.9578 3 40.2 % 
1771855244.9675 3 41.3 % 
1771855247.9770 3 42.5 % 
1771855250.9870 3 41.9 % 
1771855253.9965 3 41.3 % 
1771855260.0160 3 41.9 % 
1771855269.0458 3 42.5 % 
1771855272.0558 3 41.3 % 
1771855275.0655 3 40.2 % 
1771855278.0758 3 39.7 % 
1771855281.0854 3 41.3 % 
1771855299.1425 3 40.8 % 
1771855302.1524 3 40.2 % 
1771855305.1621 3 41.3 % 
1771855320.2105 3 40.8 % 
1771855323.2202 3 41.3 % 
1771855326.2298 3 41.9 % 
1771855329.2394 3 40.8 % 
1771855332.2497 3 41.3 % 
1771855341.2794 3 40.8 % 
1771855344.2893 3 39.7 % 
1771855347.2989 3 40.8 % 
1771855350.3085 3 41.3 % 
1771855353.3183 3 40.8 % 
1771855362.3472 3 39.7 % 
1771855365.3569 3 40.8 % 
1771855368.3667 3 40.2 % 
1771855371.3763 3 40.8 % 
1771855374.3858 3 43.0 % 
1771855377.3931 3 41.3 % 
1771855380.4003 3 39.7 % 
1771855383.4105 3 40.8 % 
1771855392.4404 3 40.2 % 
1771855395.4510 3 40.8 % 
1771855398.4616 3 40.2 % 
1771855401.4687 3 40.8 % 
1771855404.4793 3 41.3 % 
1771855407.4893 3 40.8 % 
1771855419.5278 3 40.2 % 
1771855425.5478 3 41.3 % 
1771855428.5576 3 40.8 % 
1771855434.5768 3 38.6 % 
1771855437.5863 3 40.2 % 
1771855443.6061 3 39.2 % 
1771855446.6158 3 39.7 % 
1771855449.6255 3 41.9 % 
1771855452.6329 3 41.3 % 
1771855461.6636 3 41.9 % 
1771855464.6707 3 39.7 % 
1771855467.6805 3 40.2 % 
1771855473.7001 3 40.8 % 
1771855476.7098 3 39.7 % 
1771855479.7195 3 40.8 % 
1771855485.7394 3 40.2 % 
1771855488.7492 3 40.8 % 
1771855500.7877 3 41.3 % 
1771855503.7973 3 40.8 % 
1771855506.8069 3 40.2 % 
1771855509.8166 3 40.8 % 
1771855512.8267 3 41.3 % 
1771855515.8370 3 42.5 % 
1771855518.8471 3 40.8 % 
1771855545.9349 3 41.3 % 
1771855548.9448 3 40.2 % 
1771855551.9544 3 40.8 % 
1771855554.9641 3 40.2 % 
1771855557.9740 3 40.8 % 
1771855563.9935 3 40.2 % 
1771855567.0032 3 40.8 % 
1771855570.0128 3 39.7 % 
1771855573.0227 3 40.8 % 
1771855576.0329 3 40.2 % 
1771855582.0539 3 40.8 % 
1771855585.0635 3 40.2 % 
1771855591.0834 3 40.8 % 
1771855609.1419 3 41.3 % 
1771855612.1515 3 40.8 % 
1771855615.1615 3 41.3 % 
1771855618.1711 3 40.8 % 
1771855624.1905 3 41.3 % 
1771855627.2003 3 40.8 % 
1771855639.2393 3 39.2 % 
1771855642.2495 3 40.8 % 
1771855645.2594 3 39.7 % 
1771855648.2692 3 40.8 % 
1771855651.2792 3 41.9 % 
1771855654.2896 3 41.3 % 
1771855666.3293 3 39.7 % 
1771855669.3392 3 40.8 % 
1771855672.3496 3 41.9 % 
1771855675.3592 3 39.7 % 
1771855678.3689 3 41.3 % 
1771855681.3791 3 40.8 % 
1771855687.3987 3 41.3 % 
1771855690.4083 3 40.8 % 
1771855693.4179 3 42.5 % 
1771855696.4276 3 40.2 % 
1771855699.4374 3 40.8 % 
1771855702.4476 3 41.3 % 
1771855705.4582 3 40.8 % 
1771855708.4686 3 40.2 % 
1771855714.4879 3 41.9 % 
1771855717.4977 3 40.8 % 
1771855720.5074 3 41.9 % 
1771855723.5170 3 40.2 % 
1771855726.5268 3 40.8 % 
1771855732.5462 3 41.9 % 
1771855735.5593 3 41.3 % 
1771855738.5691 3 40.8 % 
1771855741.5790 3 41.3 % 
1771855744.5887 3 40.8 % 
1771855747.5984 3 41.3 % 
1771855759.6348 3 41.9 % 
1771855765.6523 3 41.3 % 
1771855768.6628 3 41.9 % 
1771855771.6738 3 41.3 % 
1771855780.7007 3 41.9 % 
1771855783.7079 3 41.3 % 
1771855789.7275 3 40.2 % 
1771855792.7373 3 41.3 % 
1771855795.7470 3 39.7 % 
1771855798.7567 3 41.9 % 
1771855801.7663 3 41.3 % 
1771855813.8070 3 40.2 % 
1771855816.8166 3 40.8 % 
1771855822.8362 3 39.7 % 
1771855825.8469 3 42.5 % 
1771855828.8573 3 40.8 % 
1771855831.8669 3 42.5 % 
1771855834.8778 3 41.3 % 
1771855837.8875 3 40.2 % 
1771855840.8974 3 41.3 % 
1771855843.9070 3 40.8 % 
1771855846.9170 3 41.3 % 
1771855849.9270 3 40.8 % 
1771855852.9368 3 41.9 % 
1771855855.9440 3 41.3 % 
1771855858.9539 3 43.0 % 
1771855861.9636 3 41.3 % 
1771855870.9928 3 40.8 % 
1771855874.0026 3 41.9 % 
1771855886.0366 3 42.5 % 
1771855889.0440 3 41.9 % 
1771855892.0542 3 43.0 % 
1771855898.0715 3 42.5 % 
1771855901.0816 3 41.9 % 
1771855910.1122 3 40.2 % 
1771855913.1222 3 41.3 % 
1771855916.1295 3 41.9 % 
1771855919.1394 3 41.3 % 
1771855922.1491 3 42.5 % 
1771855925.1564 3 43.0 % 
1771855934.1837 3 42.5 % 
1771855937.1939 3 41.9 % 
1771855955.2533 3 40.2 % 
1771855958.2630 3 41.3 % 
1771855964.2832 3 40.8 % 
1771855967.2930 3 41.3 % 
1771855970.3031 3 40.2 % 
1771855973.3130 3 41.9 % 
1771855976.3203 3 42.5 % 
1771855979.3277 3 41.9 % 
1771855982.3375 3 41.3 % 
1771855985.3475 3 42.5 % 
1771855988.3575 3 41.9 % 
1771855991.3673 3 41.3 % 
1771855997.3871 3 41.9 % 
1771856009.4260 3 41.3 % 
1771856015.4459 3 40.8 % 
1771856018.4563 3 41.9 % 
1771856024.4760 3 41.3 % 
1771856027.4858 3 40.8 % 
1771856030.4961 3 42.5 % 
1771856033.5059 3 40.8 % 
1771856036.5159 3 41.9 % 
1771856039.5260 3 41.3 % 
1771856042.5358 3 40.2 % 
1771856045.5459 3 41.3 % 
1771856048.5559 3 40.2 % 
1771856054.5762 3 42.5 % 
1771856057.5862 3 41.9 % 
1771856063.6058 3 40.2 % 
1771856066.6161 3 40.8 % 
1771856069.6258 3 41.9 % 
1771856072.6358 3 40.2 % 
1771856075.6458 3 41.3 % 
1771856084.6772 3 42.5 % 
1771856087.6869 3 40.2 % 
1771856090.6971 3 40.8 % 
1771856093.7068 3 40.2 % 
1771856099.7263 3 41.3 % 
1771856108.7553 3 41.9 % 
1771856111.7650 3 42.5 % 
1771856114.7747 3 40.8 % 
1771856117.7845 3 41.3 % 
1771856123.8040 3 41.9 % 
1771856129.8236 3 41.3 % 
1771856147.8845 3 42.5 % 
1771856150.8949 3 41.3 % 
1771856156.9149 3 41.9 % 
1771856159.9247 3 40.8 % 
1771856162.9344 3 41.3 % 
1771856165.9444 3 41.9 % 
1771856180.9931 3 42.5 % 
1771856184.0027 3 41.9 % 
1771856187.0129 3 42.5 % 
1771856190.0225 3 41.3 % 
1771856193.0324 3 40.8 % 
1771856196.0421 3 41.3 % 
1771856199.0528 3 41.9 % 
1771856202.0626 3 41.3 % 
1771856205.0725 3 41.9 % 
1771856208.0821 3 42.5 % 
1771856211.0922 3 41.9 % 
1771856226.1420 3 41.3 % 
1771856229.1520 3 43.0 % 
1771856232.1591 3 41.3 % 
1771856235.1691 3 42.5 % 
1771856238.1795 3 41.9 % 
1771856244.1995 3 43.0 % 
1771856247.2092 3 42.5 % 
1771856250.2188 3 41.9 % 
1771856259.2496 3 42.5 % 
1771856262.2595 3 41.9 % 
1771856265.2693 3 41.3 % 
1771856268.2791 3 42.5 % 
1771856271.2887 3 41.9 % 
1771856274.2985 3 40.8 % 
1771856277.3083 3 41.9 % 
1771856286.3379 3 40.8 % 
1771856292.3571 3 40.2 % 
1771856295.3666 3 41.3 % 
1771856298.3761 3 41.9 % 
1771856307.4054 3 41.3 % 
1771856313.4246 3 41.9 % 
1771856316.4341 3 41.3 % 
1771856319.4442 3 41.9 % 
1771856325.4646 3 40.8 % 
1771856328.4744 3 41.3 % 
1771856331.4846 3 41.9 % 
1771856337.5052 3 41.3 % 
1771856343.5254 3 42.5 % 
1771856346.5351 3 41.3 % 
1771856349.5447 3 40.8 % 
1771856352.5546 3 41.9 % 
1771856355.5648 3 41.3 % 
1771856358.5744 3 41.9 % 
1771856361.5840 3 41.3 % 
1771856367.6037 3 42.5 % 
1771856370.6132 3 41.3 % 
1771856373.6231 3 40.8 % 
1771856376.6327 3 41.3 % 
1771856379.6435 3 42.5 % 
1771856382.6540 3 41.3 % 
1771856385.6638 3 40.8 % 
1771856388.6739 3 42.5 % 
1771856391.6834 3 41.3 % 
1771856394.6931 3 41.9 % 
1771856403.7227 3 42.5 % 
1771856409.7418 3 41.9 % 
1771856415.7609 3 42.5 % 
1771856418.7689 3 43.0 % 
1771856424.7862 3 41.9 % 
1771856427.7955 3 42.5 % 
1771856430.8053 3 43.5 % 
1771856436.8193 3 42.5 % 
1771856439.8289 3 41.9 % 
1771856442.8384 3 40.8 % 
1771856445.8490 3 42.5 % 
1771856460.8985 3 41.9 % 
1771856466.9176 3 41.3 % 
1771856469.9273 3 42.5 % 
1771856472.9371 3 41.9 % 
1771856475.9468 3 41.3 % 
1771856478.9564 3 41.9 % 
1771856494.0048 3 42.5 % 
1771856500.0238 3 41.9 % 
1771856503.0333 3 42.5 % 
1771856506.0432 3 41.9 % 
1771856512.0629 3 41.3 % 
1771856518.0822 3 41.9 % 
1771856521.0922 3 41.3 % 
1771856524.1020 3 42.5 % 
1771856530.1218 3 41.9 % 
1771856533.1314 3 41.3 % 
1771856536.1418 3 42.5 % 
1771856542.1609 3 41.3 % 
1771856545.1705 3 41.9 % 
1771856548.1803 3 42.5 % 
1771856551.1898 3 40.8 % 
1771856554.1992 3 41.9 % 
1771856557.2089 3 41.3 % 
1771856560.2186 3 43.0 % 
1771856566.2357 3 42.5 % 
1771856569.2469 3 43.0 % 
1771856572.2574 3 42.5 % 
1771856575.2645 3 43.0 % 
1771856578.2715 3 41.3 % 
1771856581.2813 3 41.9 % 
1771856584.2910 3 42.5 % 
1771856587.3007 3 41.9 % 
1771856590.3104 3 41.3 % 
1771856593.3201 3 40.8 % 
1771856596.3299 3 42.5 % 
1771856602.3496 3 41.3 % 
1771856605.3594 3 40.8 % 
1771856608.3694 3 43.0 % 
1771856611.3790 3 42.5 % 
1771856614.3887 3 41.9 % 
1771856620.4083 3 42.5 % 
1771856623.4181 3 41.9 % 
1771856626.4281 3 40.8 % 
1771856632.4489 3 41.9 % 
1771856635.4585 3 41.3 % 
1771856638.4682 3 41.9 % 
1771856644.4879 3 41.3 % 
1771856647.4981 3 42.5 % 
1771856653.5180 3 40.8 % 
1771856656.5276 3 41.3 % 
1771856662.5468 3 42.5 % 
1771856665.5564 3 41.3 % 
1771856668.5671 3 41.9 % 
1771856674.5871 3 43.0 % 
1771856677.5968 3 41.9 % 
1771856680.6065 3 43.0 % 
1771856683.6166 3 42.5 % 
1771856686.6268 3 41.9 % 
1771856692.6470 3 40.8 % 
1771856695.6572 3 41.9 % 
1771856698.6674 3 42.5 % 
1771856701.6782 3 41.9 % 
1771856704.6880 3 42.5 % 
1771856707.6985 3 41.9 % 
1771856716.7279 3 43.0 % 
1771856719.7376 3 41.9 % 
1771856725.7573 3 43.0 % 
1771856728.7669 3 41.9 % 
1771856734.7865 3 40.2 % 
1771856737.7965 3 43.0 % 
1771856740.8069 3 41.9 % 
1771856746.8274 3 40.2 % 
1771856749.8371 3 41.9 % 
1771856752.8477 3 43.0 % 
1771856755.8575 3 40.8 % 
1771856758.8677 3 41.9 % 
1771856761.8776 3 40.8 % 
1771856764.8872 3 41.9 % 
1771856767.8969 3 44.1 % 
1771856770.9042 3 43.0 % 
1771856779.9310 3 42.5 % 
1771856782.9419 3 41.9 % 
1771856785.9524 3 42.5 % 
1771856788.9595 3 43.0 % 
1771856791.9691 3 41.3 % 
1771856794.9789 3 41.9 % 
1771856797.9888 3 42.5 % 
1771856800.9985 3 41.3 % 
1771856804.0083 3 42.5 % 
1771856807.0183 3 40.8 % 
1771856810.0280 3 41.3 % 
1771856813.0378 3 41.9 % 
1771856816.0484 3 42.5 % 
1771856819.0581 3 40.2 % 
1771856822.0678 3 41.3 % 
1771856825.0785 3 43.0 % 
1771856828.0858 3 42.5 % 
1771856831.0951 3 41.9 % 
1771856834.1036 3 42.5 % 
1771856837.1132 3 41.3 % 
1771856840.1228 3 41.9 % 
1771856843.1324 3 42.5 % 
1771856846.1420 3 41.3 % 
1771856849.1516 3 40.8 % 
1771856852.1616 3 42.5 % 
1771856855.1712 3 41.9 % 
1771856858.1808 3 40.8 % 
1771856861.1904 3 41.3 % 
1771856864.2001 3 41.9 % 
1771856867.2099 3 40.2 % 
1771856870.2196 3 41.3 % 
1771856873.2292 3 41.9 % 
1771856876.2398 3 42.5 % 
1771856885.2715 3 43.0 % 
1771856888.2814 3 42.5 % 
1771856891.2913 3 41.9 % 
1771856897.3106 3 42.5 % 
1771856900.3205 3 41.3 % 
1771856903.3301 3 41.9 % 
1771856918.3786 3 42.5 % 
1771856921.3883 3 41.3 % 
1771856924.3983 3 42.5 % 
1771856927.4081 3 41.9 % 
1771856930.4178 3 41.3 % 
1771856933.4275 3 41.9 % 
1771856939.4483 3 43.0 % 
1771856942.4557 3 43.5 % 
1771856945.4630 3 40.8 % 
1771856948.4734 3 41.3 % 
1771856951.4834 3 42.5 % 
1771856954.4939 3 41.3 % 
1771856957.5042 3 41.9 % 
1771856960.5148 3 43.0 % 
1771856963.5244 3 42.5 % 
1771856972.5543 3 43.0 % 
1771856975.5614 3 41.9 % 
1771856978.5711 3 43.0 % 
1771856981.5807 3 42.5 % 
1771856984.5904 3 40.8 % 
1771856987.6002 3 41.9 % 
1771856990.6136 3 41.3 % 
1771856993.6242 3 41.9 % 
1771857002.6547 3 43.5 % 
1771857005.6645 3 40.2 % 
1771857008.6745 3 42.5 % 
1771857011.6848 3 41.3 % 
1771857014.6945 3 42.5 % 
1771857017.7041 3 41.3 % 
1771857026.7341 3 41.9 % 
1771857032.7537 3 41.3 % 
1771857035.7636 3 41.9 % 
1771857038.7732 3 42.5 % 
1771857041.7828 3 41.9 % 
1771857044.7928 3 42.5 % 
1771857047.8024 3 41.3 % 
1771857050.8120 3 40.8 % 
1771857053.8216 3 41.9 % 
1771857071.8821 3 42.5 % 
1771857074.8918 3 41.3 % 
1771857077.9014 3 42.5 % 
1771857080.9121 3 41.9 % 
1771857086.9313 3 42.5 % 
1771857089.9412 3 41.9 % 
1771857095.9604 3 42.5 % 
1771857107.9997 3 40.2 % 
1771857111.0096 3 42.5 % 
1771857114.0192 3 41.9 % 
1771857120.0399 3 41.3 % 
1771857123.0499 3 41.9 % 
1771857126.0602 3 41.3 % 
1771857132.0796 3 41.9 % 
1771857135.0893 3 41.3 % 
1771857138.0991 3 42.5 % 
1771857141.1091 3 41.9 % 
1771857144.1189 3 41.3 % 
1771857147.1286 3 42.5 % 
1771857150.1382 3 41.3 % 
1771857153.1479 3 42.5 % 
1771857159.1674 3 41.3 % 
1771857165.1870 3 42.5 % 
1771857168.1969 3 41.9 % 
1771857174.2162 3 41.3 % 
1771857183.2461 3 42.5 % 
1771857189.2662 3 41.9 % 
1771857192.2760 3 40.2 % 
1771857195.2856 3 41.3 % 
1771857198.2952 3 41.9 % 
1771857201.3061 3 41.3 % 
1771857204.3164 3 41.9 % 
1771857207.3259 3 42.5 % 
1771857210.3356 3 41.9 % 
1771857216.3549 3 41.3 % 
1771857222.3743 3 41.9 % 
1771857228.3941 3 41.3 % 
1771857231.4037 3 40.8 % 
1771857234.4136 3 41.3 % 
1771857237.4239 3 42.5 % 
1771857240.4339 3 41.9 % 
1771857243.4445 3 42.5 % 
1771857252.4746 3 41.9 % 
1771857255.4842 3 42.5 % 
1771857258.4938 3 41.3 % 
1771857261.5033 3 41.9 % 
1771857264.5129 3 42.5 % 
1771857267.5229 3 41.9 % 
1771857273.5423 3 41.3 % 
1771857276.5518 3 42.5 % 
1771857279.5614 3 41.9 % 
1771857291.6034 3 41.3 % 
1771857294.6133 3 41.9 % 
1771857297.6236 3 40.2 % 
1771857300.6340 3 41.3 % 
1771857303.6451 3 41.9 % 
1771857306.6547 3 40.8 % 
1771857309.6647 3 42.5 % 
1771857312.6744 3 41.9 % 
1771857318.6949 3 41.3 % 
1771857321.7046 3 41.9 % 
1771857330.7336 3 40.8 % 
1771857333.7433 3 41.3 % 
1771857336.7528 3 41.9 % 
1771857342.7724 3 40.8 % 
1771857345.7825 3 41.9 % 
1771857354.8115 3 43.0 % 
1771857357.8186 3 44.1 % 
1771857360.8258 3 42.5 % 
1771857363.8362 3 41.9 % 
1771857366.8488 3 42.5 % 
1771857369.8587 3 43.5 % 
1771857372.8657 3 43.0 % 
1771857375.8728 3 41.9 % 
1771857378.8823 3 42.5 % 
1771857384.9016 3 43.0 % 
1771857387.9113 3 41.3 % 
1771857390.9210 3 42.5 % 
1771857402.9594 3 41.9 % 
1771857405.9690 3 42.5 % 
1771857408.9788 3 41.3 % 
1771857411.9884 3 41.9 % 
1771857418.0078 3 43.0 % 
1771857421.0174 3 42.5 % 
1771857430.0495 3 41.3 % 
1771857433.0594 3 40.8 % 
1771857436.0691 3 42.5 % 
1771857439.0792 3 41.3 % 
1771857442.0891 3 40.2 % 
1771857445.0988 3 41.9 % 
1771857454.1277 3 42.5 % 
1771857460.1469 3 41.9 % 
1771857472.1858 3 42.5 % 
1771857475.1954 3 41.9 % 
1771857487.2342 3 41.3 % 
1771857490.2469 3 43.0 % 
1771857493.2567 3 41.9 % 
1771857502.2865 3 41.3 % 
1771857505.2968 3 41.9 % 
1771857508.3068 3 41.3 % 
1771857511.3167 3 41.9 % 
1771857514.3263 3 42.5 % 
1771857523.3552 3 41.9 % 
1771857529.3746 3 42.5 % 
1771857532.3848 3 41.3 % 
1771857535.3945 3 41.9 % 
1771857541.4140 3 44.1 % 
1771857544.4211 3 43.0 % 
1771857547.4309 3 42.5 % 
1771857568.5082 3 41.9 % 
1771857571.5179 3 41.3 % 
1771857574.5275 3 41.9 % 
1771857577.5378 3 41.3 % 
1771857580.5473 3 41.9 % 
1771857586.5664 3 42.5 % 
1771857589.5760 3 41.9 % 
1771857592.5857 3 41.3 % 
1771857598.6058 3 42.5 % 
1771857601.6155 3 41.9 % 
1771857607.6358 3 40.2 % 
1771857610.6478 3 41.9 % 
1771857616.6680 3 40.8 % 
1771857619.6782 3 42.5 % 
1771857622.6880 3 41.3 % 
1771857625.6976 3 42.5 % 
1771857631.7174 3 41.9 % 
1771857640.7471 3 42.5 % 
1771857643.7568 3 41.3 % 
1771857658.8068 3 42.5 % 
1771857661.8165 3 41.9 % 
1771857664.8262 3 43.0 % 
1771857667.8363 3 41.9 % 
1771857673.8564 3 41.3 % 
1771857676.8662 3 40.2 % 
1771857682.8855 3 42.5 % 
1771857685.8952 3 41.9 % 
1771857688.9049 3 40.2 % 
1771857691.9151 3 42.5 % 
1771857694.9248 3 41.9 % 
1771857703.9540 3 42.5 % 
1771857706.9636 3 41.3 % 
1771857709.9732 3 42.5 % 
1771857712.9829 3 41.9 % 
1771857722.0128 3 40.8 % 
1771857725.0225 3 41.3 % 
1771857734.0542 3 41.9 % 
1771857740.0739 3 42.5 % 
1771857743.0836 3 40.8 % 
1771857746.0931 3 41.3 % 
1771857749.1032 3 42.5 % 
1771857752.1132 3 41.3 % 
1771857755.1234 3 43.5 % 
1771857758.1330 3 41.3 % 
1771857761.1428 3 41.9 % 
1771857764.1524 3 41.3 % 
1771857767.1623 3 41.9 % 
1771857770.1721 3 40.8 % 
1771857773.1817 3 41.3 % 
1771857776.1913 3 40.2 % 
1771857779.2012 3 41.3 % 
1771857782.2110 3 40.8 % 
1771857785.2208 3 41.9 % 
1771857788.2304 3 40.8 % 
1771857791.2413 3 41.9 % 
1771857794.2523 3 42.5 % 
1771857800.2724 3 43.0 % 
1771857806.2918 3 41.3 % 
1771857809.3015 3 41.9 % 
1771857812.3115 3 42.5 % 
1771857815.3211 3 41.3 % 
1771857818.3313 3 42.5 % 
1771857821.3410 3 41.3 % 
1771857824.3506 3 41.9 % 
1771857830.3700 3 41.3 % 
1771857833.3796 3 39.7 % 
1771857836.3894 3 40.2 % 
1771857839.3992 3 41.9 % 
1771857845.4184 3 42.5 % 
1771857854.4481 3 41.9 % 
1771857860.4680 3 41.3 % 
1771857866.4872 3 41.9 % 
1771857869.4973 3 41.3 % 
1771857878.5280 3 41.9 % 
1771857881.5379 3 40.2 % 
1771857884.5475 3 41.9 % 
1771857887.5572 3 40.2 % 
1771857890.5670 3 41.3 % 
1771857893.5770 3 41.9 % 
1771857896.5873 3 41.3 % 
1771857899.5970 3 41.9 % 
1771857902.6068 3 42.5 % 
1771857905.6169 3 40.8 % 
1771857911.6424 3 41.3 % 
1771857914.6524 3 42.5 % 
1771857917.6625 3 41.9 % 
1771857923.6851 3 42.5 % 
1771857929.7044 3 41.9 % 
1771857932.7176 3 41.3 % 
1771857935.7272 3 42.5 % 
1771857938.7367 3 41.9 % 
1771857941.7464 3 41.3 % 
1771857944.7563 3 41.9 % 
1771857959.8056 3 41.3 % 
1771857962.8158 3 41.9 % 
1771857968.8350 3 40.8 % 
1771857971.8465 3 41.9 % 
1771857977.8665 3 41.3 % 
1771857980.8763 3 41.9 % 
1771857986.8964 3 43.0 % 
1771857989.9061 3 41.9 % 
1771857992.9161 3 42.5 % 
1771857995.9263 3 43.0 % 
1771857998.9361 3 41.3 % 
1771858001.9457 3 40.8 % 
1771858004.9556 3 41.9 % 
1771858007.9652 3 42.5 % 
1771858010.9747 3 41.3 % 
1771858013.9849 3 41.9 % 
1771858016.9945 3 42.5 % 
1771858020.0041 3 41.9 % 
1771858026.0234 3 41.3 % 
1771858029.0331 3 41.9 % 
1771858035.0535 3 40.8 % 
1771858038.0632 3 41.9 % 
1771858047.0924 3 40.8 % 
1771858050.1021 3 41.3 % 
1771858053.1118 3 41.9 % 
1771858056.1213 3 40.8 % 
1771858059.1309 3 42.5 % 
1771858062.1407 3 41.9 % 
1771858065.1504 3 43.0 % 
1771858068.1601 3 41.9 % 
1771858074.1798 3 42.5 % 
1771858077.1893 3 41.3 % 
1771858080.1993 3 41.9 % 
1771858086.2189 3 41.3 % 
1771858089.2286 3 40.8 % 
1771858095.2490 3 42.5 % 
1771858098.2587 3 41.3 % 
1771858101.2684 3 43.0 % 
1771858104.2785 3 42.5 % 
1771858107.2881 3 41.9 % 
1771858113.3088 3 41.3 % 
1771858116.3187 3 41.9 % 
1771858128.3577 3 41.3 % 
1771858131.3673 3 41.9 % 
1771858137.3869 3 41.3 % 
1771858140.3969 3 41.9 % 
1771858146.4163 3 42.5 % 
1771858149.4263 3 41.3 % 
1771858152.4365 3 41.9 % 
1771858158.4570 3 43.0 % 
1771858161.4674 3 40.8 % 
1771858164.4774 3 41.9 % 
1771858170.4971 3 42.5 % 
1771858173.5068 3 41.9 % 
1771858185.5453 3 42.5 % 
1771858188.5549 3 41.9 % 
1771858191.5646 3 42.5 % 
1771858194.5743 3 40.8 % 
1771858197.5839 3 41.3 % 
1771858200.5934 3 42.5 % 
1771858203.6030 3 41.3 % 
1771858206.6127 3 41.9 % 
1771858221.6662 3 42.5 % 
1771858224.6758 3 41.3 % 
1771858227.6863 3 41.9 % 
1771858233.7059 3 42.5 % 
1771858236.7158 3 41.9 % 
1771858239.7254 3 41.3 % 
1771858242.7350 3 42.5 % 
1771858245.7447 3 41.9 % 
1771858248.7543 3 41.3 % 
1771858251.7638 3 41.9 % 
1771858254.7734 3 41.3 % 
1771858257.7829 3 42.5 % 
1771858260.7927 3 40.8 % 
1771858263.8021 3 41.9 % 
1771858266.8117 3 40.8 % 
1771858269.8218 3 41.9 % 
1771858275.8417 3 42.5 % 
1771858281.8620 3 41.9 % 
1771858284.8720 3 41.3 % 
1771858287.8818 3 41.9 % 
1771858296.9112 3 42.5 % 
1771858299.9207 3 40.8 % 
1771858302.9303 3 41.9 % 
1771858314.9685 3 42.5 % 
1771858317.9781 3 41.9 % 
1771858320.9879 3 41.3 % 
1771858330.0165 3 41.9 % 
1771858333.0261 3 41.3 % 
1771858336.0360 3 41.9 % 
1771858342.0572 3 40.2 % 
1771858345.0673 3 41.9 % 
1771858348.0770 3 41.3 % 
1771858351.0867 3 42.5 % 
1771858354.0963 3 41.9 % 
1771858360.1156 3 40.2 % 
1771858363.1252 3 40.8 % 
1771858366.1347 3 43.0 % 
1771858369.1445 3 41.9 % 
1771858372.1545 3 42.5 % 
1771858375.1642 3 43.0 % 
1771858378.1739 3 41.3 % 
1771858381.1835 3 41.9 % 
1771858387.2026 3 41.3 % 
1771858390.2124 3 42.5 % 
1771858393.2225 3 41.9 % 
1771858396.2321 3 40.8 % 
1771858399.2428 3 42.5 % 
1771858402.2535 3 40.2 % 
1771858405.2635 3 43.0 % 
1771858411.2836 3 41.3 % 
1771858423.3231 3 40.8 % 
1771858426.3331 3 41.3 % 
1771858429.3427 3 41.9 % 
1771858432.3524 3 40.8 % 
1771858435.3619 3 41.9 % 
1771858438.3713 3 41.3 % 
1771858441.3809 3 40.8 % 
1771858444.3906 3 41.3 % 
1771858447.4011 3 41.9 % 
1771858453.4200 3 42.5 % 
1771858456.4295 3 41.9 % 
1771858462.4510 3 43.0 % 
1771858465.4609 3 41.9 % 
1771858468.4708 3 41.3 % 
1771858471.4805 3 41.9 % 
1771858477.5001 3 42.5 % 
1771858480.5097 3 41.9 % 
1771858483.5193 3 42.5 % 
1771858489.5388 3 41.9 % 
1771858495.5584 3 43.0 % 
1771858498.5713 3 42.5 % 
1771858501.5808 3 41.3 % 
1771858504.5906 3 41.9 % 
1771858507.6005 3 42.5 % 
1771858510.6102 3 43.0 % 
1771858513.6199 3 40.8 % 
1771858516.6295 3 41.9 % 
1771858522.6497 3 42.5 % 
1771858531.6785 3 41.9 % 
1771858540.7078 3 43.0 % 
1771858543.7179 3 41.9 % 
1771858552.7475 3 43.5 % 
1771858555.7572 3 41.9 % 
1771858558.7667 3 42.5 % 
1771858561.7768 3 41.9 % 
1771858567.7967 3 42.5 % 
1771858570.8063 3 43.5 % 
1771858573.8134 3 44.1 % 
1771858576.8231 3 43.0 % 
1771858579.8350 3 42.5 % 
1771858582.8458 3 41.3 % 
1771858585.8560 3 42.5 % 
1771858588.8633 3 43.5 % 
1771858591.8703 3 42.5 % 
1771858606.9195 3 40.8 % 
1771858609.9291 3 42.5 % 
1771858618.9583 3 40.8 % 
1771858621.9680 3 43.5 % 
1771858624.9777 3 40.2 % 
1771858627.9883 3 41.9 % 
1771858630.9982 3 42.5 % 
1771858640.0282 3 41.9 % 
1771858643.0397 3 42.5 % 
1771858646.0502 3 41.3 % 
1771858655.0800 3 42.5 % 
1771858661.1002 3 43.0 % 
1771858664.1099 3 41.3 % 
1771858667.1197 3 41.9 % 
1771858673.1397 3 42.5 % 
1771858676.1498 3 41.9 % 
1771858679.1594 3 42.5 % 
1771858688.1887 3 41.3 % 
1771858691.1983 3 41.9 % 
1771858694.2081 3 41.3 % 
1771858697.2180 3 42.5 % 
1771858700.2286 3 40.8 % 
1771858703.2421 3 45.8 % 
1771858706.2500 3 43.0 % 
1771858712.2677 3 42.5 % 
1771858718.2880 3 43.0 % 
1771858721.2980 3 41.3 % 
1771858724.3079 3 44.7 % 
1771858727.3180 3 42.5 % 
1771858730.3282 3 43.0 % 
1771858733.3384 3 41.3 % 
1771858736.3486 3 43.0 % 
1771858742.3627 3 42.5 % 
1771858745.3724 3 41.9 % 
1771858751.3920 3 42.5 % 
1771858757.4119 3 41.9 % 
1771858763.4320 3 42.5 % 
1771858769.4526 3 41.3 % 
1771858772.4622 3 41.9 % 
1771858775.4724 3 42.5 % 
1771858778.4821 3 41.9 % 
1771858781.4925 3 42.5 % 
1771858784.5026 3 41.9 % 
1771858787.5124 3 42.5 % 
1771858790.5225 3 41.9 % 
1771858796.5419 3 42.5 % 
1771858799.5520 3 41.3 % 
1771858802.5616 3 41.9 % 
1771858805.5716 3 42.5 % 
1771858808.5812 3 41.9 % 
1771858811.5907 3 43.0 % 
1771858814.5980 3 41.9 % 
1771858817.6083 3 43.0 % 
1771858823.6295 3 44.1 % 
1771858829.6451 3 42.5 % 
1771858835.6647 3 40.8 % 
1771858838.6748 3 42.5 % 
1771858841.6846 3 43.0 % 
1771858844.6946 3 41.9 % 
1771858847.7044 3 43.0 % 
1771858850.7142 3 42.5 % 
1771858853.7244 3 44.1 % 
1771858856.7316 3 43.0 % 
1771858859.7389 3 41.9 % 
1771858862.7490 3 42.5 % 
1771858865.7596 3 41.9 % 
1771858868.7703 3 41.3 % 
1771858871.7798 3 43.0 % 
1771858874.7887 3 41.9 % 
1771858877.7979 3 41.3 % 
1771858883.8174 3 41.9 % 
1771858889.8395 3 43.0 % 
1771858892.8494 3 41.9 % 
1771858895.8591 3 43.0 % 
1771858898.8690 3 41.3 % 
1771858901.8765 3 43.5 % 
1771858904.8875 3 42.5 % 
1771858913.9187 3 43.0 % 
1771858919.9389 3 41.9 % 
1771858922.9493 3 43.0 % 
1771858925.9564 3 43.5 % 
1771858928.9633 3 43.0 % 
1771858931.9730 3 44.1 % 
1771858934.9836 3 42.5 % 
1771858937.9935 3 40.8 % 
1771858941.0036 3 42.5 % 
1771858944.0135 3 41.9 % 
1771858947.0230 3 43.0 % 
1771858950.0309 3 42.5 % 
1771858953.0426 3 40.8 % 
1771858962.0740 3 42.5 % 
1771858968.0949 3 43.5 % 
1771858971.1053 3 42.5 % 
1771858977.1253 3 41.9 % 
1771858980.1352 3 40.2 % 
1771858983.1456 3 43.0 % 
1771858986.1527 3 41.3 % 
1771858989.1597 3 41.9 % 
1771858995.1792 3 41.3 % 
1771858998.1894 3 41.9 % 
1771859001.1990 3 41.3 % 
1771859007.2189 3 42.5 % 
1771859013.2375 3 43.0 % 
1771859016.2479 3 41.9 % 
1771859019.2580 3 42.5 % 
1771859022.2681 3 41.3 % 
1771859025.2780 3 42.5 % 
1771859037.3174 3 41.3 % 
1771859040.3274 3 42.5 % 
1771859046.3418 3 40.8 % 
1771859049.3515 3 41.9 % 
1771859055.3711 3 41.3 % 
1771859058.3808 3 41.9 % 
1771859064.4004 3 41.3 % 
1771859067.4100 3 43.0 % 
1771859070.4173 3 42.5 % 
1771859073.4275 3 41.9 % 
1771859076.4398 3 44.1 % 
1771859079.4507 3 42.5 % 
1771859085.4724 3 41.9 % 
1771859088.4829 3 40.2 % 
1771859091.4931 3 41.3 % 
1771859094.5031 3 41.9 % 
1771859100.5300 3 41.3 % 
1771859106.5501 3 43.0 % 
1771859109.5571 3 42.5 % 
1771859112.5643 3 41.3 % 
1771859121.5933 3 41.9 % 
1771859127.6112 3 43.0 % 
1771859130.6185 3 41.9 % 
1771859133.6284 3 42.5 % 
1771859139.6515 3 40.8 % 
1771859142.6628 3 41.9 % 
1771859151.6935 3 42.5 % 
1771859154.7038 3 41.9 % 
1771859163.7332 3 40.2 % 
1771859166.7432 3 41.3 % 
1771859172.7626 3 42.5 % 
1771859175.7723 3 41.9 % 
1771859178.7822 3 41.3 % 
1771859187.8116 3 41.9 % 
1771859190.8216 3 43.0 % 
1771859193.8296 3 44.1 % 
1771859196.8382 3 41.3 % 
1771859199.8486 3 41.9 % 
1771859202.8588 3 42.5 % 
1771859208.8809 3 41.9 % 
1771859211.8910 3 40.2 % 
1771859214.9011 3 42.5 % 
1771859220.9219 3 41.9 % 
1771859229.9522 3 43.0 % 
1771859232.9621 3 41.3 % 
1771859245.0011 3 40.8 % 
1771859251.0208 3 41.3 % 
1771859254.0312 3 42.5 % 
1771859260.0469 3 43.5 % 
1771859263.0576 3 42.5 % 
1771859266.0677 3 41.9 % 
1771859278.1078 3 41.3 % 
1771859284.1275 3 41.9 % 
1771859287.1377 3 43.0 % 
1771859290.1480 3 41.3 % 
1771859293.1577 3 42.5 % 
1771859296.1676 3 41.9 % 
1771859299.1773 3 41.3 % 
1771859305.1984 3 40.2 % 
1771859308.2093 3 41.9 % 
1771859314.2296 3 41.3 % 
1771859317.2406 3 42.5 % 
1771859323.2614 3 41.3 % 
1771859326.2718 3 40.8 % 
1771859329.2822 3 41.9 % 
1771859332.2926 3 42.5 % 
1771859335.3028 3 41.9 % 
1771859338.3133 3 42.5 % 
1771859341.3236 3 43.5 % 
1771859344.3338 3 41.9 % 
1771859347.3444 3 43.5 % 
1771859350.3533 3 40.8 % 
1771859353.3727 3 41.3 % 
1771859356.3826 3 41.9 % 
1771859359.3927 3 41.3 % 
1771859362.4028 3 41.9 % 
1771859365.4129 3 41.3 % 
1771859371.4337 3 41.9 % 
1771859374.4437 3 42.5 % 
1771859377.4536 3 41.3 % 
1771859380.4635 3 40.8 % 
1771859383.4732 3 41.3 % 
1771859389.4928 3 41.9 % 
1771859392.5026 3 40.8 % 
1771859395.5125 3 41.9 % 
1771859398.5223 3 41.3 % 
1771859401.5320 3 41.9 % 
1771859404.5417 3 40.8 % 
1771859407.5514 3 41.3 % 
1771859410.5613 3 41.9 % 
1771859413.5711 3 41.3 % 
1771859416.5843 3 40.8 % 
1771859419.5942 3 41.3 % 
1771859425.6144 3 41.9 % 
1771859428.6244 3 41.3 % 
1771859431.6349 3 40.8 % 
1771859434.6448 3 42.5 % 
1771859437.6582 3 41.3 % 
1771859440.6687 3 40.8 % 
1771859443.6786 3 41.9 % 
1771859446.6886 3 41.3 % 
1771859452.7081 3 40.8 % 
1771859455.7181 3 41.9 % 
1771859461.7380 3 40.8 % 
1771859464.7477 3 41.3 % 
1771859467.7573 3 41.9 % 
1771859470.7671 3 41.3 % 
1771859473.7770 3 40.2 % 
1771859476.7867 3 41.9 % 
1771859482.8062 3 41.3 % 
1771859485.8160 3 41.9 % 
1771859491.8358 3 40.8 % 
1771859494.8458 3 41.9 % 
1771859497.8556 3 41.3 % 
1771859506.8856 3 40.8 % 
1771859509.8953 3 41.9 % 
1771859512.9050 3 41.3 % 
1771859518.9245 3 41.9 % 
1771859521.9348 3 40.8 % 
1771859524.9445 3 41.3 % 
1771859533.9737 3 41.9 % 
1771859536.9836 3 41.3 % 
1771859549.0228 3 41.9 % 
1771859552.0357 3 41.3 % 
1771859555.0455 3 40.8 % 
1771859558.0560 3 41.9 % 
1771859561.0662 3 41.3 % 
1771859567.0862 3 42.5 % 
1771859570.0966 3 41.3 % 
1771859576.1157 3 41.9 % 
1771859582.1351 3 43.0 % 
1771859585.1449 3 40.2 % 
1771859588.1545 3 41.9 % 
1771859591.1642 3 41.3 % 
1771859597.1837 3 41.9 % 
1771859600.1936 3 40.2 % 
1771859603.2032 3 41.9 % 
1771859606.2129 3 41.3 % 
1771859612.2365 3 41.9 % 
1771859615.2467 3 42.5 % 
1771859618.2566 3 40.8 % 
1771859621.2668 3 41.9 % 
1771859627.2869 3 41.3 % 
1771859630.2966 3 41.9 % 
1771859645.3464 3 41.3 % 
1771859654.3762 3 41.9 % 
1771859657.3857 3 41.3 % 
1771859663.4051 3 42.5 % 
1771859666.4147 3 41.9 % 
1771859669.4243 3 41.3 % 
1771859672.4358 3 41.9 % 
1771859675.4456 3 42.5 % 
1771859681.4653 3 41.3 % 
1771859684.4754 3 41.9 % 
1771859687.4853 3 41.3 % 
1771859690.4955 3 42.5 % 
1771859693.5053 3 41.9 % 
1771859696.5150 3 40.2 % 
1771859699.5246 3 41.9 % 
1771859702.5342 3 42.5 % 
1771859708.5537 3 41.3 % 
1771859714.5732 3 40.8 % 
1771859717.5828 3 41.9 % 
1771859720.5926 3 41.3 % 
1771859723.6026 3 43.0 % 
1771859726.6101 3 44.1 % 
1771859729.6174 3 42.5 % 
1771859747.6791 3 41.9 % 
1771859750.6888 3 42.5 % 
1771859756.7084 3 41.9 % 
1771859759.7185 3 42.5 % 
1771859762.7283 3 41.9 % 
1771859768.7476 3 41.3 % 
1771859771.7572 3 43.0 % 
1771859774.7667 3 42.5 % 
1771859777.7766 3 41.9 % 
1771859786.8055 3 42.5 % 
1771859789.8152 3 41.9 % 
1771859801.8557 3 41.3 % 
1771859804.8655 3 41.9 % 
1771859810.8852 3 41.3 % 
1771859813.8949 3 41.9 % 
1771859816.9047 3 40.8 % 
1771859819.9148 3 41.9 % 
1771859822.9245 3 43.0 % 
1771859825.9341 3 41.3 % 
1771859828.9439 3 41.9 % 
1771859831.9537 3 42.5 % 
1771859834.9637 3 41.9 % 
1771859847.0028 3 40.8 % 
1771859853.0227 3 41.9 % 
1771859859.0441 3 42.5 % 
1771859862.0544 3 41.9 % 
1771859871.0839 3 42.5 % 
1771859874.0937 3 41.3 % 
1771859877.1036 3 41.9 % 
1771859883.1238 3 42.5 % 
1771859889.1431 3 43.0 % 
1771859892.1530 3 40.8 % 
1771859895.1627 3 41.9 % 
1771859898.1725 3 42.5 % 
1771859901.1822 3 41.9 % 
1771859904.1918 3 42.5 % 
1771859910.2115 3 40.8 % 
1771859913.2217 3 41.3 % 
1771859916.2332 3 41.9 % 
1771859919.2436 3 42.5 % 
1771859922.2535 3 40.2 % 
1771859925.2642 3 42.5 % 
1771859928.2751 3 41.9 % 
1771859937.3046 3 41.3 % 
1771859940.3143 3 43.0 % 
1771859943.3242 3 41.9 % 
1771859952.3532 3 41.3 % 
1771859958.3732 3 41.9 % 
1771859961.3828 3 40.8 % 
1771859964.3927 3 41.9 % 
1771859970.4123 3 42.5 % 
1771859973.4221 3 41.9 % 
1771859976.4345 3 42.5 % 
1771859985.4637 3 41.3 % 
1771859988.4735 3 41.9 % 
1771860000.5122 3 42.5 % 
1771860003.5219 3 41.9 % 
1771860012.5511 3 41.3 % 
1771860015.5608 3 41.9 % 
1771860024.5905 3 42.5 % 
1771860027.6007 3 41.9 % 
1771860030.6105 3 42.5 % 
1771860033.6202 3 40.8 % 
1771860036.6308 3 41.9 % 
1771860042.6503 3 42.5 % 
1771860048.6707 3 41.9 % 
1771860057.7001 3 43.0 % 
1771860060.7098 3 41.9 % 
1771860063.7195 3 42.5 % 
1771860072.7486 3 41.3 % 
1771860075.7582 3 40.8 % 
1771860078.7680 3 42.5 % 
1771860081.7778 3 41.9 % 
1771860084.7873 3 41.3 % 
1771860087.7969 3 42.5 % 
1771860090.8066 3 41.9 % 
1771860096.8266 3 43.5 % 
1771860099.8373 3 41.9 % 
1771860114.8865 3 42.5 % 
1771860123.9158 3 41.9 % 
1771860126.9254 3 40.8 % 
1771860129.9350 3 42.5 % 
1771860132.9445 3 41.9 % 
1771860141.9734 3 42.5 % 
1771860144.9830 3 41.3 % 
1771860147.9926 3 41.9 % 
1771860151.0024 3 40.8 % 
1771860154.0120 3 42.5 % 
1771860157.0217 3 41.9 % 
1771860160.0327 3 43.5 % 
1771860166.0477 3 42.5 % 
1771860169.0589 3 43.0 % 
1771860175.0785 3 42.5 % 
1771860187.1162 3 43.0 % 
1771860190.1233 3 41.3 % 
1771860193.1329 3 42.5 % 
1771860196.1427 3 41.9 % 
1771860199.1528 3 41.3 % 
1771860202.1625 3 42.5 % 
1771860205.1724 3 40.8 % 
1771860208.1821 3 42.5 % 
1771860211.1917 3 41.9 % 
1771860214.2014 3 42.5 % 
1771860217.2111 3 41.9 % 
1771860220.2207 3 42.5 % 
1771860223.2321 3 41.9 % 
1771860226.2408 3 43.0 % 
1771860235.2687 3 41.9 % 
1771860238.2787 3 42.5 % 
1771860241.2889 3 44.1 % 
1771860244.2962 3 43.0 % 
1771860247.3033 3 42.5 % 
1771860250.3135 3 43.0 % 
1771860253.3234 3 42.5 % 
1771860256.3333 3 41.9 % 
1771860259.3429 3 41.3 % 
1771860262.3527 3 41.9 % 
1771860265.3622 3 41.3 % 
1771860268.3719 3 41.9 % 
1771860271.3819 3 43.5 % 
1771860274.3895 3 42.5 % 
1771860277.3996 3 41.3 % 
1771860280.4095 3 43.5 % 
1771860286.4269 3 43.0 % 
1771860289.4373 3 42.5 % 
1771860301.4772 3 43.5 % 
1771860307.4916 3 43.0 % 
1771860316.5228 3 42.5 % 
1771860322.5424 3 41.9 % 
1771860325.5527 3 42.5 % 
1771860328.5628 3 41.3 % 
1771860331.5729 3 42.5 % 
1771860334.5833 3 43.0 % 
1771860340.6007 3 41.9 % 
1771860343.6104 3 42.5 % 
1771860346.6204 3 41.3 % 
1771860349.6327 3 41.9 % 
1771860352.6435 3 40.8 % 
1771860355.6532 3 42.5 % 
1771860361.6731 3 44.7 % 
1771860364.6811 3 43.5 % 
1771860367.6886 3 43.0 % 
1771860370.6992 3 42.5 % 
1771860376.7189 3 43.0 % 
1771860382.7397 3 42.5 % 
1771860394.7791 3 41.9 % 
1771860403.8098 3 41.3 % 
1771860406.8201 3 41.9 % 
1771860409.8305 3 42.5 % 
1771860418.8606 3 41.9 % 
1771860421.8707 3 43.5 % 
1771860424.8780 3 43.0 % 
1771860427.8875 3 42.5 % 
1771860436.9179 3 41.9 % 
1771860442.9376 3 42.5 % 
1771860454.9777 3 41.9 % 
1771860467.0173 3 41.3 % 
1771860470.0278 3 42.5 % 
1771860476.0484 3 41.9 % 
1771860479.0581 3 42.5 % 
1771860482.0687 3 40.8 % 
1771860485.0785 3 43.0 % 
1771860488.0888 3 42.5 % 
1771860491.0986 3 41.9 % 
1771860497.1183 3 42.5 % 
1771860500.1282 3 43.5 % 
1771860506.1430 3 43.0 % 
1771860509.1529 3 42.5 % 
1771860512.1641 3 43.0 % 
1771860515.1746 3 42.5 % 
1771860527.2150 3 41.9 % 
1771860536.2455 3 42.5 % 
1771860539.2553 3 41.9 % 
1771860542.2649 3 43.5 % 
1771860545.2746 3 41.9 % 
1771860551.2940 3 43.0 % 
1771860554.3038 3 40.2 % 
1771860557.3136 3 42.5 % 
1771860560.3233 3 41.9 % 
1771860563.3332 3 41.3 % 
1771860566.3428 3 41.9 % 
1771860572.3623 3 41.3 % 
1771860575.3721 3 40.2 % 
1771860578.3823 3 41.3 % 
1771860581.3927 3 41.9 % 
1771860587.4127 3 41.3 % 
1771860593.4330 3 41.9 % 
1771860596.4426 3 40.8 % 
1771860599.4530 3 41.9 % 
1771860602.4630 3 41.3 % 
1771860605.4727 3 40.8 % 
1771860608.4829 3 41.3 % 
1771860611.4926 3 41.9 % 
1771860626.5413 3 41.3 % 
1771860629.5509 3 40.2 % 
1771860632.5605 3 39.7 % 
1771860635.5744 3 41.3 % 
1771860638.5842 3 41.9 % 
1771860647.6131 3 40.8 % 
1771860650.6233 3 41.3 % 
1771860653.6334 3 40.2 % 
1771860656.6436 3 41.9 % 
1771860659.6536 3 41.3 % 
1771860665.6737 3 40.2 % 
1771860668.6836 3 41.3 % 
1771860677.7124 3 41.9 % 
1771860680.7220 3 41.3 % 
1771860683.7317 3 42.5 % 
1771860686.7413 3 41.9 % 
1771860698.7803 3 41.3 % 
1771860710.8185 3 42.5 % 
1771860713.8293 3 41.3 % 
1771860716.8390 3 41.9 % 
1771860719.8486 3 40.2 % 
1771860725.8686 3 41.9 % 
1771860728.8787 3 41.3 % 
1771860731.8885 3 39.7 % 
1771860734.8982 3 41.3 % 
1771860737.9079 3 40.2 % 
1771860743.9272 3 41.3 % 
1771860749.9464 3 40.8 % 
1771860752.9559 3 41.3 % 
1771860761.9849 3 43.0 % 
1771860764.9945 3 41.3 % 
1771860777.0346 3 41.9 % 
1771860783.0542 3 41.3 % 
1771860786.0644 3 41.9 % 
1771860789.0740 3 40.8 % 
1771860792.0836 3 41.9 % 
1771860795.0935 3 40.8 % 
1771860798.1031 3 41.3 % 
1771860804.1226 3 41.9 % 
1771860807.1322 3 41.3 % 
1771860810.1420 3 42.5 % 
1771860813.1521 3 41.9 % 
1771860816.1619 3 41.3 % 
1771860819.1715 3 40.2 % 
1771860822.1813 3 41.3 % 
1771860825.1913 3 40.2 % 
1771860828.2018 3 41.9 % 
1771860831.2113 3 42.5 % 
1771860834.2184 3 41.9 % 
1771860837.2301 3 41.3 % 
1771860840.2414 3 41.9 % 
1771860843.2513 3 42.5 % 
1771860846.2623 3 41.9 % 
1771860849.2724 3 42.5 % 
1771860852.2831 3 41.9 % 
1771860855.2943 3 41.3 % 
1771860858.3039 3 40.8 % 
1771860864.3232 3 41.3 % 
1771860870.3432 3 41.9 % 
1771860873.3536 3 42.5 % 
1771860879.3736 3 39.7 % 
1771860882.3836 3 41.3 % 
1771860891.4129 3 41.9 % 
1771860894.4227 3 42.5 % 
1771860897.4333 3 41.3 % 
1771860906.4636 3 41.9 % 
1771860909.4733 3 40.8 % 
1771860912.4829 3 41.3 % 
1771860915.4932 3 40.8 % 
1771860921.5125 3 41.9 % 
1771860924.5224 3 41.3 % 
1771860930.5418 3 40.8 % 
1771860933.5515 3 40.2 % 
1771860936.5612 3 41.3 % 
1771860945.5908 3 41.9 % 
1771860948.6006 3 40.8 % 
1771860951.6110 3 41.3 % 
1771860957.6327 3 41.9 % 
1771860963.6544 3 41.3 % 
1771860972.6851 3 40.8 % 
1771860975.6949 3 41.3 % 
1771860978.7048 3 40.2 % 
1771860981.7145 3 41.3 % 
1771860993.7533 3 41.9 % 
1771860996.7630 3 41.3 % 
1771861002.7828 3 41.9 % 
1771861005.7925 3 41.3 % 
1771861008.8022 3 40.8 % 
1771861011.8118 3 41.3 % 
1771861014.8229 3 42.5 % 
1771861020.8434 3 41.3 % 
1771861023.8534 3 40.2 % 
1771861026.8634 3 43.0 % 
1771861029.8732 3 40.8 % 
1771861032.8830 3 41.9 % 
1771861035.8928 3 40.8 % 
1771861038.9026 3 41.3 % 
1771861044.9221 3 41.9 % 
1771861050.9415 3 41.3 % 
1771861056.9613 3 42.5 % 
1771861059.9695 3 41.9 % 
1771861062.9767 3 44.1 % 
1771861065.9868 3 41.3 % 
1771861068.9968 3 42.5 % 
1771861072.0065 3 41.3 % 
1771861078.0276 3 41.9 % 
1771861081.0392 3 43.5 % 
1771861084.0495 3 42.5 % 
1771861087.0606 3 41.9 % 
1771861090.0720 3 42.5 % 
1771861093.0819 3 41.9 % 
1771861096.0918 3 42.5 % 
1771861099.1019 3 43.0 % 
1771861102.1118 3 42.5 % 
1771861105.1217 3 41.9 % 
1771861120.1726 3 43.0 % 
1771861123.1797 3 43.5 % 
1771861126.1896 3 43.0 % 
1771861132.2096 3 41.9 % 
1771861135.2193 3 42.5 % 
1771861138.2296 3 43.5 % 
1771861141.2370 3 42.5 % 
1771861144.2471 3 41.9 % 
1771861147.2570 3 42.5 % 
1771861156.2887 3 41.9 % 
1771861159.2986 3 43.0 % 
1771861162.3090 3 42.5 % 
1771861165.3191 3 43.0 % 
1771861171.3397 3 42.5 % 
1771861174.3499 3 41.9 % 
1771861177.3600 3 42.5 % 
1771861180.3701 3 41.9 % 
1771861183.3773 3 43.0 % 
1771861186.3844 3 42.5 % 
1771861189.3945 3 41.3 % 
1771861192.4047 3 41.9 % 
1771861198.4262 3 42.5 % 
1771861204.4468 3 44.1 % 
1771861207.4566 3 41.9 % 
1771861213.4762 3 41.3 % 
1771861216.4860 3 42.5 % 
1771861219.4958 3 41.3 % 
1771861222.5055 3 40.8 % 
1771861225.5151 3 41.9 % 
1771861234.5442 3 41.3 % 
1771861240.5645 3 42.5 % 
1771861243.5746 3 43.0 % 
1771861246.5821 3 42.5 % 
1771861249.5921 3 41.9 % 
1771861252.6024 3 43.0 % 
1771861255.6125 3 43.5 % 
1771861258.6197 3 43.0 % 
1771861264.6374 3 41.3 % 
1771861267.6474 3 43.0 % 
1771861270.6575 3 42.5 % 
1771861273.6673 3 41.9 % 
1771861282.6968 3 41.3 % 
1771861291.7277 3 40.8 % 
1771861294.7375 3 41.9 % 
1771861303.7668 3 42.5 % 
1771861306.7767 3 41.9 % 
1771861312.7967 3 41.3 % 
1771861315.8064 3 42.5 % 
1771861318.8162 3 41.9 % 
1771861327.8462 3 41.3 % 
1771861330.8561 3 41.9 % 
1771861333.8660 3 42.5 % 
1771861336.8757 3 41.9 % 
1771861339.8857 3 40.8 % 
1771861342.8955 3 42.5 % 
1771861345.9059 3 41.3 % 
1771861351.9262 3 41.9 % 
1771861354.9360 3 40.2 % 
1771861357.9457 3 41.3 % 
1771861360.9558 3 42.5 % 
1771861363.9654 3 41.9 % 
1771861366.9754 3 41.3 % 
1771861369.9851 3 41.9 % 
1771861372.9953 3 42.5 % 
1771861376.0051 3 41.3 % 
1771861388.0477 3 43.0 % 
1771861391.0614 3 41.9 % 
1771861394.0712 3 41.3 % 
1771861400.0909 3 43.0 % 
1771861403.1012 3 41.9 % 
1771861406.1111 3 42.5 % 
1771861409.1208 3 40.8 % 
1771861412.1307 3 41.9 % 
1771861415.1405 3 40.8 % 
1771861418.1502 3 41.3 % 
1771861421.1602 3 41.9 % 
1771861424.1700 3 41.3 % 
1771861427.1803 3 41.9 % 
1771861433.2005 3 40.8 % 
1771861436.2104 3 41.9 % 
1771861439.2203 3 41.3 % 
1771861442.2326 3 42.5 % 
1771861445.2424 3 40.8 % 
1771861448.2531 3 41.9 % 
1771861451.2638 3 41.3 % 
1771861457.2839 3 40.8 % 
1771861460.2940 3 41.9 % 
1771861463.3038 3 41.3 % 
1771861466.3135 3 41.9 % 
1771861472.3329 3 42.5 % 
1771861475.3427 3 41.9 % 
1771861481.3625 3 41.3 % 
1771861484.3723 3 41.9 % 
1771861490.3925 3 42.5 % 
1771861493.4023 3 40.2 % 
1771861496.4121 3 41.3 % 
1771861499.4230 3 41.9 % 
1771861502.4335 3 41.3 % 
1771861508.4537 3 41.9 % 
1771861514.4735 3 41.3 % 
1771861517.4835 3 42.5 % 
1771861520.4932 3 40.8 % 
1771861523.5033 3 40.2 % 
1771861526.5130 3 41.3 % 
1771861529.5229 3 42.5 % 
1771861532.5328 3 41.9 % 
1771861538.5524 3 42.5 % 
1771861541.5628 3 41.9 % 
1771861544.5730 3 43.0 % 
1771861547.5860 3 40.8 % 
1771861550.5956 3 41.9 % 
1771861556.6155 3 41.3 % 
1771861559.6279 3 41.9 % 
1771861562.6376 3 41.3 % 
1771861565.6479 3 41.9 % 
1771861568.6577 3 41.3 % 
1771861571.6708 3 40.2 % 
1771861574.6807 3 41.3 % 
1771861577.6903 3 41.9 % 
1771861589.7293 3 42.5 % 
1771861592.7391 3 41.9 % 
1771861598.7587 3 41.3 % 
1771861601.7685 3 41.9 % 
1771861604.7782 3 41.3 % 
1771861616.8173 3 42.5 % 
1771861622.8378 3 41.9 % 
1771861628.8577 3 42.5 % 
1771861634.8770 3 41.3 % 
1771861637.8867 3 41.9 % 
1771861640.8972 3 41.3 % 
1771861646.9170 3 41.9 % 
1771861649.9268 3 40.2 % 
1771861652.9368 3 43.0 % 
1771861658.9561 3 41.3 % 
1771861661.9660 3 41.9 % 
1771861664.9757 3 40.8 % 
1771861667.9855 3 41.3 % 
1771861670.9958 3 41.9 % 
1771861674.0057 3 42.5 % 
1771861677.0154 3 41.9 % 
1771861683.0359 3 40.2 % 
1771861686.0457 3 41.3 % 
1771861689.0558 3 43.5 % 
1771861695.0711 3 43.0 % 
1771861698.0812 3 42.5 % 
1771861701.0912 3 43.5 % 
1771861704.1014 3 42.5 % 
1771861710.1214 3 43.5 % 
1771861713.1311 3 43.0 % 
1771861716.1414 3 42.5 % 
1771861722.1615 3 43.0 % 
1771861728.1809 3 42.5 % 
1771861731.1911 3 43.0 % 
1771861734.1981 3 43.5 % 
1771861737.2051 3 42.5 % 
1771861743.2250 3 41.9 % 
1771861746.2347 3 42.5 % 
1771861749.2445 3 43.0 % 
1771861752.2542 3 42.5 % 
1771861755.2640 3 41.9 % 
1771861761.2843 3 43.0 % 
1771861764.2946 3 41.9 % 
1771861767.3052 3 41.3 % 
1771861770.3151 3 41.9 % 
1771861779.3440 3 42.5 % 
1771861785.3638 3 41.9 % 
1771861791.3836 3 41.3 % 
1771861794.3942 3 43.5 % 
1771861797.4045 3 42.5 % 
1771861800.4141 3 41.3 % 
1771861803.4251 3 42.5 % 
1771861809.4454 3 41.9 % 
1771861812.4552 3 42.5 % 
1771861815.4656 3 41.9 % 
1771861818.4753 3 42.5 % 
1771861821.4850 3 41.3 % 
1771861827.5045 3 41.9 % 
1771861833.5241 3 42.5 % 
1771861839.5411 3 44.1 % 
1771861842.5502 3 42.5 % 
1771861845.5607 3 41.3 % 
1771861848.5711 3 43.0 % 
1771861851.5816 3 42.5 % 
1771861857.6028 3 41.9 % 
1771861863.6253 3 42.5 % 
1771861866.6362 3 41.3 % 
1771861869.6466 3 43.5 % 
1771861872.9400 3 42.5 % 
1771861881.9667 3 41.9 % 
1771861897.0158 3 42.5 % 
1771861900.0263 3 43.0 % 
1771861906.0440 3 41.9 % 
1771861909.0548 3 42.5 % 
1771861912.0649 3 41.9 % 
1771861915.0756 3 44.1 % 
1771861918.0860 3 43.0 % 
1771861921.0960 3 42.5 % 
1771861927.1160 3 41.9 % 
1771861930.1261 3 42.5 % 
1771861933.1363 3 43.0 % 
1771861936.1434 3 42.5 % 
1771861942.1629 3 40.8 % 
1771861945.1730 3 41.3 % 
1771861948.1832 3 41.9 % 
1771861954.2026 3 43.5 % 
1771861957.2100 3 43.0 % 
1771861963.2295 3 42.5 % 
1771861966.2398 3 44.1 % 
1771861969.2501 3 41.3 % 
1771861972.2603 3 42.5 % 
1771861975.2705 3 43.5 % 
1771861981.2905 3 41.9 % 
1771861984.3004 3 43.0 % 
1771861987.3735 3 42.5 % 
1771861993.3937 3 41.3 % 
1771861996.4035 3 40.8 % 
1771861999.4141 3 41.9 % 
1771862005.4352 3 40.8 % 
1771862008.4457 3 41.9 % 
1771862011.4561 3 42.5 % 
1771862017.4766 3 43.0 % 
1771862020.4865 3 42.5 % 
1771862023.4967 3 41.9 % 
1771862026.5064 3 41.3 % 
1771862032.5261 3 41.9 % 
1771862038.5458 3 42.5 % 
1771862044.5652 3 41.9 % 
1771862047.5749 3 42.5 % 
1771862050.5846 3 40.8 % 
1771862053.5946 3 42.5 % 
1771862056.6049 3 43.0 % 
1771862059.6148 3 41.9 % 
1771862062.6260 3 42.5 % 
1771862065.6359 3 43.0 % 
1771862068.6457 3 41.9 % 
1771862080.6853 3 42.5 % 
1771862086.7049 3 40.2 % 
1771862089.7146 3 41.3 % 
1771862092.7243 3 42.5 % 
1771862095.7339 3 41.9 % 
1771862098.7435 3 41.3 % 
1771862101.7534 3 41.9 % 
1771862107.7736 3 41.3 % 
1771862110.7834 3 42.5 % 
1771862113.7933 3 41.9 % 
1771862116.8031 3 42.5 % 
1771862119.8109 3 43.5 % 
1771862122.8198 3 42.5 % 
1771862128.8410 3 40.8 % 
1771862131.8511 3 41.3 % 
1771862134.8612 3 41.9 % 
1771862143.8918 3 41.3 % 
1771862146.9017 3 41.9 % 
1771862149.9118 3 42.5 % 
1771862152.9229 3 43.0 % 
1771862158.9371 3 41.9 % 
1771862161.9468 3 42.5 % 
1771862164.9566 3 40.2 % 
1771862167.9664 3 40.8 % 
1771862170.9762 3 41.9 % 
1771862183.0162 3 41.3 % 
1771862186.0269 3 41.9 % 
1771862189.0368 3 41.3 % 
1771862195.0570 3 41.9 % 
1771862201.0770 3 41.3 % 
1771862204.0866 3 41.9 % 
1771862210.1069 3 41.3 % 
1771862216.1265 3 41.9 % 
1771862219.1363 3 42.5 % 
1771862222.1466 3 41.3 % 
1771862225.1563 3 41.9 % 
1771862228.1660 3 41.3 % 
1771862231.1760 3 41.9 % 
1771862234.1860 3 42.5 % 
1771862237.1965 3 41.9 % 
1771862240.2062 3 40.2 % 
1771862243.2161 3 41.9 % 
1771862249.2365 3 41.3 % 
1771862252.2462 3 41.9 % 
1771862264.2854 3 40.2 % 
1771862267.2957 3 41.9 % 
1771862270.3059 3 41.3 % 
1771862276.3252 3 41.9 % 
1771862279.3348 3 41.3 % 
1771862282.3445 3 40.8 % 
1771862285.3543 3 41.9 % 
1771862291.3736 3 41.3 % 
1771862297.3931 3 41.9 % 
1771862300.4027 3 41.3 % 
1771862303.4126 3 41.9 % 
1771862306.4232 3 41.3 % 
1771862309.4331 3 41.9 % 
1771862315.4526 3 41.3 % 
1771862318.4624 3 40.2 % 
1771862321.4721 3 41.9 % 
1771862324.4819 3 41.3 % 
1771862327.4917 3 42.5 % 
1771862330.5014 3 40.8 % 
1771862336.5208 3 41.3 % 
1771862339.5306 3 40.8 % 
1771862342.5405 3 39.7 % 
1771862345.5509 3 41.3 % 
1771862351.5704 3 40.8 % 
1771862354.5802 3 41.9 % 
1771862357.5901 3 41.3 % 
1771862363.6096 3 41.9 % 
1771862366.6213 3 39.7 % 
1771862369.6310 3 41.3 % 
1771862372.6407 3 40.2 % 
1771862375.6510 3 41.3 % 
1771862381.6709 3 40.8 % 
1771862387.6904 3 41.3 % 
1771862393.7098 3 40.2 % 
1771862396.7195 3 41.3 % 
1771862402.7390 3 43.0 % 
1771862405.7488 3 41.3 % 
1771862417.7877 3 41.9 % 
1771862420.7979 3 41.3 % 
1771862423.8076 3 41.9 % 
1771862426.8193 3 40.2 % 
1771862429.8303 3 41.9 % 
1771862432.8399 3 40.8 % 
1771862435.8501 3 41.9 % 
1771862438.8597 3 41.3 % 
1771862441.8693 3 41.9 % 
1771862444.8789 3 41.3 % 
1771862450.8982 3 41.9 % 
1771862453.9082 3 40.2 % 
1771862456.9178 3 41.9 % 
1771862462.9380 3 42.5 % 
1771862468.9574 3 40.2 % 
1771862471.9671 3 40.8 % 
1771862474.9767 3 41.3 % 
1771862477.9864 3 43.0 % 
1771862480.9960 3 41.9 % 
1771862496.0460 3 41.3 % 
1771862502.0657 3 41.9 % 
1771862520.1243 3 42.5 % 
1771862526.1441 3 41.3 % 
1771862529.1543 3 42.5 % 
1771862532.1641 3 41.9 % 
1771862535.1738 3 43.0 % 
1771862538.1835 3 41.3 % 
1771862550.2237 3 41.9 % 
1771862556.2442 3 42.5 % 
1771862559.2540 3 43.0 % 
1771862562.2637 3 41.9 % 
1771862565.2738 3 40.8 % 
1771862568.2843 3 41.9 % 
1771862574.3046 3 41.3 % 
1771862577.3145 3 41.9 % 
1771862580.3241 3 42.5 % 
1771862583.3340 3 41.9 % 
1771862592.3641 3 40.8 % 
1771862595.3744 3 41.3 % 
1771862598.3843 3 42.5 % 
1771862601.3940 3 41.3 % 
1771862604.4042 3 41.9 % 
1771862610.4249 3 42.5 % 
1771862616.4449 3 41.9 % 
1771862619.4548 3 42.5 % 
1771862622.4646 3 41.9 % 
1771862625.4743 3 41.3 % 
1771862628.4844 3 40.8 % 
1771862631.4941 3 42.5 % 
1771862634.5015 3 44.1 % 
1771862637.5086 3 42.5 % 
1771862640.5182 3 43.0 % 
1771862643.5284 3 41.9 % 
1771862649.5456 3 43.0 % 
1771862652.5526 3 41.9 % 
1771862655.5626 3 42.5 % 
1771862664.5920 3 41.3 % 
1771862667.6017 3 41.9 % 
1771862670.6128 3 44.1 % 
1771862673.6213 3 43.5 % 
1771862676.6289 3 42.5 % 
1771862697.6998 3 40.8 % 
1771862700.7097 3 43.5 % 
1771862703.7194 3 41.9 % 
1771862709.7387 3 40.8 % 
1771862712.7484 3 41.3 % 
1771862715.7581 3 41.9 % 
1771862718.7681 3 43.5 % 
1771862721.7754 3 42.5 % 
1771862724.7871 3 41.9 % 
1771862730.8074 3 42.5 % 
1771862733.8187 3 41.9 % 
1771862736.8315 3 41.3 % 
1771862739.8421 3 42.5 % 
1771862742.8522 3 43.0 % 
1771862751.8808 3 42.5 % 
1771862754.8906 3 41.9 % 
1771862757.9007 3 40.2 % 
1771862760.9110 3 41.3 % 
1771862766.9306 3 41.9 % 
1771862775.9595 3 41.3 % 
1771862778.9692 3 44.1 % 
1771862781.9768 3 42.5 % 
1771862784.9843 3 41.9 % 
1771862787.9945 3 43.0 % 
1771862791.0051 3 42.5 % 
1771862800.0401 3 41.9 % 
1771862803.0509 3 41.3 % 
1771862806.0612 3 42.5 % 
1771862809.0716 3 43.0 % 
1771862812.0788 3 40.8 % 
1771862815.0884 3 43.0 % 
1771862818.0957 3 43.5 % 
1771862821.1030 3 42.5 % 
1771862827.1236 3 41.9 % 
1771862836.1539 3 42.5 % 
1771862839.1637 3 40.2 % 
1771862842.1738 3 41.9 % 
1771862845.1840 3 42.5 % 
1771862848.1911 3 43.0 % 
1771862851.1981 3 43.5 % 
1771862854.2057 3 41.9 % 
1771862860.2247 3 41.3 % 
1771862863.2349 3 41.9 % 
1771862866.2449 3 42.5 % 
1771862875.2763 3 41.3 % 
1771862878.2865 3 42.5 % 
1771862881.2960 3 40.8 % 
1771862884.3059 3 43.0 % 
1771862890.3228 3 41.9 % 
1771862896.3423 3 41.3 % 
1771862899.3526 3 41.9 % 
1771862902.3623 3 43.0 % 
1771862905.3697 3 41.3 % 
1771862908.3796 3 41.9 % 
1771862914.4004 3 42.5 % 
1771862917.4106 3 40.8 % 
1771862920.4217 3 41.9 % 
1771862923.4319 3 40.8 % 
1771862926.4428 3 42.5 % 
1771862929.4532 3 41.9 % 
1771862932.4637 3 40.8 % 
1771862935.4739 3 41.9 % 
1771862941.4881 3 42.5 % 
1771862947.5080 3 44.1 % 
1771862950.5162 3 42.5 % 
1771862953.5235 3 41.3 % 
1771862956.5341 3 41.9 % 
1771862959.5443 3 41.3 % 
1771862962.5543 3 41.9 % 
1771862965.5644 3 41.3 % 
1771862971.5849 3 41.9 % 
1771862974.5951 3 41.3 % 
1771862977.6052 3 41.9 % 
1771862983.6256 3 40.8 % 
1771862986.6354 3 41.3 % 
1771862992.6557 3 42.5 % 
1771862995.6656 3 40.2 % 
1771862998.6756 3 41.3 % 
1771863001.6855 3 42.5 % 
1771863004.6934 3 43.0 % 
1771863007.7009 3 41.9 % 
1771863010.7108 3 40.8 % 
1771863013.7209 3 41.9 % 
1771863016.7315 3 42.5 % 
1771863019.7406 3 41.3 % 
1771863022.7502 3 41.9 % 
1771863025.7606 3 42.5 % 
1771863028.7708 3 40.8 % 
1771863034.7910 3 41.3 % 
1771863058.8725 3 40.8 % 
1771863064.8918 3 42.5 % 
1771863067.8999 3 41.9 % 
1771863073.9173 3 41.3 % 
1771863076.9266 3 40.2 % 
1771863079.9373 3 41.9 % 
1771863082.9476 3 41.3 % 
1771863085.9576 3 41.9 % 
1771863088.9646 3 43.5 % 
1771863091.9717 3 41.9 % 
1771863094.9816 3 41.3 % 
1771863097.9914 3 40.8 % 
1771863101.0011 3 40.2 % 
1771863104.0122 3 41.3 % 
1771863107.0224 3 40.8 % 
1771863110.0332 3 42.5 % 
1771863113.0405 3 43.0 % 
1771863116.0504 3 41.9 % 
1771863119.0608 3 41.3 % 
1771863128.0917 3 41.9 % 
1771863131.1018 3 40.2 % 
1771863134.1121 3 42.5 % 
1771863137.1190 3 41.3 % 
1771863140.1260 3 41.9 % 
1771863143.1358 3 41.3 % 
1771863146.1454 3 42.5 % 
1771863149.1551 3 41.9 % 
1771863152.1651 3 40.8 % 
1771863155.1749 3 41.3 % 
1771863161.1944 3 41.9 % 
1771863164.2042 3 40.2 % 
1771863167.2145 3 41.3 % 
1771863176.2445 3 40.8 % 
1771863179.2542 3 41.3 % 
1771863182.2640 3 40.8 % 
1771863185.2741 3 40.2 % 
1771863188.2840 3 40.8 % 
1771863191.2936 3 41.9 % 
1771863194.3032 3 41.3 % 
1771863203.3334 3 40.8 % 
1771863206.3431 3 41.9 % 
1771863209.3535 3 41.3 % 
1771863218.3809 3 41.9 % 
1771863224.4018 3 42.5 % 
1771863227.4159 3 41.3 % 
1771863230.4255 3 40.8 % 
1771863239.4544 3 39.7 % 
1771863242.4646 3 41.3 % 
1771863251.4940 3 42.5 % 
1771863254.5011 3 41.3 % 
1771863257.5082 3 41.9 % 
1771863260.5181 3 42.5 % 
1771863263.5282 3 41.3 % 
1771863266.5383 3 40.2 % 
1771863269.5485 3 42.5 % 
1771863272.5585 3 41.9 % 
1771863275.5686 3 40.8 % 
1771863278.5786 3 41.9 % 
1771863281.5880 3 41.3 % 
1771863284.5990 3 42.5 % 
1771863287.6068 3 41.9 % 
1771863290.6205 3 41.3 % 
1771863293.6305 3 41.9 % 
1771863296.6404 3 40.2 % 
1771863302.6599 3 43.0 % 
1771863305.6672 3 43.5 % 
1771863308.6747 3 41.9 % 
1771863314.6949 3 40.8 % 
1771863317.7059 3 41.3 % 
1771863320.7158 3 41.9 % 
1771863323.7260 3 41.3 % 
1771863326.7364 3 42.5 % 
1771863329.7466 3 41.9 % 
1771863332.7566 3 42.5 % 
1771863338.7707 3 41.9 % 
1771863341.7811 3 40.8 % 
1771863344.7912 3 40.2 % 
1771863347.8008 3 40.8 % 
1771863350.8112 3 41.3 % 
1771863356.8310 3 40.8 % 
1771863359.8412 3 41.9 % 
1771863362.8511 3 42.5 % 
1771863368.8690 3 41.3 % 
1771863371.8790 3 41.9 % 
1771863374.8895 3 43.0 % 
1771863377.9004 3 40.8 % 
1771863380.9119 3 41.3 % 
1771863383.9190 3 42.5 % 
1771863386.9262 3 40.2 % 
1771863389.9362 3 40.8 % 
1771863392.9459 3 41.3 % 
1771863404.9847 3 41.9 % 
1771863407.9944 3 40.8 % 
1771863411.0048 3 41.3 % 
1771863414.0156 3 42.5 % 
1771863417.0259 3 41.3 % 
1771863420.0359 3 40.8 % 
1771863426.0561 3 41.3 % 
1771863429.0662 3 40.2 % 
1771863432.0760 3 41.3 % 
1771863438.0957 3 40.8 % 
1771863441.1054 3 41.9 % 
1771863447.1251 3 40.8 % 
1771863453.1453 3 41.9 % 
1771863456.1551 3 41.3 % 
1771863459.1649 3 40.2 % 
1771863462.1746 3 41.9 % 
1771863465.1843 3 40.2 % 
1771863468.1939 3 42.5 % 
1771863471.2037 3 41.3 % 
1771863474.2148 3 40.8 % 
1771863477.2254 3 41.3 % 
1771863480.2353 3 42.5 % 
1771863489.2592 3 40.8 % 
1771863492.2694 3 41.3 % 
1771863516.3480 3 40.2 % 
1771863519.3578 3 41.3 % 
1771863522.3674 3 41.9 % 
1771863525.3772 3 41.3 % 
1771863528.3869 3 41.9 % 
1771863531.3965 3 41.3 % 
1771863534.4070 3 41.9 % 
1771863537.4190 3 43.0 % 
1771863540.4287 3 39.7 % 
1771863543.4389 3 40.8 % 
1771863546.4485 3 40.2 % 
1771863549.4588 3 41.9 % 
1771863552.4685 3 41.3 % 
1771863567.5180 3 42.5 % 
1771863570.5285 3 41.9 % 
1771863573.5377 3 41.3 % 
1771863576.5475 3 41.9 % 
1771863579.5571 3 40.8 % 
1771863582.5690 3 41.3 % 
1771863585.5794 3 41.9 % 
1771863588.5895 3 41.3 % 
1771863591.5991 3 41.9 % 
1771863597.6249 3 40.8 % 
1771863600.6351 3 41.3 % 
1771863606.6545 3 42.5 % 
1771863609.6618 3 41.3 % 
1771863612.6717 3 41.9 % 
1771863621.7014 3 41.3 % 
1771863624.7119 3 41.9 % 
1771863633.7417 3 40.8 % 
1771863636.7515 3 42.5 % 
1771863642.7688 3 43.0 % 
1771863645.7758 3 41.9 % 
1771863651.7956 3 41.3 % 
1771863654.8053 3 40.8 % 
1771863657.8156 3 41.9 % 
1771863663.8353 3 41.3 % 
1771863666.8434 3 41.9 % 
1771863669.8508 3 42.5 % 
1771863672.8609 3 40.8 % 
1771863675.8712 3 41.9 % 
1771863681.8920 3 42.5 % 
1771863684.9021 3 41.9 % 
1771863696.9444 3 40.8 % 
1771863699.9544 3 41.9 % 
1771863702.9640 3 43.0 % 
1771863705.9737 3 41.9 % 
1771863708.9837 3 41.3 % 
1771863711.9934 3 40.8 % 
1771863715.0031 3 41.3 % 
1771863718.0148 3 43.0 % 
1771863721.0229 3 42.5 % 
1771863733.0607 3 41.9 % 
1771863742.0913 3 43.0 % 
1771863745.1023 3 41.9 % 
1771863754.1325 3 41.3 % 
1771863757.1422 3 41.9 % 
1771863760.1518 3 41.3 % 
1771863763.1615 3 40.8 % 
1771863766.1712 3 41.3 % 
1771863769.1810 3 41.9 % 
1771863772.1908 3 42.5 % 
1771863778.2053 3 41.3 % 
1771863781.2159 3 41.9 % 
1771863793.2586 3 41.3 % 
1771863796.2688 3 42.5 % 
1771863799.2789 3 41.9 % 
1771863805.2987 3 42.5 % 
1771863811.3160 3 41.3 % 
1771863814.3256 3 41.9 % 
1771863817.3353 3 41.3 % 
1771863823.3546 3 42.5 % 
1771863829.3697 3 41.9 % 
1771863844.4227 3 42.5 % 
1771863847.4330 3 41.9 % 
1771863850.4434 3 42.5 % 
1771863853.4535 3 41.3 % 
1771863856.4628 3 42.5 % 
1771863859.4699 3 41.9 % 
1771863862.4795 3 43.0 % 
1771863865.4893 3 41.3 % 
1771863874.5195 3 41.9 % 
1771863877.5296 3 43.0 % 
1771863880.5378 3 41.3 % 
1771863883.5453 3 40.8 % 
1771863889.5668 3 41.9 % 
1771863892.5771 3 42.5 % 
1771863898.5916 3 41.9 % 
1771863901.6015 3 41.3 % 
1771863904.6123 3 40.2 % 
1771863907.6227 3 41.3 % 
1771863910.6329 3 44.1 % 
1771863913.6407 3 42.5 % 
1771863916.6480 3 43.0 % 
1771863919.6578 3 41.3 % 
1771863922.6674 3 41.9 % 
1771863928.6845 3 42.5 % 
1771863931.6916 3 41.3 % 
1771863940.7210 3 43.0 % 
1771863943.7287 3 41.3 % 
1771863946.7361 3 41.9 % 
1771863955.7673 3 43.0 % 
1771863958.7813 3 41.3 % 
1771863961.7915 3 41.9 % 
1771863964.8022 3 41.3 % 
1771863967.8152 3 41.9 % 
1771863970.8266 3 41.3 % 
1771863976.8470 3 42.5 % 
1771863979.8566 3 40.8 % 
1771863982.8665 3 41.3 % 
1771863988.8863 3 39.7 % 
1771863991.8961 3 43.0 % 
1771863997.9110 3 42.5 % 
1771864000.9211 3 41.3 % 
1771864003.9312 3 41.9 % 
1771864006.9412 3 41.3 % 
1771864012.9615 3 41.9 % 
1771864015.9717 3 41.3 % 
1771864025.0022 3 41.9 % 
1771864028.0097 3 40.8 % 
1771864034.0307 3 41.3 % 
1771864040.0503 3 44.1 % 
1771864043.0580 3 42.5 % 
1771864046.0655 3 41.9 % 
1771864049.0762 3 42.5 % 
1771864052.0873 3 41.3 % 
1771864055.0982 3 41.9 % 
1771864058.1083 3 39.7 % 
1771864061.1181 3 41.9 % 
1771864064.1283 3 41.3 % 
1771864067.1384 3 43.0 % 
1771864070.1488 3 41.3 % 
1771864079.1727 3 40.8 % 
1771864082.1824 3 41.3 % 
1771864085.1926 3 40.8 % 
1771864088.2027 3 39.7 % 
1771864091.2136 3 42.5 % 
1771864094.2214 3 43.0 % 
1771864097.2321 3 41.3 % 
1771864100.2421 3 41.9 % 
1771864103.2529 3 40.8 % 
1771864106.2686 3 41.9 % 
1771864109.2788 3 41.3 % 
1771864121.3190 3 42.5 % 
1771864124.3260 3 41.9 % 
1771864127.3331 3 41.3 % 
1771864139.3726 3 41.9 % 
1771864145.3880 3 41.3 % 
1771864154.4183 3 41.9 % 
1771864157.4302 3 41.3 % 
1771864163.4500 3 41.9 % 
1771864169.4706 3 41.3 % 
1771864172.4806 3 40.8 % 
1771864175.4905 3 40.2 % 
1771864178.5003 3 41.3 % 
1771864181.5105 3 40.2 % 
1771864184.5204 3 40.8 % 
1771864187.5302 3 41.3 % 
1771864190.5399 3 41.9 % 
1771864193.5502 3 40.8 % 
1771864199.5704 3 41.3 % 
1771864202.5805 3 41.9 % 
1771864205.5878 3 42.5 % 
1771864208.5953 3 41.3 % 
1771864211.6054 3 40.8 % 
1771864214.6182 3 41.3 % 
1771864217.6292 3 41.9 % 
1771864223.6505 3 41.3 % 
1771864226.6606 3 40.8 % 
1771864229.6710 3 41.3 % 
1771864235.6920 3 42.5 % 
1771864238.7018 3 41.3 % 
1771864241.7114 3 40.8 % 
1771864244.7213 3 41.9 % 
1771864247.7326 3 44.1 % 
1771864250.7403 3 43.0 % 
1771864253.7504 3 40.8 % 
1771864256.7612 3 41.3 % 
1771864259.7713 3 40.8 % 
1771864262.7815 3 39.2 % 
1771864265.7923 3 41.3 % 
1771864268.8028 3 40.8 % 
1771864271.8147 3 41.3 % 
1771864274.8261 3 40.2 % 
1771864277.8361 3 41.9 % 
1771864283.8544 3 41.3 % 
1771864286.8644 3 40.8 % 
1771864289.8744 3 41.3 % 
1771864292.8826 3 40.8 % 
1771864295.8899 3 41.9 % 
1771864301.9107 3 41.3 % 
1771864304.9207 3 41.9 % 
1771864307.9315 3 41.3 % 
1771864313.9516 3 40.8 % 
1771864319.9718 3 41.3 % 
1771864322.9815 3 40.8 % 
1771864325.9914 3 41.3 % 
1771864329.0011 3 40.8 % 
1771864332.0115 3 41.3 % 
1771864335.0215 3 40.8 % 
1771864350.0710 3 41.3 % 
1771864353.0812 3 40.2 % 
1771864356.0907 3 40.8 % 
1771864359.1016 3 41.3 % 
1771864362.1119 3 40.8 % 
1771864368.1329 3 39.7 % 
1771864371.1432 3 40.8 % 
1771864374.1534 3 41.3 % 
1771864377.1630 3 39.7 % 
1771864380.1729 3 41.9 % 
1771864383.1833 3 40.8 % 
1771864386.1934 3 41.3 % 
1771864389.2033 3 40.8 % 
1771864398.2351 3 40.2 % 
1771864401.2450 3 41.3 % 
1771864404.2548 3 40.2 % 
1771864407.2648 3 39.7 % 
1771864410.2750 3 40.8 % 
1771864416.2946 3 41.9 % 
1771864419.3043 3 41.3 % 
1771864422.3115 3 41.9 % 
1771864425.3188 3 40.8 % 
1771864428.3294 3 40.2 % 
1771864431.3388 3 40.8 % 
1771864437.3560 3 41.3 % 
1771864446.3851 3 41.9 % 
1771864449.3947 3 45.2 % 
1771864452.4030 3 42.5 % 
1771864461.4346 3 43.0 % 
1771864464.4449 3 41.3 % 
1771864467.4552 3 42.5 % 
1771864470.4623 3 41.9 % 
1771864473.4693 3 41.3 % 
1771864482.4991 3 41.9 % 
1771864485.5087 3 40.8 % 
1771864488.5186 3 41.3 % 
1771864494.5380 3 41.9 % 
1771864497.5478 3 40.8 % 
1771864500.5575 3 39.7 % 
1771864503.5679 3 41.9 % 
1771864509.5881 3 41.3 % 
1771864512.6018 3 40.8 % 
1771864518.6229 3 40.2 % 
1771864521.6328 3 41.3 % 
1771864524.6424 3 40.8 % 
1771864533.6734 3 41.3 % 
1771864536.6839 3 40.8 % 
1771864539.6938 3 41.3 % 
1771864542.7035 3 40.2 % 
1771864545.7132 3 41.3 % 
1771864551.7329 3 39.7 % 
1771864554.7426 3 41.3 % 
1771864557.7528 3 40.8 % 
1771864563.7723 3 40.2 % 
1771864566.7820 3 41.3 % 
1771864572.8017 3 40.2 % 
1771864578.8218 3 41.3 % 
1771864587.8515 3 40.8 % 
1771864596.8815 3 41.3 % 
1771864599.8911 3 40.8 % 
1771864605.9107 3 41.3 % 
1771864611.9300 3 40.2 % 
1771864617.9498 3 41.3 % 
1771864620.9593 3 40.8 % 
1771864623.9690 3 41.3 % 
1771864626.9786 3 40.2 % 
1771864629.9886 3 40.8 % 
1771864632.9989 3 41.3 % 
1771864645.0400 3 42.5 % 
1771864648.0474 3 41.3 % 
1771864651.0572 3 41.9 % 
1771864654.0674 3 40.8 % 
1771864657.0773 3 41.9 % 
1771864666.1078 3 42.5 % 
1771864669.1173 3 41.3 % 
1771864672.1276 3 40.8 % 
1771864675.1385 3 41.3 % 
1771864678.1488 3 41.9 % 
1771864681.1588 3 42.5 % 
1771864684.1684 3 40.2 % 
1771864687.1780 3 40.8 % 
1771864690.1877 3 40.2 % 
1771864693.1978 3 40.8 % 
1771864696.2073 3 41.3 % 
1771864702.2281 3 41.9 % 
1771864705.2380 3 41.3 % 
1771864711.2572 3 39.7 % 
1771864714.2668 3 40.8 % 
1771864720.2863 3 41.3 % 
1771864723.2961 3 40.8 % 
1771864726.3057 3 42.5 % 
1771864729.3155 3 40.8 % 
1771864732.3251 3 41.3 % 
1771864738.3447 3 40.8 % 
1771864741.3543 3 41.3 % 
1771864747.3736 3 40.8 % 
1771864750.3833 3 42.5 % 
1771864753.3905 3 41.9 % 
1771864762.4220 3 41.3 % 
1771864768.4418 3 41.9 % 
1771864771.4513 3 41.3 % 
1771864789.5100 3 41.9 % 
1771864795.5295 3 41.3 % 
1771864798.5391 3 39.7 % 
1771864801.5490 3 40.8 % 
1771864804.5587 3 41.3 % 
1771864810.5794 3 40.8 % 
1771864813.5925 3 41.3 % 
1771864816.6023 3 39.7 % 
1771864819.6151 3 41.9 % 
1771864822.6256 3 41.3 % 
1771864825.6353 3 40.2 % 
1771864828.6450 3 40.8 % 
1771864831.6552 3 41.3 % 
1771864834.6654 3 40.8 % 
1771864837.6755 3 41.9 % 
1771864840.6829 3 42.5 % 
1771864843.6902 3 41.9 % 
1771864849.7110 3 41.3 % 
1771864855.7313 3 41.9 % 
1771864858.7413 3 42.5 % 
1771864861.7512 3 41.3 % 
1771864864.7613 3 40.2 % 
1771864867.7715 3 41.3 % 
1771864870.7827 3 43.0 % 
1771864873.7901 3 42.5 % 
1771864876.7971 3 41.3 % 
1771864879.8075 3 41.9 % 
1771864882.8180 3 41.3 % 
1771864897.8677 3 40.8 % 
1771864900.8774 3 41.3 % 
1771864921.9464 3 40.8 % 
1771864924.9561 3 41.3 % 
1771864927.9659 3 43.0 % 
1771864930.9756 3 41.3 % 
1771864940.0059 3 40.8 % 
1771864946.0269 3 41.3 % 
1771864955.0563 3 40.2 % 
1771864958.0661 3 41.3 % 
1771864961.0758 3 42.5 % 
1771864964.0856 3 41.3 % 
1771864970.1048 3 40.8 % 
1771864973.1144 3 41.3 % 
1771864976.1239 3 40.8 % 
1771864979.1338 3 41.3 % 
1771864991.1727 3 41.9 % 
1771864994.1823 3 40.8 % 
1771864997.1920 3 40.2 % 
1771865000.2018 3 41.3 % 
1771865006.2255 3 40.2 % 
1771865012.2454 3 41.3 % 
1771865018.2653 3 40.8 % 
1771865024.2844 3 41.3 % 
1771865030.3037 3 39.7 % 
1771865033.3132 3 41.3 % 
1771865036.3231 3 40.8 % 
1771865039.3327 3 39.7 % 
1771865042.3423 3 42.5 % 
1771865045.3519 3 40.8 % 
1771865051.3710 3 40.2 % 
1771865054.3806 3 41.3 % 
1771865057.3903 3 40.8 % 
1771865060.4000 3 41.3 % 
1771865063.4109 3 41.9 % 
1771865066.4210 3 40.8 % 
1771865069.4314 3 41.3 % 
1771865075.4509 3 40.8 % 
1771865078.4605 3 41.3 % 
1771865084.4802 3 40.8 % 
1771865087.4898 3 40.2 % 
1771865090.4993 3 40.8 % 
1771865093.5088 3 41.9 % 
1771865096.5188 3 41.3 % 
1771865102.5384 3 39.7 % 
1771865105.5481 3 40.2 % 
1771865108.5578 3 41.9 % 
1771865111.5673 3 41.3 % 
1771865117.5866 3 41.9 % 
1771865120.5938 3 43.0 % 
1771865123.6009 3 41.9 % 
1771865126.6112 3 41.3 % 
1771865129.6231 3 41.9 % 
1771865138.6545 3 40.8 % 
1771865141.6647 3 41.9 % 
1771865144.6746 3 41.3 % 
1771865147.6846 3 42.5 % 
1771865150.6946 3 41.9 % 
1771865156.7112 3 41.3 % 
1771865162.7306 3 41.9 % 
1771865165.7402 3 41.3 % 
1771865174.7691 3 43.0 % 
1771865177.7770 3 44.7 % 
1771865180.7843 3 41.9 % 
1771865183.7943 3 43.5 % 
1771865186.8048 3 41.9 % 
1771865192.8292 3 42.5 % 
1771865195.8392 3 41.9 % 
1771865201.8596 3 41.3 % 
1771865204.8698 3 41.9 % 
1771865207.8800 3 41.3 % 
1771865210.8901 3 41.9 % 
1771865216.9098 3 41.3 % 
1771865219.9195 3 41.9 % 
1771865222.9290 3 41.3 % 
1771865228.9484 3 41.9 % 
1771865231.9581 3 41.3 % 
1771865247.0072 3 40.8 % 
1771865250.0191 3 41.3 % 
1771865253.0296 3 41.9 % 
1771865256.0370 3 42.5 % 
1771865259.0464 3 41.3 % 
1771865262.0561 3 43.0 % 
1771865265.0665 3 41.3 % 
1771865268.0786 3 41.9 % 
1771865271.0885 3 41.3 % 
1771865286.1387 3 40.2 % 
1771865289.1485 3 41.9 % 
1771865292.1582 3 41.3 % 
1771865301.1877 3 40.2 % 
1771865304.1975 3 41.9 % 
1771865307.2048 3 42.5 % 
1771865310.2143 3 41.9 % 
1771865316.2363 3 41.3 % 
1771865319.2506 3 41.9 % 
1771865322.2608 3 41.3 % 
1771865328.2805 3 40.8 % 
1771865331.2906 3 40.2 % 
1771865334.3009 3 41.9 % 
1771865337.3110 3 43.5 % 
1771865340.3185 3 42.5 % 
1771865343.3257 3 41.9 % 
1771865352.3548 3 41.3 % 
1771865355.3645 3 40.8 % 
1771865358.3743 3 39.7 % 
1771865361.3842 3 42.5 % 
1771865367.3989 3 41.9 % 
1771865370.4101 3 41.3 % 
1771865373.4207 3 41.9 % 
1771865376.4313 3 43.0 % 
1771865379.4414 3 41.3 % 
1771865388.4731 3 42.5 % 
1771865391.4833 3 41.3 % 
1771865397.5022 3 40.8 % 
1771865406.5311 3 39.7 % 
1771865409.5409 3 40.8 % 
1771865412.5509 3 39.2 % 
1771865415.5645 3 40.8 % 
1771865418.5748 3 42.5 % 
1771865421.5821 3 43.0 % 
1771865424.5894 3 41.9 % 
1771865427.5997 3 41.3 % 
1771865436.6345 3 40.2 % 
1771865439.6448 3 40.8 % 
1771865442.6549 3 41.3 % 
1771865454.6952 3 42.5 % 
1771865457.7022 3 41.9 % 
1771865460.7093 3 40.8 % 
1771865466.7290 3 41.9 % 
1771865469.7388 3 41.3 % 
1771865472.7485 3 40.8 % 
1771865475.7584 3 41.3 % 
1771865478.7681 3 40.8 % 
1771865481.7783 3 42.5 % 
1771865484.7862 3 40.8 % 
1771865487.7933 3 40.2 % 
1771865490.8035 3 41.9 % 
1771865493.8173 3 41.3 % 
1771865496.8315 3 41.9 % 
1771865499.8426 3 40.8 % 
1771865502.8527 3 41.9 % 
1771865505.8629 3 41.3 % 
1771865508.8735 3 40.8 % 
1771865511.8840 3 41.3 % 
1771865520.9117 3 43.5 % 
1771865523.9187 3 43.0 % 
1771865526.9289 3 41.3 % 
1771865529.9386 3 40.8 % 
1771865538.9681 3 42.5 % 
1771865541.9766 3 43.0 % 
1771865544.9840 3 40.2 % 
1771865547.9940 3 41.9 % 
1771865551.0042 3 40.8 % 
1771865554.0157 3 41.9 % 
1771865557.0270 3 40.8 % 
1771865560.0386 3 41.3 % 
1771865566.0585 3 40.8 % 
1771865569.0688 3 41.3 % 
1771865575.0902 3 41.9 % 
1771865578.1002 3 40.8 % 
1771865581.1099 3 39.7 % 
1771865584.1196 3 40.2 % 
1771865587.1293 3 40.8 % 
1771865590.1390 3 41.9 % 
1771865593.1487 3 40.2 % 
1771865596.1585 3 40.8 % 
1771865602.1781 3 40.2 % 
1771865605.1880 3 40.8 % 
1771865608.1977 3 42.5 % 
1771865611.2073 3 41.9 % 
1771865617.2259 3 42.5 % 
1771865620.2361 3 41.3 % 
1771865626.2565 3 41.9 % 
1771865629.2663 3 41.3 % 
1771865635.2870 3 41.9 % 
1771865638.2970 3 41.3 % 
1771865641.3073 3 42.5 % 
1771865647.3214 3 40.8 % 
1771865656.3507 3 41.3 % 
1771865662.3703 3 40.2 % 
1771865665.3801 3 40.8 % 
1771865668.3899 3 40.2 % 
1771865671.3995 3 40.8 % 
1771865674.4105 3 40.2 % 
1771865677.4205 3 40.8 % 
1771865680.4303 3 41.9 % 
1771865683.4377 3 42.5 % 
1771865686.4479 3 41.9 % 
1771865689.4588 3 41.3 % 
1771865692.4686 3 40.8 % 
1771865695.4792 3 41.3 % 
1771865698.4891 3 40.8 % 
1771865701.4992 3 41.9 % 
1771865704.5096 3 41.3 % 
1771865716.5515 3 40.8 % 
1771865719.5614 3 41.3 % 
1771865728.5915 3 41.9 % 
1771865731.6014 3 40.8 % 
1771865734.6124 3 43.5 % 
1771865737.6204 3 41.3 % 
1771865740.6278 3 42.5 % 
1771865743.6391 3 41.3 % 
1771865746.6498 3 40.8 % 
1771865755.6816 3 41.9 % 
1771865758.6919 3 41.3 % 
1771865761.7022 3 41.9 % 
1771865764.7124 3 41.3 % 
1771865767.7230 3 40.8 % 
1771865770.7332 3 42.5 % 
1771865773.7403 3 41.3 % 
1771865779.7570 3 40.8 % 
1771865785.7765 3 41.3 % 
1771865788.7861 3 40.2 % 
1771865791.7957 3 41.9 % 
1771865794.8037 3 41.3 % 
1771865797.8162 3 43.0 % 
1771865800.8264 3 41.3 % 
1771865806.8460 3 41.9 % 
1771865809.8561 3 41.3 % 
1771865812.8667 3 40.8 % 
1771865815.8767 3 41.3 % 
1771865818.8861 3 41.9 % 
1771865821.8960 3 40.8 % 
1771865824.9065 3 42.5 % 
1771865827.9134 3 41.3 % 
1771865836.9400 3 40.8 % 
1771865845.9688 3 41.9 % 
1771865851.9835 3 40.8 % 
1771865854.9936 3 41.3 % 
1771865861.0157 3 40.8 % 
1771865864.0261 3 41.3 % 
1771865867.0359 3 41.9 % 
1771865876.0666 3 41.3 % 
1771865879.0805 3 40.8 % 
1771865891.1195 3 41.3 % 
1771865894.1294 3 40.8 % 
1771865900.1490 3 40.2 % 
1771865903.1588 3 40.8 % 
1771865906.1686 3 41.3 % 
1771865909.1784 3 40.8 % 
1771865912.1882 3 40.2 % 
1771865915.1979 3 40.8 % 
1771865921.2194 3 41.3 % 
1771865927.2395 3 40.8 % 
1771865939.2804 3 39.7 % 
1771865942.2903 3 43.0 % 
1771865945.2976 3 41.3 % 
1771865951.3148 3 39.7 % 
1771865954.3253 3 41.3 % 
1771865960.3466 3 41.9 % 
1771865963.3537 3 42.5 % 
1771865966.3610 3 41.9 % 
1771865972.3810 3 40.2 % 
1771865975.3907 3 41.3 % 
1771865978.4007 3 39.7 % 
1771865981.4110 3 43.0 % 
1771865984.4184 3 41.3 % 
1771865990.4390 3 41.9 % 
1771865993.4497 3 41.3 % 
1771865996.4592 3 41.9 % 
1771865999.4692 3 42.5 % 
1771866005.4836 3 41.3 % 
1771866011.5035 3 40.8 % 
1771866014.5132 3 40.2 % 
1771866020.5330 3 40.8 % 
1771866026.5528 3 41.3 % 
1771866029.5625 3 40.8 % 
1771866035.5825 3 41.3 % 
1771866038.5922 3 40.8 % 
1771866044.6136 3 39.7 % 
1771866047.6233 3 40.8 % 
1771866053.6437 3 39.7 % 
1771866056.6534 3 40.8 % 
1771866062.6728 3 41.9 % 
1771866065.6826 3 41.3 % 
1771866068.6923 3 40.8 % 
1771866074.7116 3 41.3 % 
1771866077.7215 3 40.8 % 
1771866080.7313 3 41.3 % 
1771866083.7410 3 39.7 % 
1771866086.7506 3 41.3 % 
1771866089.7607 3 40.8 % 
1771866092.7706 3 40.2 % 
1771866095.7807 3 40.8 % 
1771866104.8107 3 40.2 % 
1771866107.8208 3 39.7 % 
1771866110.8310 3 40.8 % 
1771866116.8508 3 39.7 % 
1771866119.8606 3 43.0 % 
1771866122.8681 3 43.5 % 
1771866125.8753 3 41.9 % 
1771866131.8958 3 41.3 % 
1771866152.9669 3 40.8 % 
1771866155.9767 3 41.9 % 
1771866158.9866 3 40.8 % 
1771866161.9969 3 41.9 % 
1771866165.0087 3 40.8 % 
1771866168.0188 3 41.3 % 
1771866171.0286 3 40.8 % 
1771866174.0366 3 42.5 % 
1771866177.0439 3 41.3 % 
1771866183.0638 3 41.9 % 
1771866192.0940 3 41.3 % 
1771866195.1037 3 41.9 % 
1771866198.1137 3 40.2 % 
1771866201.1237 3 41.3 % 
1771866204.1330 3 42.5 % 
1771866207.1434 3 41.9 % 
1771866210.1504 3 42.5 % 
1771866213.1600 3 41.3 % 
1771866216.1697 3 40.8 % 
1771866219.1795 3 40.2 % 
1771866222.1892 3 40.8 % 
1771866225.1993 3 40.2 % 
1771866228.2121 3 41.9 % 
1771866231.2200 3 42.5 % 
1771866234.2273 3 41.3 % 
1771866243.2592 3 40.8 % 
1771866246.2694 3 41.3 % 
1771866258.3104 3 43.0 % 
1771866261.3208 3 42.5 % 
1771866264.3309 3 40.8 % 
1771866267.3407 3 41.3 % 
1771866273.3602 3 40.8 % 
1771866279.3798 3 41.9 % 
1771866282.3894 3 42.5 % 
1771866285.3999 3 40.8 % 
1771866291.4207 3 41.3 % 
1771866294.4307 3 40.8 % 
1771866297.4412 3 40.2 % 
1771866300.4519 3 41.9 % 
1771866303.4619 3 40.2 % 
1771866306.4716 3 40.8 % 
1771866309.4814 3 41.3 % 
1771866312.4911 3 40.8 % 
1771866315.5010 3 41.3 % 
1771866318.5112 3 41.9 % 
1771866321.5191 3 41.3 % 
1771866327.5409 3 41.9 % 
1771866330.5517 3 41.3 % 
1771866336.5724 3 40.8 % 
1771866339.5823 3 41.3 % 
1771866342.5929 3 40.8 % 
1771866345.6034 3 41.3 % 
1771866348.6145 3 40.8 % 
1771866351.6249 3 41.3 % 
1771866360.6499 3 40.8 % 
1771866363.6601 3 41.3 % 
1771866366.6703 3 40.8 % 
1771866369.8352 3 40.2 % 
1771866372.8451 3 43.0 % 
1771866375.8527 3 41.9 % 
1771866378.8599 3 40.8 % 
1771866381.8700 3 40.2 % 
1771866384.8802 3 41.3 % 
1771866387.8904 3 41.9 % 
1771866390.9007 3 41.3 % 
1771866393.9113 3 40.2 % 
1771866396.9216 3 41.3 % 
1771866402.9421 3 40.8 % 
1771866405.9525 3 41.9 % 
1771866411.9726 3 41.3 % 
1771866414.9822 3 40.8 % 
1771866424.0115 3 40.2 % 
1771866433.0388 3 42.5 % 
1771866436.0460 3 41.3 % 
1771866445.0766 3 40.8 % 
1771866451.0971 3 41.3 % 
1771866454.1069 3 41.9 % 
1771866457.1163 3 40.2 % 
1771866460.1267 3 40.8 % 
1771866463.1369 3 40.2 % 
1771866466.1470 3 41.9 % 
1771866472.1610 3 40.8 % 
1771866475.1710 3 40.2 % 
1771866478.1807 3 40.8 % 
1771866481.1903 3 40.2 % 
1771866484.2005 3 41.9 % 
1771866487.2091 3 42.5 % 
1771866490.2165 3 41.3 % 
1771866493.2272 3 40.8 % 
1771866499.2477 3 41.3 % 
1771866505.2678 3 40.8 % 
1771866508.2781 3 41.3 % 
1771866517.3086 3 42.5 % 
1771866520.3182 3 41.3 % 
1771866523.3280 3 40.8 % 
1771866526.3377 3 40.2 % 
1771866532.3571 3 40.8 % 
1771866544.3953 3 41.3 % 
1771866550.4143 3 41.9 % 
1771866553.4246 3 41.3 % 
1771866556.4358 3 40.2 % 
1771866559.4458 3 40.8 % 
1771866562.4559 3 41.3 % 
1771866571.4861 3 40.8 % 
1771866577.5069 3 41.3 % 
1771866580.5139 3 41.9 % 
1771866583.5237 3 40.8 % 
1771866586.5335 3 41.3 % 
1771866592.5528 3 40.8 % 
1771866598.5723 3 40.2 % 
1771866601.5821 3 39.2 % 
1771866604.5921 3 39.7 % 
1771866610.6128 3 40.8 % 
1771866616.6325 3 39.7 % 
1771866619.6424 3 40.8 % 
1771866622.6525 3 41.3 % 
1771866625.6622 3 40.8 % 
1771866628.6719 3 40.2 % 
1771866631.6818 3 39.7 % 
1771866634.6915 3 40.2 % 
1771866637.7048 3 40.8 % 
1771866640.7144 3 42.5 % 
1771866643.7241 3 40.8 % 
1771866646.7338 3 41.3 % 
1771866649.7438 3 39.7 % 
1771866652.7534 3 40.8 % 
1771866655.7633 3 41.9 % 
1771866658.7730 3 40.8 % 
1771866661.7828 3 41.9 % 
1771866667.8026 3 41.3 % 
1771866670.8135 3 40.8 % 
1771866673.8235 3 41.3 % 
1771866676.8335 3 40.2 % 
1771866679.8438 3 40.8 % 
1771866688.8747 3 41.3 % 
1771866694.8938 3 41.9 % 
1771866697.9040 3 40.8 % 
1771866700.9112 3 41.9 % 
1771866703.9184 3 40.8 % 
1771866706.9283 3 40.2 % 
1771866709.9381 3 40.8 % 
1771866727.9969 3 41.9 % 
1771866731.0053 3 41.3 % 
1771866737.0260 3 39.7 % 
1771866740.0360 3 40.2 % 
1771866743.0462 3 41.3 % 
1771866749.0667 3 40.2 % 
1771866752.0769 3 41.3 % 
1771866755.0877 3 40.8 % 
1771866764.1158 3 41.3 % 
1771866767.1229 3 40.8 % 
1771866770.1328 3 40.2 % 
1771866773.1425 3 41.9 % 
1771866776.1522 3 40.2 % 
1771866779.1620 3 40.8 % 
1771866782.1718 3 41.9 % 
1771866788.1870 3 41.3 % 
1771866800.2287 3 40.8 % 
1771866803.2387 3 41.3 % 
1771866815.2787 3 41.9 % 
1771866821.2927 3 40.8 % 
1771866824.3026 3 41.3 % 
1771866827.3122 3 40.8 % 
1771866836.3411 3 40.2 % 
1771866842.3610 3 40.8 % 
1771866854.4025 3 39.2 % 
1771866857.4125 3 39.7 % 
1771866860.4225 3 40.8 % 
1771866869.4524 3 39.7 % 
1771866872.4624 3 40.8 % 
1771866875.4723 3 39.7 % 
1771866878.4802 3 41.9 % 
1771866881.4875 3 41.3 % 
1771866887.5074 3 40.8 % 
1771866890.5173 3 41.3 % 
1771866893.5273 3 40.8 % 
1771866896.5373 3 40.2 % 
1771866902.5577 3 40.8 % 
1771866908.5785 3 40.2 % 
1771866911.5887 3 40.8 % 
1771866917.6094 3 41.3 % 
1771866923.6298 3 40.2 % 
1771866926.6397 3 40.8 % 
1771866929.6494 3 40.2 % 
1771866938.6792 3 41.3 % 
1771866941.6864 3 42.5 % 
1771866944.6937 3 40.8 % 
1771866947.7045 3 41.3 % 
1771866956.7358 3 40.8 % 
1771866959.7464 3 41.9 % 
1771866962.7573 3 40.8 % 
1771866965.7668 3 39.7 % 
1771866968.7778 3 40.8 % 
1771866971.7879 3 40.2 % 
1771866974.7995 3 41.9 % 
1771866977.8065 3 40.2 % 
1771866983.8267 3 40.8 % 
1771866992.8566 3 41.9 % 
1771866995.8641 3 41.3 % 
1771866998.8714 3 40.8 % 
1771867004.8915 3 41.3 % 
1771867010.9123 3 42.5 % 
1771867013.9229 3 40.8 % 
1771867016.9335 3 41.3 % 
1771867019.9434 3 39.7 % 
1771867022.9537 3 41.3 % 
1771867025.9633 3 39.7 % 
1771867028.9735 3 40.8 % 
1771867034.9940 3 41.3 % 
1771867038.0057 3 40.8 % 
1771867041.0160 3 41.3 % 
1771867044.0277 3 40.8 % 
1771867047.0379 3 40.2 % 
1771867050.0476 3 40.8 % 
1771867056.0679 3 41.3 % 
1771867065.0918 3 40.2 % 
1771867068.1014 3 39.7 % 
1771867071.1111 3 40.8 % 
1771867077.1307 3 41.3 % 
1771867080.1406 3 40.8 % 
1771867083.1504 3 43.5 % 
1771867086.1578 3 41.9 % 
1771867089.1649 3 41.3 % 
1771867107.2270 3 40.8 % 
1771867116.2574 3 41.9 % 
1771867119.2682 3 41.3 % 
1771867122.2782 3 40.2 % 
1771867125.2885 3 40.8 % 
1771867131.3090 3 41.3 % 
1771867137.3286 3 40.8 % 
1771867143.3490 3 41.3 % 
1771867152.3772 3 41.9 % 
1771867155.3843 3 41.3 % 
1771867158.3941 3 40.8 % 
1771867161.4056 3 41.3 % 
1771867167.4250 3 40.8 % 
1771867173.4444 3 42.5 % 
1771867179.4591 3 41.9 % 
1771867182.4694 3 41.3 % 
1771867185.4795 3 41.9 % 
1771867194.5105 3 43.0 % 
1771867197.5176 3 41.9 % 
1771867200.5274 3 41.3 % 
1771867203.5372 3 41.9 % 
1771867206.5472 3 41.3 % 
1771867212.5672 3 40.2 % 
1771867215.5769 3 41.3 % 
1771867218.5867 3 40.2 % 
1771867224.6071 3 41.3 % 
1771867230.6269 3 40.8 % 
1771867239.6565 3 41.3 % 
1771867242.6664 3 43.0 % 
1771867245.6736 3 42.5 % 
1771867248.6811 3 41.9 % 
1771867251.6914 3 42.5 % 
1771867254.7025 3 40.8 % 
1771867257.7135 3 41.3 % 
1771867263.7344 3 41.9 % 
1771867272.7648 3 41.3 % 
1771867275.7758 3 40.2 % 
1771867278.7859 3 41.3 % 
1771867281.7958 3 39.7 % 
1771867284.8062 3 40.2 % 
1771867287.8162 3 41.9 % 
1771867290.8260 3 41.3 % 
1771867296.8457 3 40.8 % 
1771867299.8557 3 39.7 % 
1771867302.8661 3 40.8 % 
1771867305.8760 3 40.2 % 
1771867308.8859 3 41.9 % 
1771867311.8957 3 40.8 % 
1771867317.9153 3 41.3 % 
1771867320.9252 3 42.5 % 
1771867326.9397 3 41.9 % 
1771867332.9600 3 40.8 % 
1771867338.9804 3 43.0 % 
1771867341.9916 3 41.3 % 
1771867345.0032 3 40.8 % 
1771867348.0138 3 41.3 % 
1771867357.0444 3 41.9 % 
1771867363.0620 3 41.3 % 
1771867366.0717 3 39.7 % 
1771867369.0816 3 40.2 % 
1771867372.0913 3 41.3 % 
1771867375.1010 3 40.8 % 
1771867381.1207 3 41.3 % 
1771867384.1307 3 39.7 % 
1771867387.1408 3 40.8 % 
1771867390.1506 3 41.9 % 
1771867393.1605 3 41.3 % 
1771867396.1705 3 40.8 % 
1771867399.1803 3 41.3 % 
1771867402.1900 3 40.8 % 
1771867411.2207 3 40.2 % 
1771867414.2307 3 40.8 % 
1771867417.2405 3 39.2 % 
1771867420.2501 3 39.7 % 
1771867423.2600 3 42.5 % 
1771867429.2747 3 41.3 % 
1771867432.2854 3 40.8 % 
1771867435.2954 3 41.3 % 
1771867441.3157 3 41.9 % 
1771867450.3454 3 41.3 % 
1771867453.3554 3 40.8 % 
1771867456.3656 3 40.2 % 
1771867459.3758 3 41.3 % 
1771867465.3972 3 41.9 % 
1771867468.4077 3 40.2 % 
1771867471.4178 3 40.8 % 
1771867474.4278 3 41.3 % 
1771867483.4523 3 39.7 % 
1771867486.4628 3 41.3 % 
1771867492.4824 3 40.8 % 
1771867501.5121 3 42.5 % 
1771867504.5195 3 41.9 % 
1771867507.5290 3 40.8 % 
1771867510.5390 3 41.3 % 
1771867525.5910 3 40.2 % 
1771867528.6031 3 41.3 % 
1771867531.6145 3 41.9 % 
1771867534.6252 3 40.8 % 
1771867537.6352 3 41.3 % 
1771867540.6457 3 40.8 % 
1771867546.6663 3 41.3 % 
1771867552.6862 3 40.8 % 
1771867555.6961 3 41.3 % 
1771867558.7060 3 40.8 % 
1771867564.7256 3 41.3 % 
1771867567.7355 3 40.8 % 
1771867570.7454 3 40.2 % 
1771867573.7551 3 41.3 % 
1771867579.7704 3 40.2 % 
1771867582.7813 3 41.3 % 
1771867585.7921 3 40.8 % 
1771867588.8029 3 40.2 % 
1771867591.8137 3 41.9 % 
1771867594.8237 3 39.7 % 
1771867597.8346 3 40.2 % 
1771867600.8441 3 41.3 % 
1771867606.8628 3 40.8 % 
1771867615.8919 3 39.2 % 
1771867618.9016 3 40.2 % 
1771867621.9113 3 40.8 % 
1771867624.9212 3 40.2 % 
1771867630.9408 3 41.3 % 
1771867633.9509 3 40.2 % 
1771867636.9608 3 41.9 % 
1771867639.9687 3 40.8 % 
1771867642.9761 3 41.3 % 
1771867645.9863 3 39.7 % 
1771867648.9972 3 41.3 % 
1771867652.0072 3 39.7 % 
1771867655.0181 3 41.3 % 
1771867658.0286 3 40.2 % 
1771867661.0389 3 40.8 % 
1771867664.0491 3 41.3 % 
1771867667.0596 3 40.8 % 
1771867670.0700 3 43.5 % 
1771867673.0788 3 41.9 % 
1771867676.0860 3 40.2 % 
1771867676.7514 3 40.2 % robobot/cmd/shutdown
