% Mixer logfile
% Wheel base used in calculation: 0.22 m
% 1 	Time (sec)
% 2 	control source 0 = this, 1 = manuel (gamepad), 2.. = MQTT
% 3 	manual override mode (0= automatic, 1=manuel mode (gamepad))
% 4 	Linear velocity (m/s)
% 5 	Curvature (rad/m)
% 6 	Desired left wheel velocity (rad/s)
% 7 	Desired right wheel velocity (rad/s)
1770391807.8777 2 0 0.200 0.000 0.200 0.200 1
1770391808.3777 2 0 0.200 0.000 0.200 0.200 1
1770391808.8778 2 0 0.200 0.000 0.200 0.200 1
1770391809.3780 2 0 0.200 0.000 0.200 0.200 1
1770391809.8790 2 0 0.200 0.000 0.200 0.200 1
1770391810.3793 2 0 0.200 0.000 0.200 0.200 1
1770391810.8797 2 0 0.200 0.000 0.200 0.200 1
1770391811.3803 2 0 0.200 0.000 0.200 0.200 1
1770391811.8811 2 0 0.200 0.000 0.200 0.200 1
1770391812.3812 2 0 0.200 0.000 0.200 0.200 1
1770391812.8816 2 0 0.200 0.000 0.200 0.200 1
1770391812.9448 2 0 0.000 0.000 0.000 0.000 2
1770391813.4452 2 0 0.000 0.000 0.000 0.000 2
1770391813.8004 2 0 0.000 0.000 0.000 0.000 3
1770391813.9012 2 0 0.000 0.000 0.000 0.000 4
1770391813.9718 2 0 0.000 0.000 0.000 0.000 5
1770391828.4872 2 0 0.000 0.000 0.000 0.000 5
1770391828.6265 2 0 0.200 0.500 0.145 0.255 6
1770391829.1270 2 0 0.200 0.500 0.145 0.255 6
1770391829.6272 2 0 0.200 0.500 0.145 0.255 6
1770391830.1276 2 0 0.200 0.500 0.145 0.255 6
1770391830.6279 2 0 0.200 0.500 0.145 0.255 6
1770391831.1288 2 0 0.200 0.500 0.145 0.255 6
1770391831.6296 2 0 0.200 0.500 0.145 0.255 6
1770391832.1298 2 0 0.200 0.500 0.145 0.255 6
1770391832.6302 2 0 0.200 0.500 0.145 0.255 6
1770391833.1311 2 0 0.200 0.500 0.145 0.255 6
1770391833.6316 2 0 0.200 0.500 0.145 0.255 6
1770391834.1322 2 0 0.200 0.500 0.145 0.255 6
1770391834.6327 2 0 0.200 0.500 0.145 0.255 6
1770391835.1329 2 0 0.200 0.500 0.145 0.255 6
1770391835.2564 2 0 0.000 0.000 0.000 0.000 7
1770391835.7567 2 0 0.000 0.000 0.000 0.000 7
1770391836.2569 2 0 0.000 0.000 0.000 0.000 7
1770391836.3617 2 0 0.000 0.000 0.000 0.000 8
1770391836.5042 2 0 0.000 0.000 0.000 0.000 9
1770391836.5339 2 0 0.000 0.000 0.000 0.000 10
1770392020.7279 2 0 0.000 0.000 0.000 0.000 10
1770392021.2282 2 0 0.000 0.000 0.000 0.000 10
1770392021.7282 2 0 0.000 0.000 0.000 0.000 10
1770392022.2283 2 0 0.000 0.000 0.000 0.000 10
1770392022.7292 2 0 0.000 0.000 0.000 0.000 10
1770392023.2294 2 0 0.000 0.000 0.000 0.000 10
1770392023.7297 2 0 0.000 0.000 0.000 0.000 10
1770392024.2299 2 0 0.000 0.000 0.000 0.000 10
1770392024.7306 2 0 0.000 0.000 0.000 0.000 10
1770392025.2316 2 0 0.000 0.000 0.000 0.000 10
1770392025.7326 2 0 0.000 0.000 0.000 0.000 10
1770392026.2328 2 0 0.000 0.000 0.000 0.000 10
1770392026.7329 2 0 0.000 0.000 0.000 0.000 10
1770392027.2337 2 0 0.000 0.000 0.000 0.000 10
1770392027.7346 2 0 0.000 0.000 0.000 0.000 10
1770392028.2349 2 0 0.000 0.000 0.000 0.000 10
1770392028.7352 2 0 0.000 0.000 0.000 0.000 10
1770392029.2352 2 0 0.000 0.000 0.000 0.000 10
1770392029.7357 2 0 0.000 0.000 0.000 0.000 10
1770392030.2368 2 0 0.000 0.000 0.000 0.000 10
1770392030.7372 2 0 0.000 0.000 0.000 0.000 10
1770392031.2380 2 0 0.000 0.000 0.000 0.000 10
1770392031.7385 2 0 0.000 0.000 0.000 0.000 10
1770392032.2391 2 0 0.000 0.000 0.000 0.000 10
1770392032.7393 2 0 0.000 0.000 0.000 0.000 10
1770392033.2396 2 0 0.000 0.000 0.000 0.000 10
1770392033.7405 2 0 0.000 0.000 0.000 0.000 10
1770392034.2412 2 0 0.000 0.000 0.000 0.000 10
1770392034.7419 2 0 0.000 0.000 0.000 0.000 10
1770392035.2421 2 0 0.000 0.000 0.000 0.000 10
1770392035.7431 2 0 0.000 0.000 0.000 0.000 10
1770392036.2441 2 0 0.000 0.000 0.000 0.000 10
1770392036.7451 2 0 0.000 0.000 0.000 0.000 10
1770392037.2453 2 0 0.000 0.000 0.000 0.000 10
1770392037.7460 2 0 0.000 0.000 0.000 0.000 10
1770392038.2470 2 0 0.000 0.000 0.000 0.000 10
1770392038.7475 2 0 0.000 0.000 0.000 0.000 10
1770392039.2483 2 0 0.000 0.000 0.000 0.000 10
1770392039.7486 2 0 0.000 0.000 0.000 0.000 10
1770392040.2494 2 0 0.000 0.000 0.000 0.000 10
1770392040.7501 2 0 0.000 0.000 0.000 0.000 10
1770392041.2510 2 0 0.000 0.000 0.000 0.000 10
1770392041.7520 2 0 0.000 0.000 0.000 0.000 10
1770392042.2523 2 0 0.000 0.000 0.000 0.000 10
1770392042.7524 2 0 0.000 0.000 0.000 0.000 10
1770392043.2531 2 0 0.000 0.000 0.000 0.000 10
1770392043.7535 2 0 0.000 0.000 0.000 0.000 10
1770392044.2542 2 0 0.000 0.000 0.000 0.000 10
1770392044.7553 2 0 0.000 0.000 0.000 0.000 10
1770392045.2559 2 0 0.000 0.000 0.000 0.000 10
1770392045.7559 2 0 0.000 0.000 0.000 0.000 10
1770392046.2562 2 0 0.000 0.000 0.000 0.000 10
1770392046.7572 2 0 0.000 0.000 0.000 0.000 10
1770392047.2576 2 0 0.000 0.000 0.000 0.000 10
1770392047.7585 2 0 0.000 0.000 0.000 0.000 10
1770392048.2586 2 0 0.000 0.000 0.000 0.000 10
1770392048.5078 2 0 0.000 0.000 0.000 0.000 11
1770392048.5786 2 0 0.000 0.000 0.000 0.000 12
1770392055.5868 2 0 0.000 0.000 0.000 0.000 12
1770392055.6215 2 0 0.200 0.000 0.200 0.200 13
1770392056.1216 2 0 0.200 0.000 0.200 0.200 13
1770392056.6219 2 0 0.200 0.000 0.200 0.200 13
1770392057.1220 2 0 0.200 0.000 0.200 0.200 13
1770392057.6222 2 0 0.200 0.000 0.200 0.200 13
1770392058.1225 2 0 0.200 0.000 0.200 0.200 13
1770392058.6232 2 0 0.200 0.000 0.200 0.200 13
1770392059.1238 2 0 0.200 0.000 0.200 0.200 13
1770392059.6240 2 0 0.200 0.000 0.200 0.200 13
1770392060.1240 2 0 0.200 0.000 0.200 0.200 13
1770392060.6247 2 0 0.200 0.000 0.200 0.200 13
1770392060.6903 2 0 0.000 0.000 0.000 0.000 14
1770392061.1910 2 0 0.000 0.000 0.000 0.000 15
1770392061.2926 2 0 0.000 0.000 0.000 0.000 16
1770392061.3636 2 0 0.000 0.000 0.000 0.000 17
1770392091.3967 2 0 0.000 0.000 0.000 0.000 17
1770392091.8970 2 0 0.000 0.000 0.000 0.000 17
1770392092.3977 2 0 0.000 0.000 0.000 0.000 17
1770392092.8981 2 0 0.000 0.000 0.000 0.000 17
1770392093.3990 2 0 0.000 0.000 0.000 0.000 17
1770392093.8998 2 0 0.000 0.000 0.000 0.000 17
1770392094.4002 2 0 0.000 0.000 0.000 0.000 17
1770392094.9005 2 0 0.000 0.000 0.000 0.000 17
1770392095.4008 2 0 0.000 0.000 0.000 0.000 17
1770392095.9008 2 0 0.000 0.000 0.000 0.000 17
1770392096.4015 2 0 0.000 0.000 0.000 0.000 17
1770392096.9016 2 0 0.000 0.000 0.000 0.000 17
1770392097.4024 2 0 0.000 0.000 0.000 0.000 17
1770392097.9032 2 0 0.000 0.000 0.000 0.000 17
1770392098.4036 2 0 0.000 0.000 0.000 0.000 17
1770392098.9043 2 0 0.000 0.000 0.000 0.000 17
1770392099.4048 2 0 0.000 0.000 0.000 0.000 17
1770392099.9050 2 0 0.000 0.000 0.000 0.000 17
1770392100.4053 2 0 0.000 0.000 0.000 0.000 17
1770392100.9059 2 0 0.000 0.000 0.000 0.000 17
1770392101.4064 2 0 0.000 0.000 0.000 0.000 17
1770392101.9071 2 0 0.000 0.000 0.000 0.000 17
1770392102.4074 2 0 0.000 0.000 0.000 0.000 17
1770392102.9078 2 0 0.000 0.000 0.000 0.000 17
1770392103.4086 2 0 0.000 0.000 0.000 0.000 17
1770392103.9087 2 0 0.000 0.000 0.000 0.000 17
1770392104.4089 2 0 0.000 0.000 0.000 0.000 17
1770392104.9098 2 0 0.000 0.000 0.000 0.000 17
1770392105.4099 2 0 0.000 0.000 0.000 0.000 17
1770392105.9101 2 0 0.000 0.000 0.000 0.000 17
1770392106.4104 2 0 0.000 0.000 0.000 0.000 17
1770392106.9111 2 0 0.000 0.000 0.000 0.000 17
1770392107.4120 2 0 0.000 0.000 0.000 0.000 17
1770392107.9123 2 0 0.000 0.000 0.000 0.000 17
1770392108.4124 2 0 0.000 0.000 0.000 0.000 17
1770392108.9133 2 0 0.000 0.000 0.000 0.000 17
1770392109.4134 2 0 0.000 0.000 0.000 0.000 17
1770392109.9141 2 0 0.000 0.000 0.000 0.000 17
1770392110.4143 2 0 0.000 0.000 0.000 0.000 17
1770392110.9147 2 0 0.000 0.000 0.000 0.000 17
1770392111.4121 2 0 0.000 0.000 0.000 0.000 18
1770392111.4827 2 0 0.000 0.000 0.000 0.000 19
1770392136.0077 2 0 0.000 0.000 0.000 0.000 19
1770392136.5085 2 0 0.000 0.000 0.000 0.000 19
1770392137.0092 2 0 0.000 0.000 0.000 0.000 19
1770392137.5102 2 0 0.000 0.000 0.000 0.000 19
1770392138.0103 2 0 0.000 0.000 0.000 0.000 19
1770392138.5108 2 0 0.000 0.000 0.000 0.000 19
1770392139.0118 2 0 0.000 0.000 0.000 0.000 19
1770392139.5125 2 0 0.000 0.000 0.000 0.000 19
1770392140.0132 2 0 0.000 0.000 0.000 0.000 19
1770392140.5134 2 0 0.000 0.000 0.000 0.000 19
1770392141.0144 2 0 0.000 0.000 0.000 0.000 19
1770392141.5147 2 0 0.000 0.000 0.000 0.000 19
1770392142.0155 2 0 0.000 0.000 0.000 0.000 19
1770392142.5161 2 0 0.000 0.000 0.000 0.000 19
1770392143.0164 2 0 0.000 0.000 0.000 0.000 19
1770392143.5171 2 0 0.000 0.000 0.000 0.000 19
1770392144.0173 2 0 0.000 0.000 0.000 0.000 19
1770392144.5179 2 0 0.000 0.000 0.000 0.000 19
1770392145.0190 2 0 0.000 0.000 0.000 0.000 19
1770392145.5190 2 0 0.000 0.000 0.000 0.000 19
1770392146.0197 2 0 0.000 0.000 0.000 0.000 19
1770392146.5201 2 0 0.000 0.000 0.000 0.000 19
1770392147.0206 2 0 0.000 0.000 0.000 0.000 19
1770392147.5206 2 0 0.000 0.000 0.000 0.000 19
1770392148.0209 2 0 0.000 0.000 0.000 0.000 19
1770392148.5213 2 0 0.000 0.000 0.000 0.000 19
1770392149.0224 2 0 0.000 0.000 0.000 0.000 19
1770392149.5227 2 0 0.000 0.000 0.000 0.000 19
1770392150.0237 2 0 0.000 0.000 0.000 0.000 19
1770392150.5241 2 0 0.000 0.000 0.000 0.000 19
1770392151.0248 2 0 0.000 0.000 0.000 0.000 19
1770392151.5255 2 0 0.000 0.000 0.000 0.000 19
1770392152.0256 2 0 0.000 0.000 0.000 0.000 19
1770392152.5264 2 0 0.000 0.000 0.000 0.000 19
1770392153.0272 2 0 0.000 0.000 0.000 0.000 19
1770392153.5278 2 0 0.000 0.000 0.000 0.000 19
1770392154.0288 2 0 0.000 0.000 0.000 0.000 19
1770392154.5290 2 0 0.000 0.000 0.000 0.000 19
1770392155.0295 2 0 0.000 0.000 0.000 0.000 19
1770392155.5298 2 0 0.000 0.000 0.000 0.000 19
1770392156.0300 2 0 0.000 0.000 0.000 0.000 19
1770392156.5309 2 0 0.000 0.000 0.000 0.000 19
1770392157.0309 2 0 0.000 0.000 0.000 0.000 19
1770392157.5319 2 0 0.000 0.000 0.000 0.000 19
1770392158.0323 2 0 0.000 0.000 0.000 0.000 19
1770392158.5333 2 0 0.000 0.000 0.000 0.000 19
1770392159.0342 2 0 0.000 0.000 0.000 0.000 19
1770392159.5348 2 0 0.000 0.000 0.000 0.000 19
1770392160.0355 2 0 0.000 0.000 0.000 0.000 19
1770392160.5355 2 0 0.000 0.000 0.000 0.000 19
1770392161.0365 2 0 0.000 0.000 0.000 0.000 19
1770392161.5368 2 0 0.000 0.000 0.000 0.000 19
1770392162.0370 2 0 0.000 0.000 0.000 0.000 19
1770392162.5377 2 0 0.000 0.000 0.000 0.000 19
1770392163.0380 2 0 0.000 0.000 0.000 0.000 19
1770392163.5390 2 0 0.000 0.000 0.000 0.000 19
1770392164.0399 2 0 0.000 0.000 0.000 0.000 19
1770392164.5409 2 0 0.000 0.000 0.000 0.000 19
1770392165.0413 2 0 0.000 0.000 0.000 0.000 19
1770392165.1246 2 0 0.000 0.000 0.000 0.000 20
1770392165.1960 2 0 0.000 0.000 0.000 0.000 21
1770392177.7093 2 0 0.000 0.000 0.000 0.000 21
1770392178.2095 2 0 0.000 0.000 0.000 0.000 21
1770392178.7099 2 0 0.000 0.000 0.000 0.000 21
1770392178.7820 2 0 0.000 0.000 0.000 0.000 22
1770392178.8527 2 0 0.000 0.000 0.000 0.000 23
1770392194.8685 2 0 0.000 0.000 0.000 0.000 23
1770392195.3686 2 0 0.000 0.000 0.000 0.000 23
1770392195.8695 2 0 0.000 0.000 0.000 0.000 23
1770392196.3709 2 0 0.000 0.000 0.000 0.000 23
1770392196.8709 2 0 0.000 0.000 0.000 0.000 23
1770392197.3713 2 0 0.000 0.000 0.000 0.000 23
1770392197.8719 2 0 0.000 0.000 0.000 0.000 23
1770392198.3720 2 0 0.000 0.000 0.000 0.000 23
1770392198.8724 2 0 0.000 0.000 0.000 0.000 23
1770392199.3733 2 0 0.000 0.000 0.000 0.000 23
1770392199.8742 2 0 0.000 0.000 0.000 0.000 23
1770392200.3748 2 0 0.000 0.000 0.000 0.000 23
1770392200.8754 2 0 0.000 0.000 0.000 0.000 23
1770392201.3754 2 0 0.000 0.000 0.000 0.000 23
1770392201.8756 2 0 0.000 0.000 0.000 0.000 23
1770392202.3782 2 0 0.000 0.000 0.000 0.000 23
1770392202.8787 2 0 0.000 0.000 0.000 0.000 23
1770392203.3795 2 0 0.000 0.000 0.000 0.000 23
1770392203.8796 2 0 0.000 0.000 0.000 0.000 23
1770392204.3798 2 0 0.000 0.000 0.000 0.000 23
1770392204.8800 2 0 0.000 0.000 0.000 0.000 23
1770392205.3800 2 0 0.000 0.000 0.000 0.000 23
1770392205.8802 2 0 0.000 0.000 0.000 0.000 23
1770392206.3803 2 0 0.000 0.000 0.000 0.000 23
1770392206.8805 2 0 0.000 0.000 0.000 0.000 23
1770392207.3806 2 0 0.000 0.000 0.000 0.000 23
1770392207.8808 2 0 0.000 0.000 0.000 0.000 23
1770392208.3809 2 0 0.000 0.000 0.000 0.000 23
1770392208.8819 2 0 0.000 0.000 0.000 0.000 23
1770392209.3821 2 0 0.000 0.000 0.000 0.000 23
1770392209.8823 2 0 0.000 0.000 0.000 0.000 23
1770392210.3829 2 0 0.000 0.000 0.000 0.000 23
1770392210.8831 2 0 0.000 0.000 0.000 0.000 23
1770392211.3837 2 0 0.000 0.000 0.000 0.000 23
1770392211.8847 2 0 0.000 0.000 0.000 0.000 23
1770392212.3851 2 0 0.000 0.000 0.000 0.000 23
1770392212.8856 2 0 0.000 0.000 0.000 0.000 23
1770392213.3862 2 0 0.000 0.000 0.000 0.000 23
1770392213.8869 2 0 0.000 0.000 0.000 0.000 23
1770392214.3876 2 0 0.000 0.000 0.000 0.000 23
1770392214.8885 2 0 0.000 0.000 0.000 0.000 23
1770392215.3889 2 0 0.000 0.000 0.000 0.000 23
1770392215.8896 2 0 0.000 0.000 0.000 0.000 23
1770392216.3897 2 0 0.000 0.000 0.000 0.000 23
1770392216.8901 2 0 0.000 0.000 0.000 0.000 23
1770392217.3905 2 0 0.000 0.000 0.000 0.000 23
1770392217.8913 2 0 0.000 0.000 0.000 0.000 23
1770392218.3918 2 0 0.000 0.000 0.000 0.000 23
1770392218.8926 2 0 0.000 0.000 0.000 0.000 23
1770392219.3934 2 0 0.000 0.000 0.000 0.000 23
1770392219.8937 2 0 0.000 0.000 0.000 0.000 23
1770392220.3942 2 0 0.000 0.000 0.000 0.000 23
1770392220.8952 2 0 0.000 0.000 0.000 0.000 23
1770392221.3963 2 0 0.000 0.000 0.000 0.000 23
1770392221.8967 2 0 0.000 0.000 0.000 0.000 23
1770392222.3971 2 0 0.000 0.000 0.000 0.000 23
1770392222.8978 2 0 0.000 0.000 0.000 0.000 23
1770392223.3983 2 0 0.000 0.000 0.000 0.000 23
1770392223.4237 2 0 0.000 0.000 0.000 0.000 24
1770392223.4938 2 0 0.000 0.000 0.000 0.000 25
