% Heartbeat logfile
% 1 	Time (sec)
% 2 	Robot name index
% 3 	Version
% 4 	State (0 = control is external to Teensy)
% 5 	Battery voltage (V)
% 6 	Teensy load (%)
% 7 	Board supply current (A)
% 8 	Used battery capacity (Wh) (never reset properly)
% 9 	Shutdown request.
% 10 	CPU temperature (Raspberry).
1770391807.4846 107 1033 4 11.43 9.0 0.41 257.565 0 40.8
1770391807.9847 107 1033 4 11.27 9.0 1.16 257.567 0 40.8
1770391808.4846 107 1033 4 11.39 8.9 0.65 257.568 0 40.8
1770391808.9854 107 1033 4 11.37 9.0 0.78 257.569 0 40.8
1770391809.4846 107 1033 4 11.39 9.0 0.68 257.571 0 40.8
1770391809.9846 107 1033 4 11.39 9.0 0.70 257.572 0 40.8
1770391810.4849 107 1033 4 11.39 9.0 0.64 257.573 0 40.8
1770391810.4849 107 1033 4 11.39 9.0 0.64 257.573 0 42.5
1770391810.9856 107 1033 4 11.39 8.9 0.67 257.574 0 42.5
1770391811.4847 107 1033 4 11.40 9.0 0.56 257.575 0 42.5
1770391811.4847 107 1033 4 11.40 9.0 0.56 257.575 0 39.7
1770391811.9845 107 1033 4 11.39 9.0 0.61 257.576 0 39.7
1770391812.4852 107 1033 4 11.40 9.0 0.64 257.577 0 39.7
1770391812.4852 107 1033 4 11.40 9.0 0.64 257.577 0 41.9
1770391812.9847 107 1033 4 11.38 9.0 0.75 257.578 0 41.9
1770391813.4849 107 1033 4 11.42 9.0 0.47 257.579 0 41.9
1770391813.9844 107 1033 4 11.40 8.9 0.56 257.579 0 41.9
1770391828.4844 107 1033 4 11.43 8.9 0.35 257.597 0 41.9
1770391828.9842 107 1033 4 11.37 9.0 0.70 257.598 0 41.9
1770391829.4847 107 1033 4 11.37 9.0 0.65 257.599 0 41.9
1770391829.9848 107 1033 4 11.38 9.0 0.72 257.600 0 41.9
1770391830.4843 107 1033 4 11.37 9.0 0.74 257.601 0 41.9
1770391830.9843 107 1033 4 11.38 9.0 0.73 257.603 0 41.9
1770391831.4843 107 1033 4 11.38 9.0 0.64 257.604 0 41.9
1770391831.4843 107 1033 4 11.38 9.0 0.64 257.604 0 44.1
1770391831.9842 107 1033 4 11.37 8.9 0.70 257.605 0 44.1
1770391832.4841 107 1033 4 11.40 9.0 0.60 257.606 0 44.1
1770391832.4841 107 1033 4 11.40 9.0 0.60 257.606 0 42.5
1770391832.9846 107 1033 4 11.37 8.9 0.75 257.607 0 42.5
1770391833.4847 107 1033 4 11.38 9.0 0.68 257.608 0 42.5
1770391833.4847 107 1033 4 11.38 9.0 0.68 257.608 0 44.1
1770391833.9844 107 1033 4 11.37 9.0 0.76 257.609 0 44.1
1770391834.4843 107 1033 4 11.38 9.0 0.69 257.610 0 44.1
1770391834.9843 107 1033 4 11.37 9.0 0.75 257.611 0 44.1
1770391835.4844 107 1033 4 11.39 9.0 0.57 257.612 0 44.1
1770391835.4844 107 1033 4 11.39 9.0 0.57 257.612 0 42.5
1770391835.9844 107 1033 4 11.40 8.9 0.53 257.613 0 42.5
1770391836.4845 107 1033 4 11.41 8.9 0.46 257.614 0 42.5
1770392020.4829 107 1033 4 11.42 8.8 0.36 257.836 0 45.2
1770392020.4829 107 1033 4 11.42 8.8 0.36 257.836 0 43.5
1770392020.9829 107 1033 4 11.41 8.9 0.51 257.837 0 43.5
1770392021.4829 107 1033 4 11.38 8.9 0.43 257.838 0 43.5
1770392021.9838 107 1033 4 11.39 8.9 0.52 257.839 0 43.5
1770392022.4831 107 1033 4 11.40 8.9 0.43 257.839 0 43.5
1770392022.4831 107 1033 4 11.40 8.9 0.43 257.839 0 45.2
1770392022.9834 107 1033 4 11.40 8.9 0.50 257.840 0 45.2
1770392023.4836 107 1033 4 11.41 8.9 0.43 257.841 0 45.2
1770392023.9831 107 1033 4 11.40 8.9 0.50 257.842 0 45.2
1770392024.4837 107 1033 4 11.40 8.9 0.45 257.842 0 45.2
1770392024.9831 107 1033 4 11.39 8.9 0.53 257.843 0 45.2
1770392025.4835 107 1033 4 11.41 8.9 0.46 257.844 0 45.2
1770392025.9828 107 1033 4 11.39 8.9 0.52 257.845 0 45.2
1770392026.4834 107 1033 4 11.40 9.0 0.46 257.845 0 45.2
1770392026.9836 107 1033 4 11.38 8.9 0.53 257.846 0 45.2
1770392027.4833 107 1033 4 11.41 8.9 0.43 257.847 0 45.2
1770392027.9835 107 1033 4 11.39 9.0 0.52 257.848 0 45.2
1770392028.4833 107 1033 4 11.41 8.9 0.44 257.848 0 45.2
1770392028.9833 107 1033 4 11.38 8.9 0.59 257.849 0 45.2
1770392029.4831 107 1033 4 11.38 8.9 0.42 257.850 0 45.2
1770392029.9836 107 1033 4 11.40 8.9 0.44 257.851 0 45.2
1770392030.4838 107 1033 4 11.41 8.9 0.40 257.851 0 45.2
1770392030.9832 107 1033 4 11.40 8.9 0.45 257.852 0 45.2
1770392031.4829 107 1033 4 11.40 8.9 0.39 257.853 0 45.2
1770392031.4829 107 1033 4 11.40 8.9 0.39 257.853 0 43.5
1770392031.9830 107 1033 4 11.41 9.0 0.42 257.853 0 43.5
1770392032.4837 107 1033 4 11.41 8.9 0.40 257.854 0 43.5
1770392032.9834 107 1033 4 11.40 8.9 0.45 257.855 0 43.5
1770392033.4833 107 1033 4 11.42 8.9 0.40 257.855 0 43.5
1770392033.9830 107 1033 4 11.41 8.9 0.43 257.856 0 43.5
1770392034.4833 107 1033 4 11.41 8.9 0.39 257.857 0 43.5
1770392034.9830 107 1033 4 11.40 8.9 0.44 257.857 0 43.5
1770392035.4829 107 1033 4 11.41 8.9 0.40 257.858 0 43.5
1770392035.9837 107 1033 4 11.40 8.9 0.44 257.859 0 43.5
1770392036.4832 107 1033 4 11.40 9.0 0.40 257.859 0 43.5
1770392036.9835 107 1033 4 11.41 8.9 0.45 257.860 0 43.5
1770392037.4830 107 1033 4 11.41 8.9 0.38 257.861 0 43.5
1770392037.9831 107 1033 4 11.41 8.9 0.44 257.861 0 43.5
1770392038.4836 107 1033 4 11.41 8.9 0.39 257.862 0 43.5
1770392038.9829 107 1033 4 11.40 8.9 0.45 257.863 0 43.5
1770392039.4829 107 1033 4 11.38 9.0 0.43 257.863 0 43.5
1770392039.9831 107 1033 4 11.39 9.0 0.52 257.864 0 43.5
1770392040.4828 107 1033 4 11.39 8.9 0.44 257.865 0 43.5
1770392040.9836 107 1033 4 11.39 9.0 0.50 257.866 0 43.5
1770392041.4830 107 1033 4 11.41 8.9 0.44 257.866 0 43.5
1770392041.9829 107 1033 4 11.39 8.9 0.54 257.867 0 43.5
1770392042.4835 107 1033 4 11.40 8.9 0.43 257.868 0 43.5
1770392042.9836 107 1033 4 11.39 8.9 0.52 257.869 0 43.5
1770392043.4838 107 1033 4 11.39 9.0 0.51 257.870 0 43.5
1770392043.9837 107 1033 4 11.39 8.9 0.51 257.870 0 43.5
1770392044.4831 107 1033 4 11.41 8.9 0.41 257.871 0 43.5
1770392044.9831 107 1033 4 11.41 8.9 0.46 257.872 0 43.5
1770392045.4831 107 1033 4 11.41 8.9 0.37 257.872 0 43.5
1770392045.9829 107 1033 4 11.41 8.9 0.45 257.873 0 43.5
1770392046.4834 107 1033 4 11.40 8.9 0.41 257.874 0 43.5
1770392046.9834 107 1033 4 11.40 8.9 0.45 257.874 0 43.5
1770392047.4836 107 1033 4 11.39 8.9 0.41 257.875 0 43.5
1770392047.9828 107 1033 4 11.40 8.9 0.44 257.876 0 43.5
1770392048.4830 107 1033 4 11.41 8.9 0.40 257.876 0 43.5
1770392055.4834 107 1033 4 11.41 8.8 0.36 257.885 0 45.8
1770392055.9829 107 1033 4 11.37 9.0 0.72 257.886 0 45.8
1770392056.4835 107 1033 4 11.37 8.9 0.64 257.887 0 45.8
1770392056.9830 107 1033 4 11.36 8.9 0.68 257.888 0 45.8
1770392057.4828 107 1033 4 11.37 9.0 0.60 257.889 0 45.8
1770392057.9827 107 1033 4 11.37 9.0 0.75 257.890 0 45.8
1770392058.4832 107 1033 4 11.38 9.0 0.58 257.891 0 45.8
1770392058.9830 107 1033 4 11.36 8.9 0.68 257.892 0 45.8
1770392059.4828 107 1033 4 11.39 9.0 0.55 257.893 0 45.8
1770392059.4828 107 1033 4 11.39 9.0 0.55 257.893 0 43.0
1770392059.9835 107 1033 4 11.39 9.0 0.60 257.894 0 43.0
1770392060.4833 107 1033 4 11.38 9.0 0.57 257.895 0 43.0
1770392060.9834 107 1033 4 11.35 8.9 0.99 257.897 0 43.0
1770392091.4828 107 1033 4 11.41 8.9 0.35 257.931 0 45.2
1770392091.9833 107 1033 4 11.39 8.9 0.52 257.932 0 45.2
1770392092.4826 107 1033 4 11.40 8.9 0.43 257.933 0 45.2
1770392092.9826 107 1033 4 11.39 8.9 0.51 257.934 0 45.2
1770392093.4832 107 1033 4 11.40 8.9 0.43 257.934 0 45.2
1770392093.9836 107 1033 4 11.37 8.9 0.51 257.935 0 45.2
1770392094.4835 107 1033 4 11.42 8.9 0.46 257.936 0 45.2
1770392094.9836 107 1033 4 11.39 8.9 0.49 257.937 0 45.2
1770392095.4830 107 1033 4 11.40 8.9 0.43 257.937 0 45.2
1770392095.9829 107 1033 4 11.39 8.9 0.53 257.938 0 45.2
1770392096.4832 107 1033 4 11.41 8.9 0.44 257.939 0 45.2
1770392096.9830 107 1033 4 11.40 8.9 0.51 257.940 0 45.2
1770392097.4826 107 1033 4 11.38 9.0 0.42 257.940 0 45.2
1770392097.9835 107 1033 4 11.38 8.9 0.52 257.941 0 45.2
1770392098.4837 107 1033 4 11.40 8.9 0.43 257.942 0 45.2
1770392098.9832 107 1033 4 11.39 8.9 0.52 257.943 0 45.2
1770392099.4836 107 1033 4 11.40 8.9 0.42 257.943 0 45.2
1770392099.9826 107 1033 4 11.38 8.9 0.51 257.944 0 45.2
1770392100.4832 107 1033 4 11.41 8.9 0.38 257.945 0 45.2
1770392100.9833 107 1033 4 11.40 8.9 0.45 257.945 0 45.2
1770392101.4827 107 1033 4 11.40 8.9 0.41 257.946 0 45.2
1770392101.9830 107 1033 4 11.40 8.9 0.45 257.947 0 45.2
1770392102.4837 107 1033 4 11.37 8.9 0.41 257.947 0 45.2
1770392102.9828 107 1033 4 11.40 8.9 0.44 257.948 0 45.2
1770392103.4831 107 1033 4 11.41 8.9 0.41 257.949 0 45.2
1770392103.4831 107 1033 4 11.41 8.9 0.41 257.949 0 43.0
1770392103.9828 107 1033 4 11.39 8.9 0.44 257.949 0 43.0
1770392104.4831 107 1033 4 11.38 8.9 0.39 257.950 0 43.0
1770392104.9834 107 1033 4 11.39 8.9 0.43 257.951 0 43.0
1770392105.4830 107 1033 4 11.39 8.9 0.45 257.951 0 43.0
1770392105.9829 107 1033 4 11.40 8.9 0.45 257.952 0 43.0
1770392106.4830 107 1033 4 11.41 8.9 0.38 257.953 0 43.0
1770392106.4830 107 1033 4 11.41 8.9 0.38 257.953 0 45.2
1770392106.9828 107 1033 4 11.39 8.9 0.45 257.954 0 45.2
1770392107.4834 107 1033 4 11.40 8.9 0.38 257.954 0 45.2
1770392107.9830 107 1033 4 11.39 8.9 0.44 257.955 0 45.2
1770392108.4826 107 1033 4 11.41 8.9 0.37 257.955 0 45.2
1770392108.4826 107 1033 4 11.41 8.9 0.37 257.955 0 43.5
1770392108.9830 107 1033 4 11.39 8.9 0.44 257.956 0 43.5
1770392109.4826 107 1033 4 11.40 8.9 0.38 257.957 0 43.5
1770392109.9831 107 1033 4 11.39 8.9 0.44 257.957 0 43.5
1770392110.4828 107 1033 4 11.39 8.9 0.48 257.958 0 43.5
1770392110.9826 107 1033 4 11.38 8.9 0.51 257.959 0 43.5
1770392111.4827 107 1033 4 11.39 8.9 0.43 257.960 0 43.5
1770392135.9834 107 1033 4 11.39 9.0 0.51 257.990 0 45.2
1770392136.4834 107 1033 4 11.39 9.0 0.46 257.991 0 45.2
1770392136.9834 107 1033 4 11.38 8.9 0.55 257.991 0 45.2
1770392137.4835 107 1033 4 11.39 9.0 0.45 257.992 0 45.2
1770392137.9833 107 1033 4 11.38 9.0 0.51 257.993 0 45.2
1770392138.4833 107 1033 4 11.38 34.9 0.54 257.994 0 45.2
1770392138.9838 107 1033 4 11.39 8.9 0.51 257.995 0 45.2
1770392139.4832 107 1033 4 11.39 8.9 0.44 257.995 0 45.2
1770392139.9841 107 1033 4 11.40 8.9 0.50 257.996 0 45.2
1770392140.4837 107 1033 4 11.38 9.0 0.40 257.997 0 45.2
1770392140.9837 107 1033 4 11.39 9.0 0.46 257.997 0 45.2
1770392141.4839 107 1033 4 11.40 9.0 0.41 257.998 0 45.2
1770392141.9834 107 1033 4 11.39 9.0 0.45 257.999 0 45.2
1770392142.4840 107 1033 4 11.40 9.0 0.40 257.999 0 45.2
1770392142.9837 107 1033 4 11.39 9.0 0.46 258.000 0 45.2
1770392143.4839 107 1033 4 11.39 8.9 0.41 258.001 0 45.2
1770392143.9841 107 1033 4 11.37 8.9 0.57 258.002 0 45.2
1770392144.4837 107 1033 4 11.39 8.9 0.47 258.002 0 45.2
1770392144.4837 107 1033 4 11.39 8.9 0.47 258.002 0 48.0
1770392144.9836 107 1033 4 11.36 34.8 0.57 258.003 0 48.0
1770392145.4836 107 1033 4 11.36 8.9 0.52 258.004 0 48.0
1770392145.4836 107 1033 4 11.36 8.9 0.52 258.004 0 45.8
1770392145.9840 107 1033 4 11.37 8.9 0.53 258.005 0 45.8
1770392146.4833 107 1033 4 11.38 8.9 0.48 258.006 0 45.8
1770392146.9839 107 1033 4 11.35 8.9 0.56 258.007 0 45.8
1770392147.4833 107 1033 4 11.39 9.0 0.47 258.007 0 45.8
1770392147.9839 107 1033 4 11.37 9.0 0.55 258.008 0 45.8
1770392148.4841 107 1033 4 11.38 8.9 0.48 258.009 0 45.8
1770392148.4841 107 1033 4 11.38 8.9 0.48 258.009 0 48.0
1770392148.9836 107 1033 4 11.37 8.9 0.57 258.010 0 48.0
1770392149.4840 107 1033 4 11.40 8.9 0.47 258.011 0 48.0
1770392149.9840 107 1033 4 11.38 8.9 0.55 258.012 0 48.0
1770392150.4840 107 1033 4 11.39 9.0 0.52 258.012 0 48.0
1770392150.9837 107 1033 4 11.37 8.9 0.58 258.013 0 48.0
1770392151.4836 107 1033 4 11.40 34.9 0.43 258.014 0 48.0
1770392151.4836 107 1033 4 11.40 34.9 0.43 258.014 0 45.8
1770392151.9839 107 1033 4 11.38 8.9 0.58 258.015 0 45.8
1770392152.4838 107 1033 4 11.38 8.9 0.53 258.016 0 45.8
1770392152.9836 107 1033 4 11.36 9.0 0.68 258.017 0 45.8
1770392153.4837 107 1033 4 11.34 8.9 0.67 258.018 0 45.8
1770392153.9840 107 1033 4 11.38 8.9 0.45 258.019 0 45.8
1770392154.4842 107 1033 4 11.39 8.9 0.43 258.019 0 45.8
1770392154.9841 107 1033 4 11.38 8.9 0.47 258.020 0 45.8
1770392155.4835 107 1033 4 11.40 8.9 0.46 258.021 0 45.8
1770392155.9841 107 1033 4 11.40 9.0 0.47 258.021 0 45.8
1770392156.4835 107 1033 4 11.38 8.9 0.51 258.022 0 45.8
1770392156.9836 107 1033 4 11.38 9.0 0.48 258.023 0 45.8
1770392157.4842 107 1033 4 11.39 8.9 0.44 258.024 0 45.8
1770392157.9839 107 1033 4 11.39 34.9 0.49 258.025 0 45.8
1770392158.4831 107 1033 4 11.38 8.9 0.44 258.025 0 45.8
1770392158.9840 107 1033 4 11.37 9.0 0.49 258.026 0 45.8
1770392159.4839 107 1033 4 11.39 9.0 0.44 258.027 0 45.8
1770392159.9837 107 1033 4 11.39 8.9 0.52 258.028 0 45.8
1770392160.4837 107 1033 4 11.40 8.9 0.40 258.028 0 45.8
1770392160.9840 107 1033 4 11.39 8.9 0.46 258.029 0 45.8
1770392161.4840 107 1033 4 11.40 8.9 0.39 258.029 0 45.8
1770392161.9838 107 1033 4 11.39 8.9 0.44 258.030 0 45.8
1770392162.4837 107 1033 4 11.39 8.9 0.38 258.031 0 45.8
1770392162.9835 107 1033 4 11.40 8.9 0.44 258.031 0 45.8
1770392163.4839 107 1033 4 11.39 9.0 0.41 258.032 0 45.8
1770392163.9836 107 1033 4 11.39 8.9 0.44 258.033 0 45.8
1770392164.4840 107 1033 4 11.40 35.0 0.41 258.033 0 45.8
1770392164.9838 107 1033 4 11.38 8.9 0.43 258.034 0 45.8
1770392177.9835 107 1033 4 11.40 8.9 0.39 258.051 0 45.8
1770392178.4835 107 1033 4 11.39 8.9 0.45 258.051 0 45.8
1770392194.9833 107 1033 4 11.40 8.9 0.38 258.070 0 45.8
1770392195.4838 107 1033 4 11.38 9.0 0.45 258.071 0 45.8
1770392195.9839 107 1033 4 11.38 8.9 0.50 258.072 0 45.8
1770392196.4842 107 1033 4 11.38 8.9 0.46 258.072 0 45.8
1770392196.9834 107 1033 4 11.37 35.0 0.51 258.073 0 45.8
1770392197.6222 107 1033 4 11.39 8.9 0.45 258.074 0 45.8
1770392197.9833 107 1033 4 11.39 8.9 0.51 258.075 0 45.8
1770392198.4837 107 1033 4 11.39 8.9 0.44 258.075 0 45.8
1770392198.9838 107 1033 4 11.38 8.9 0.45 258.076 0 45.8
1770392199.4835 107 1033 4 11.39 8.9 0.40 258.077 0 45.8
1770392199.4835 107 1033 4 11.39 8.9 0.40 258.077 0 44.1
1770392199.9835 107 1033 4 11.38 9.0 0.47 258.078 0 44.1
1770392200.4833 107 1033 4 11.40 8.9 0.40 258.078 0 44.1
1770392200.4833 107 1033 4 11.40 8.9 0.40 258.078 0 45.8
1770392200.9841 107 1033 4 11.38 8.9 0.46 258.079 0 45.8
1770392201.4835 107 1033 4 11.39 8.9 0.41 258.080 0 45.8
1770392201.9838 107 1033 4 11.39 8.9 0.45 258.080 0 45.8
1770392202.4837 107 1033 4 11.39 8.9 0.46 258.081 0 45.8
1770392202.9835 107 1033 4 11.38 8.9 0.44 258.082 0 45.8
1770392203.4831 107 1033 4 11.39 35.0 0.41 258.082 0 45.8
1770392203.9838 107 1033 4 11.39 8.9 0.46 258.083 0 45.8
1770392204.4835 107 1033 4 11.40 8.9 0.42 258.084 0 45.8
1770392204.9831 107 1033 4 11.38 9.0 0.50 258.085 0 45.8
1770392205.4834 107 1033 4 11.39 8.9 0.45 258.085 0 45.8
1770392205.9835 107 1033 4 11.37 8.9 0.50 258.086 0 45.8
1770392206.4832 107 1033 4 11.38 8.9 0.45 258.087 0 45.8
1770392206.9833 107 1033 4 11.38 9.0 0.49 258.088 0 45.8
1770392207.4841 107 1033 4 11.39 8.9 0.44 258.088 0 45.8
1770392207.9835 107 1033 4 11.37 8.9 0.53 258.089 0 45.8
1770392208.4835 107 1033 4 11.40 8.9 0.45 258.090 0 45.8
1770392208.9838 107 1033 4 11.38 8.9 0.52 258.091 0 45.8
1770392209.4839 107 1033 4 11.38 8.9 0.44 258.091 0 45.8
1770392209.9838 107 1033 4 11.40 34.9 0.45 258.092 0 45.8
1770392210.4840 107 1033 4 11.39 8.9 0.42 258.093 0 45.8
1770392210.9841 107 1033 4 11.38 8.9 0.51 258.093 0 45.8
1770392211.4835 107 1033 4 11.39 9.0 0.44 258.094 0 45.8
1770392211.9831 107 1033 4 11.37 8.9 0.50 258.095 0 45.8
1770392212.4841 107 1033 4 11.39 8.9 0.46 258.096 0 45.8
1770392212.9840 107 1033 4 11.37 8.9 0.53 258.097 0 45.8
1770392213.4835 107 1033 4 11.38 8.9 0.44 258.097 0 45.8
1770392213.9840 107 1033 4 11.37 8.9 0.52 258.098 0 45.8
1770392214.4831 107 1033 4 11.38 8.9 0.45 258.099 0 45.8
1770392214.4831 107 1033 4 11.38 8.9 0.45 258.099 0 47.4
1770392214.9839 107 1033 4 11.37 8.9 0.51 258.100 0 47.4
1770392215.4832 107 1033 4 11.36 8.9 0.44 258.100 0 47.4
1770392215.9840 107 1033 4 11.38 8.9 0.45 258.101 0 47.4
1770392216.4840 107 1033 4 11.39 34.8 0.40 258.102 0 47.4
1770392216.4840 107 1033 4 11.39 34.8 0.40 258.102 0 45.2
1770392216.9835 107 1033 4 11.38 8.9 0.45 258.102 0 45.2
1770392217.4835 107 1033 4 11.39 8.9 0.45 258.103 0 45.2
1770392217.9835 107 1033 4 11.38 8.9 0.51 258.104 0 45.2
1770392218.4838 107 1033 4 11.38 9.0 0.46 258.105 0 45.2
1770392218.9839 107 1033 4 11.37 8.9 0.59 258.105 0 45.2
1770392219.4834 107 1033 4 11.38 8.9 0.44 258.106 0 45.2
1770392219.9836 107 1033 4 11.38 8.9 0.51 258.107 0 45.2
1770392220.4835 107 1033 4 11.38 8.9 0.45 258.108 0 45.2
1770392220.9838 107 1033 4 11.38 8.9 0.50 258.108 0 45.2
1770392221.4835 107 1033 4 11.39 8.9 0.44 258.109 0 45.2
1770392221.4835 107 1033 4 11.39 8.9 0.44 258.109 0 46.8
1770392221.9831 107 1033 4 11.38 8.9 0.50 258.110 0 46.8
1770392222.4832 107 1033 4 11.37 8.9 0.40 258.111 0 46.8
1770392222.9838 107 1033 4 11.38 35.0 0.44 258.111 0 46.8
1770392223.4837 107 1033 4 11.39 8.9 0.41 258.112 0 46.8
