% logfile for Python side
% 1 time (sec)
% 2 Mission state
% 3,4,5 (x,y,h) (m,m,rad)
% 6 Camera frame count
% 7-9 Line sensor: line position, e*kp, control y (rad/s), validCnt
%     Line sensor: Kp=1.0, tau_z=0.8s, tau_p=0.25s
% 10,11 trip A (distance and heading change)
% 12,13 trip B (distance and heading change)
% 1773337013.7515078 robobot/cmd/ti alive 2026-03-12 18:36:53.675894
% 1773337013.753542 robobot/cmd/ti log 1
1773337013.7960672 0 0.001 0.000 0.015 0 0.00 0.00 0.000 0.000 0 0.000 0.015 0.0000 0.0149
1773337013.8405807 0 0.001 0.000 0.015 0 0.00 0.00 0.000 0.000 0 0.000 0.015 0.0000 0.0149
1773337013.844151 0 0.001 0.000 0.015 0 0.00 0.00 0.000 0.000 0 0.000 0.015 0.0000 0.0149
1773337013.8948696 0 0.001 0.000 0.015 0 0.00 0.00 0.000 0.000 0 0.000 0.015 0.0000 0.0149
1773337013.941147 0 0.001 0.000 0.015 0 0.00 0.00 0.000 0.000 0 0.000 0.015 0.0000 0.0149
1773337013.9448996 0 0.001 0.000 0.015 0 0.00 0.00 0.000 0.000 0 0.000 0.015 0.0000 0.0149
1773337013.9943783 0 0.001 0.000 0.015 0 0.00 0.00 0.000 0.000 0 0.000 0.015 0.0000 0.0149
1773337014.040146 0 0.001 0.000 0.015 0 0.00 0.00 0.000 0.000 0 0.000 0.015 0.0000 0.0149
1773337014.0444825 0 0.001 0.000 0.015 0 0.00 0.00 0.000 0.000 0 0.000 0.015 0.0000 0.0149
% 1773337014.0860772 robobot/cmd/T0 enc0
% 1773337014.0866432 robobot/cmd/T0 confw 0.075 0.075 19 68 0.22
% 1773337014.087063 robobot/cmd/T0 confi
1773337014.0950158 0 0.000 0.000 0.000 0 0.00 0.00 0.000 0.000 0 0.000 0.000 0.0000 0.0000
1773337014.141353 0 0.000 0.000 0.000 0 0.00 0.00 0.000 0.000 0 0.000 0.000 0.0000 0.0000
1773337014.1441474 0 0.000 0.000 0.000 0 0.00 0.00 0.000 0.000 0 0.000 0.000 0.0000 0.0000
1773337014.1950946 0 0.000 0.000 0.000 0 0.00 0.00 0.000 0.000 0 0.000 0.000 0.0000 0.0000
1773337014.2398057 0 0.000 0.000 0.000 0 0.00 0.00 0.000 0.000 0 0.000 0.000 0.0000 0.0000
1773337014.244481 0 0.000 0.000 0.000 0 0.00 0.00 0.000 0.000 0 0.000 0.000 0.0000 0.0000
% 1773337014.25465 robobot/cmd/ti alive 2026-03-12 18:36:53.675894
% 1773337014.2854192 robobot/cmd/T0 lip 1
% 1773337014.2866392 robobot/cmd/T0 sub livn 10
1773337014.2970004 0 0.000 0.000 0.000 0 0.00 0.00 0.000 0.000 0 0.000 0.000 0.0000 0.0000
% 1773337014.3110187 robobot/cmd/T0 liwi
% 1773337014.3334327 robobot/cmd/T0 lip 1
% 1773337014.3345215 robobot/cmd/T0 sub livn 10
1773337014.3426836 0 0.000 0.000 0.000 1 -1.00 1.00 0.000 0.000 5 0.000 0.000 0.0000 0.0000
1773337014.3447528 0 0.000 0.000 0.000 1 -1.00 1.00 0.000 0.000 5 0.000 0.000 0.0000 0.0000
% 1773337014.3604956 robobot/cmd/ti rc 0.150 3.157 1773337014.3599906
% 1773337014.370137 robobot/cmd/ti rc 0.150 3.073 1773337014.369674
% 1773337014.3804889 robobot/cmd/ti rc 0.150 2.992 1773337014.3800342
% 1773337014.3903422 robobot/cmd/ti rc 0.150 2.914 1773337014.3899376
1773337014.394827 0 0.003 0.000 0.066 1 -1.00 1.00 1.000 2.914 10 0.002 0.066 0.0021 0.0663
% 1773337014.4006162 robobot/cmd/ti rc 0.150 2.840 1773337014.400071
% 1773337014.4104154 robobot/cmd/ti rc 0.150 2.768 1773337014.4099762
% 1773337014.4208887 robobot/cmd/ti rc 0.150 2.699 1773337014.4203436
% 1773337014.4309192 robobot/cmd/ti rc 0.150 2.633 1773337014.4305258
% 1773337014.4413757 robobot/cmd/ti rc 0.150 2.569 1773337014.441032
1773337014.4415374 0 0.008 0.001 0.143 1 -1.00 1.00 1.000 2.569 15 0.007 0.143 0.0066 0.1426
1773337014.444859 0 0.009 0.001 0.169 1 -1.00 1.00 1.000 2.569 15 0.008 0.169 0.0079 0.1691
% 1773337014.450281 robobot/cmd/ti rc 0.150 2.508 1773337014.449902
% 1773337014.4607773 robobot/cmd/ti rc 0.150 2.449 1773337014.4603603
% 1773337014.4710824 robobot/cmd/ti rc 0.150 2.393 1773337014.4704258
% 1773337014.543235 robobot/cmd/ti rc 0.150 2.338 1773337014.5426688
% 1773337014.5517063 robobot/cmd/ti rc 0.150 2.286 1773337014.5512059
1773337014.5557623 0 0.019 0.004 0.504 1 -1.00 1.00 1.000 2.286 18 0.017 0.504 0.0172 0.5040
% 1773337014.5615976 robobot/cmd/ti rc 0.150 -0.921 1773337014.5611224
% 1773337014.5722425 robobot/cmd/ti rc 0.150 -0.885 1773337014.5718832
% 1773337014.5814693 robobot/cmd/ti rc 0.150 -0.851 1773337014.5811007
% 1773337014.5917594 robobot/cmd/ti rc 0.150 -0.817 1773337014.591344
% 1773337014.6016579 robobot/cmd/ti rc 0.150 -0.786 1773337014.6012423
1773337014.601808 0 0.025 0.007 0.549 1 0.00 2.00 0.000 -0.786 20 0.025 0.549 0.0249 0.5488
1773337014.6062818 0 0.026 0.008 0.554 1 0.00 2.00 0.000 -0.786 20 0.026 0.554 0.0262 0.5537
% 1773337014.6121988 robobot/cmd/ti rc 0.150 -0.755 1773337014.6117835
% 1773337014.6222234 robobot/cmd/ti rc 0.150 -0.726 1773337014.6218035
% 1773337014.631719 robobot/cmd/ti rc 0.150 -0.697 1773337014.631357
% 1773337014.6430507 robobot/cmd/ti rc 0.150 -0.670 1773337014.6426966
% 1773337014.651957 robobot/cmd/ti rc 0.150 -0.644 1773337014.6515768
1773337014.6561904 0 0.032 0.011 0.564 1 0.00 2.00 0.000 -0.644 20 0.033 0.564 0.0329 0.5637
% 1773337014.6630054 robobot/cmd/ti rc 0.150 -0.619 1773337014.6619346
% 1773337014.6739433 robobot/cmd/ti rc 0.150 -0.595 1773337014.672722
% 1773337014.6830049 robobot/cmd/ti rc 0.150 -0.571 1773337014.6823254
% 1773337014.69312 robobot/cmd/ti rc 0.150 -0.549 1773337014.6924534
% 1773337014.7030978 robobot/cmd/ti rc 0.150 -0.528 1773337014.70245
1773337014.7032871 0 0.036 0.014 0.545 1 0.00 2.00 0.000 -0.528 20 0.039 0.545 0.0393 0.5454
1773337014.7067008 0 0.037 0.015 0.544 1 0.00 2.00 0.000 -0.528 20 0.039 0.544 0.0393 0.5438
% 1773337014.712751 robobot/cmd/ti rc 0.150 -0.507 1773337014.7121031
% 1773337014.72213 robobot/cmd/ti rc 0.150 -0.487 1773337014.7218363
% 1773337014.7316 robobot/cmd/ti rc 0.150 -0.468 1773337014.7313094
% 1773337014.7420886 robobot/cmd/ti rc 0.150 -0.450 1773337014.7417607
% 1773337014.751638 robobot/cmd/ti rc 0.150 -0.433 1773337014.7513525
1773337014.7570672 0 0.042 0.017 0.504 1 0.00 2.00 0.000 -0.433 20 0.045 0.504 0.0452 0.5040
% 1773337014.757992 robobot/cmd/ti alive 2026-03-12 18:36:53.675894
% 1773337014.7626314 robobot/cmd/ti rc 0.150 -0.416 1773337014.7621977
% 1773337014.7730684 robobot/cmd/ti rc 0.150 -0.400 1773337014.772359
% 1773337014.7832685 robobot/cmd/ti rc 0.150 -0.384 1773337014.7826388
% 1773337014.792495 robobot/cmd/ti rc 0.150 -0.369 1773337014.792148
% 1773337014.8026876 robobot/cmd/ti rc 0.150 -0.355 1773337014.8022654
1773337014.8029647 0 0.048 0.021 0.466 1 0.00 3.00 0.000 -0.355 20 0.053 0.466 0.0531 0.4659
1773337014.8062234 0 0.049 0.021 0.461 1 0.00 3.00 0.000 -0.355 20 0.054 0.461 0.0544 0.4609
% 1773337014.8122947 robobot/cmd/ti rc 0.150 -0.341 1773337014.811916
% 1773337014.8223813 robobot/cmd/ti rc 0.150 -0.327 1773337014.8219976
% 1773337014.8326814 robobot/cmd/ti rc 0.150 -0.315 1773337014.8321123
% 1773337014.8437366 robobot/cmd/ti rc 0.150 -0.302 1773337014.8433654
% 1773337014.8525686 robobot/cmd/ti rc 0.150 -3.448 1773337014.8520699
1773337014.8566608 0 0.056 0.025 0.424 1 1.00 3.00 -1.000 -3.448 20 0.062 0.424 0.0623 0.4244
% 1773337014.863108 robobot/cmd/ti rc 0.150 -3.352 1773337014.8623266
% 1773337014.8737874 robobot/cmd/ti rc 0.150 -3.261 1773337014.8727908
% 1773337014.8827395 robobot/cmd/ti rc 0.150 -3.172 1773337014.8823345
% 1773337014.8932645 robobot/cmd/ti rc 0.150 -3.088 1773337014.8928893
% 1773337014.9030657 robobot/cmd/ti rc 0.150 -3.006 1773337014.9026937
1773337014.9032743 0 0.064 0.028 0.323 1 1.00 3.00 -1.000 -3.006 20 0.070 0.323 0.0696 0.3233
1773337014.9060085 0 0.065 0.028 0.313 1 1.00 3.00 -1.000 -3.006 20 0.070 0.313 0.0696 0.3133
% 1773337014.9125576 robobot/cmd/ti rc 0.150 -2.928 1773337014.9122078
% 1773337014.9224598 robobot/cmd/ti rc 0.150 -2.853 1773337014.9221444
% 1773337014.9323559 robobot/cmd/ti rc 0.150 -2.781 1773337014.9320223
% 1773337014.9433875 robobot/cmd/ti rc 0.150 -2.711 1773337014.9430556
% 1773337014.9521387 robobot/cmd/ti rc 0.150 -2.644 1773337014.95184
1773337014.9563022 0 0.074 0.030 0.184 1 1.00 2.00 -1.000 -2.644 20 0.079 0.184 0.0790 0.1840
% 1773337014.962135 robobot/cmd/ti rc 0.150 0.577 1773337014.9618406
% 1773337014.9719696 robobot/cmd/ti rc 0.150 -2.603 1773337014.9716763
% 1773337014.9825742 robobot/cmd/ti rc 0.150 0.617 1773337014.9822006
% 1773337014.992684 robobot/cmd/ti rc 0.150 0.593 1773337014.992304
% 1773337015.0025177 robobot/cmd/ti rc 0.150 0.570 1773337015.0020669
1773337015.0029125 0 0.082 0.031 0.075 1 0.00 2.00 0.000 0.570 20 0.087 0.075 0.0875 0.0746
1773337015.0063481 0 0.082 0.031 0.073 1 0.00 2.00 0.000 0.570 20 0.089 0.073 0.0888 0.0729
% 1773337015.0127428 robobot/cmd/ti rc 0.150 0.547 1773337015.0124483
% 1773337015.023341 robobot/cmd/ti rc 0.150 0.526 1773337015.0230262
% 1773337015.032753 robobot/cmd/ti rc 0.150 0.506 1773337015.032358
% 1773337015.04344 robobot/cmd/ti rc 0.150 0.486 1773337015.04278
% 1773337015.0527148 robobot/cmd/ti rc 0.150 0.467 1773337015.0522695
1773337015.0569766 0 0.089 0.032 0.033 1 0.00 2.00 0.000 0.467 20 0.095 0.033 0.0947 0.0332
% 1773337015.0658426 robobot/cmd/ti rc 0.150 0.449 1773337015.0645673
% 1773337015.0740595 robobot/cmd/ti rc 0.150 0.431 1773337015.0735862
% 1773337015.0834718 robobot/cmd/ti rc 0.150 0.414 1773337015.0827608
% 1773337015.0945399 robobot/cmd/ti rc 0.150 0.398 1773337015.0939057
% 1773337015.1029284 robobot/cmd/ti rc 0.150 0.383 1773337015.102274
1773337015.1030488 0 0.095 0.032 0.026 1 0.00 2.00 0.000 0.383 20 0.102 0.026 0.1019 0.0265
1773337015.106828 0 0.096 0.032 0.028 1 0.00 2.00 0.000 0.383 20 0.102 0.028 0.1019 0.0282
% 1773337015.113023 robobot/cmd/ti rc 0.150 0.368 1773337015.1123478
% 1773337015.1231818 robobot/cmd/ti rc 0.150 0.353 1773337015.1225288
% 1773337015.132892 robobot/cmd/ti rc 0.150 0.340 1773337015.1324008
% 1773337015.1439242 robobot/cmd/ti rc 0.150 0.326 1773337015.1433241
% 1773337015.152809 robobot/cmd/ti rc 0.150 0.314 1773337015.1521993
1773337015.1565504 0 0.103 0.032 0.050 1 0.00 2.00 0.000 0.314 20 0.109 0.050 0.1092 0.0497
% 1773337015.1624742 robobot/cmd/ti rc 0.150 0.301 1773337015.1618779
% 1773337015.172559 robobot/cmd/ti rc 0.150 0.290 1773337015.1720967
% 1773337015.1836045 robobot/cmd/ti rc 0.150 0.278 1773337015.1831217
% 1773337015.1926012 robobot/cmd/ti rc 0.150 0.268 1773337015.1921897
% 1773337015.2027721 robobot/cmd/ti rc 0.150 0.257 1773337015.202398
1773337015.2030666 0 0.108 0.032 0.091 1 0.00 2.00 0.000 0.257 20 0.116 0.091 0.1158 0.0912
1773337015.2070293 0 0.109 0.033 0.095 1 0.00 2.00 0.000 0.257 20 0.117 0.095 0.1167 0.0945
% 1773337015.2122905 robobot/cmd/ti rc 0.150 0.247 1773337015.2119253
% 1773337015.2240992 robobot/cmd/ti rc 0.150 0.237 1773337015.2234557
% 1773337015.2329712 robobot/cmd/ti rc 0.150 0.228 1773337015.2326117
% 1773337015.243721 robobot/cmd/ti rc 0.150 0.219 1773337015.2433736
% 1773337015.2524488 robobot/cmd/ti rc 0.150 0.211 1773337015.251905
1773337015.2566745 0 0.117 0.033 0.116 1 0.00 2.00 0.000 0.211 20 0.124 0.116 0.1243 0.1161
% 1773337015.260331 robobot/cmd/ti alive 2026-03-12 18:36:53.675894
% 1773337015.2634416 robobot/cmd/ti rc 0.150 0.203 1773337015.263
% 1773337015.2725704 robobot/cmd/ti rc 0.150 -2.962 1773337015.2721457
% 1773337015.283094 robobot/cmd/ti rc 0.150 -2.886 1773337015.2827055
% 1773337015.293146 robobot/cmd/ti rc 0.150 -2.812 1773337015.2928092
% 1773337015.3029132 robobot/cmd/ti rc 0.150 -2.742 1773337015.302439
1773337015.3033397 0 0.123 0.034 0.086 1 1.00 3.00 -1.000 -2.742 20 0.131 0.086 0.1312 0.0862
1773337015.30647 0 0.124 0.034 0.078 1 1.00 3.00 -1.000 -2.742 20 0.131 0.078 0.1312 0.0779
% 1773337015.31282 robobot/cmd/ti rc 0.150 -2.674 1773337015.312496
% 1773337015.3231537 robobot/cmd/ti rc 0.150 -2.609 1773337015.3224208
% 1773337015.3325472 robobot/cmd/ti rc 0.150 -2.546 1773337015.3319669
% 1773337015.344065 robobot/cmd/ti rc 0.150 0.672 1773337015.3435123
% 1773337015.3526068 robobot/cmd/ti rc 0.150 0.645 1773337015.3520057
1773337015.3565915 0 0.133 0.035 0.003 1 0.00 2.00 0.000 0.645 20 0.138 0.003 0.1379 0.0033
% 1773337015.3627312 robobot/cmd/ti rc 0.150 0.620 1773337015.3620431
% 1773337015.3727028 robobot/cmd/ti rc 0.150 0.596 1773337015.3722198
% 1773337015.3831425 robobot/cmd/ti rc 0.150 0.573 1773337015.382782
% 1773337015.3930435 robobot/cmd/ti rc 0.150 0.550 1773337015.3926945
% 1773337015.4028285 robobot/cmd/ti rc 0.150 0.529 1773337015.4023943
1773337015.403015 0 0.138 0.035 -0.008 1 0.00 2.00 0.000 0.529 20 0.146 -0.008 0.1455 -0.0083
1773337015.4074423 0 0.139 0.035 -0.015 1 0.00 2.00 0.000 0.529 20 0.147 -0.015 0.1467 -0.0149
% 1773337015.412567 robobot/cmd/ti rc 0.150 0.508 1773337015.4122055
% 1773337015.423812 robobot/cmd/ti rc 0.150 0.489 1773337015.4231431
% 1773337015.432317 robobot/cmd/ti rc 0.150 0.469 1773337015.4318764
% 1773337015.4449227 robobot/cmd/ti rc 0.150 0.451 1773337015.44432
% 1773337015.452924 robobot/cmd/ti rc 0.150 0.434 1773337015.452333
1773337015.457474 0 0.148 0.034 -0.022 1 0.00 2.00 0.000 0.434 20 0.154 -0.022 0.1542 -0.0216
% 1773337015.4638267 robobot/cmd/ti rc 0.150 0.417 1773337015.4631104
% 1773337015.4730966 robobot/cmd/ti rc 0.150 0.400 1773337015.4723012
% 1773337015.5464272 robobot/cmd/ti rc 0.150 -2.772 1773337015.5441859
% 1773337015.5543737 robobot/cmd/ti rc 0.150 -2.703 1773337015.5523787
% 1773337015.5627246 robobot/cmd/ti rc 0.150 0.520 1773337015.562077
1773337015.5631874 0 0.164 0.034 -0.000 1 0.00 2.00 0.000 0.520 20 0.171 0.000 0.1706 0.0000
1773337015.566228 0 0.165 0.034 -0.012 1 0.00 2.00 0.000 0.520 20 0.172 -0.012 0.1720 -0.0116
% 1773337015.5725589 robobot/cmd/ti rc 0.150 0.500 1773337015.5719807
% 1773337015.5820544 robobot/cmd/ti rc 0.150 0.481 1773337015.5815194
% 1773337015.5920682 robobot/cmd/ti rc 0.150 0.462 1773337015.5915318
% 1773337015.601999 robobot/cmd/ti rc 0.150 0.444 1773337015.601491
% 1773337015.612854 robobot/cmd/ti rc 0.150 0.426 1773337015.6120267
1773337015.6161387 0 0.172 0.034 -0.003 1 0.00 2.00 0.000 0.426 20 0.180 -0.003 0.1800 -0.0033
% 1773337015.6226566 robobot/cmd/ti rc 0.150 0.410 1773337015.6223001
% 1773337015.63206 robobot/cmd/ti rc 0.150 0.394 1773337015.6316817
% 1773337015.6426082 robobot/cmd/ti rc 0.150 0.379 1773337015.642081
% 1773337015.651741 robobot/cmd/ti rc 0.150 0.364 1773337015.6513457
% 1773337015.6644785 robobot/cmd/ti rc 0.150 0.350 1773337015.6638482
1773337015.6646674 0 0.178 0.034 0.018 1 0.00 2.00 0.000 0.350 20 0.187 0.018 0.1870 0.0182
1773337015.6688657 0 0.178 0.034 0.015 1 0.00 2.00 0.000 0.350 20 0.187 0.015 0.1870 0.0149
% 1773337015.672816 robobot/cmd/ti rc 0.150 0.336 1773337015.6723979
% 1773337015.682354 robobot/cmd/ti rc 0.150 0.323 1773337015.682
% 1773337015.6927805 robobot/cmd/ti rc 0.150 0.310 1773337015.6924226
% 1773337015.7027385 robobot/cmd/ti rc 0.150 0.298 1773337015.7022412
% 1773337015.7135048 robobot/cmd/ti rc 0.150 0.287 1773337015.7127924
1773337015.7166219 0 0.185 0.034 0.023 1 0.00 2.00 0.000 0.287 20 0.194 0.023 0.1936 0.0232
% 1773337015.7234354 robobot/cmd/ti rc 0.150 0.275 1773337015.722811
% 1773337015.732514 robobot/cmd/ti rc 0.150 0.265 1773337015.731958
% 1773337015.7438107 robobot/cmd/ti rc 0.150 0.254 1773337015.743313
% 1773337015.7525468 robobot/cmd/ti rc 0.150 0.244 1773337015.7521925
% 1773337015.7630012 robobot/cmd/ti alive 2026-03-12 18:36:53.675894
% 1773337015.7634306 robobot/cmd/ti rc 0.150 0.235 1773337015.7624311
1773337015.7635493 0 0.191 0.034 0.032 1 0.00 2.00 0.000 0.235 20 0.201 0.032 0.2006 0.0315
1773337015.767014 0 0.192 0.035 0.036 1 0.00 2.00 0.000 0.235 20 0.202 0.036 0.2016 0.0365
% 1773337015.7723231 robobot/cmd/ti rc 0.150 0.226 1773337015.7719727
% 1773337015.7836332 robobot/cmd/ti rc 0.150 0.217 1773337015.7831218
% 1773337015.7933419 robobot/cmd/ti rc 0.150 0.208 1773337015.7923741
% 1773337015.802954 robobot/cmd/ti rc 0.150 0.200 1773337015.802387
% 1773337015.8127902 robobot/cmd/ti rc 0.150 0.192 1773337015.8124173
1773337015.8163285 0 0.200 0.035 0.050 1 0.00 2.00 0.000 0.192 20 0.209 0.050 0.2086 0.0497
% 1773337015.82293 robobot/cmd/ti rc 0.150 0.185 1773337015.822353
% 1773337015.832335 robobot/cmd/ti rc 0.150 0.178 1773337015.8318882
% 1773337015.8443441 robobot/cmd/ti rc 0.150 0.171 1773337015.843878
% 1773337015.8529906 robobot/cmd/ti rc 0.150 0.164 1773337015.8522236
% 1773337015.8630471 robobot/cmd/ti rc 0.150 0.158 1773337015.8624148
1773337015.8636513 0 0.205 0.035 0.060 1 0.00 3.00 0.000 0.158 20 0.216 0.060 0.2158 0.0597
1773337015.8681643 0 0.207 0.035 0.063 1 0.00 3.00 0.000 0.158 20 0.216 0.063 0.2158 0.0630
% 1773337015.8742921 robobot/cmd/ti rc 0.150 0.152 1773337015.8734894
% 1773337015.8831434 robobot/cmd/ti rc 0.150 0.146 1773337015.882284
% 1773337015.893658 robobot/cmd/ti rc 0.150 -3.017 1773337015.892726
% 1773337015.9035244 robobot/cmd/ti rc 0.150 -2.938 1773337015.9030004
% 1773337015.9125738 robobot/cmd/ti rc 0.150 -2.863 1773337015.9120502
1773337015.917498 0 0.215 0.036 0.058 1 1.00 3.00 -1.000 -2.863 20 0.223 0.058 0.2230 0.0580
% 1773337015.9230487 robobot/cmd/ti rc 0.150 -2.790 1773337015.922468
% 1773337015.933116 robobot/cmd/ti rc 0.150 -2.720 1773337015.9326272
% 1773337015.9439325 robobot/cmd/ti rc 0.150 -2.653 1773337015.9434688
% 1773337015.959422 robobot/cmd/ti rc 0.150 0.568 1773337015.9589255
% 1773337015.9637356 robobot/cmd/ti rc 0.150 0.546 1773337015.9632583
1773337015.964106 0 0.222 0.036 -0.015 1 0.00 3.00 0.000 0.546 20 0.230 -0.015 0.2303 -0.0149
1773337015.9677591 0 0.223 0.036 -0.030 1 0.00 3.00 0.000 0.546 20 0.231 -0.030 0.2314 -0.0298
% 1773337015.9724736 robobot/cmd/ti rc 0.150 0.525 1773337015.9720147
% 1773337015.983141 robobot/cmd/ti rc 0.150 0.504 1773337015.982771
% 1773337015.992147 robobot/cmd/ti rc 0.150 0.485 1773337015.9918106
% 1773337016.0018396 robobot/cmd/ti rc 0.150 0.466 1773337016.001488
% 1773337016.0125413 robobot/cmd/ti rc 0.150 0.448 1773337016.0121796
1773337016.0169642 0 0.230 0.036 -0.045 1 0.00 2.00 0.000 0.448 20 0.239 -0.045 0.2388 -0.0448
% 1773337016.02694 robobot/cmd/ti rc 0.150 0.430 1773337016.0224133
% 1773337016.0333805 robobot/cmd/ti rc 0.150 0.413 1773337016.032493
% 1773337016.043237 robobot/cmd/ti rc 0.150 0.397 1773337016.0426745
% 1773337016.0531921 robobot/cmd/ti rc 0.150 0.382 1773337016.0524542
% 1773337016.0643063 robobot/cmd/ti rc 0.150 0.367 1773337016.0633507
1773337016.064443 0 0.236 0.035 -0.051 1 0.00 2.00 0.000 0.367 20 0.245 -0.051 0.2452 -0.0514
1773337016.068237 0 0.237 0.035 -0.050 1 0.00 2.00 0.000 0.367 20 0.245 -0.050 0.2452 -0.0497
% 1773337016.073183 robobot/cmd/ti rc 0.150 0.353 1773337016.072521
% 1773337016.0860512 robobot/cmd/ti rc 0.150 0.339 1773337016.0852978
% 1773337016.0935998 robobot/cmd/ti rc 0.150 0.326 1773337016.0927525
% 1773337016.1037245 robobot/cmd/ti rc 0.150 0.313 1773337016.1030908
% 1773337016.1122682 robobot/cmd/ti rc 0.150 0.301 1773337016.1117966
1773337016.117922 0 0.245 0.035 -0.048 1 0.00 2.00 0.000 0.301 20 0.253 -0.048 0.2525 -0.0481
% 1773337016.1235 robobot/cmd/ti rc 0.150 0.289 1773337016.122822
% 1773337016.1330771 robobot/cmd/ti rc 0.150 0.278 1773337016.1322854
% 1773337016.1443758 robobot/cmd/ti rc 0.150 0.267 1773337016.1432807
% 1773337016.1528213 robobot/cmd/ti rc 0.150 0.256 1773337016.152197
% 1773337016.1634743 robobot/cmd/ti rc 0.150 0.246 1773337016.162554
1773337016.1636188 0 0.251 0.035 -0.036 1 0.00 2.00 0.000 0.246 20 0.260 -0.036 0.2600 -0.0365
1773337016.1673598 0 0.253 0.035 -0.035 1 0.00 2.00 0.000 0.246 20 0.261 -0.035 0.2613 -0.0348
% 1773337016.1756098 robobot/cmd/ti rc 0.150 0.237 1773337016.1746507
% 1773337016.184057 robobot/cmd/ti rc 0.150 0.228 1773337016.1829412
% 1773337016.1934884 robobot/cmd/ti rc 0.150 0.219 1773337016.1929069
% 1773337016.2042453 robobot/cmd/ti rc 0.150 0.210 1773337016.203458
% 1773337016.2131755 robobot/cmd/ti rc 0.150 0.202 1773337016.2124398
1773337016.2167478 0 0.261 0.034 -0.020 1 0.00 2.00 0.000 0.202 20 0.269 -0.020 0.2689 -0.0199
% 1773337016.223947 robobot/cmd/ti rc 0.150 0.194 1773337016.2229483
% 1773337016.232983 robobot/cmd/ti rc 0.150 0.187 1773337016.2322226
% 1773337016.2436879 robobot/cmd/ti rc 0.150 0.179 1773337016.243061
% 1773337016.253873 robobot/cmd/ti rc 0.150 0.172 1773337016.253118
% 1773337016.2647212 robobot/cmd/ti rc 0.150 0.166 1773337016.26435
1773337016.2648022 0 0.267 0.034 -0.008 1 0.00 3.00 0.000 0.166 20 0.276 -0.008 0.2762 -0.0083
% 1773337016.2658918 robobot/cmd/ti alive 2026-03-12 18:36:53.675894
1773337016.2707326 0 0.268 0.034 -0.005 1 0.00 3.00 0.000 0.166 20 0.276 -0.005 0.2762 -0.0050
% 1773337016.2746267 robobot/cmd/ti rc 0.150 0.159 1773337016.273681
% 1773337016.284455 robobot/cmd/ti rc 0.150 -3.004 1773337016.2836006
% 1773337016.293731 robobot/cmd/ti rc 0.150 -2.926 1773337016.2928119
% 1773337016.3029754 robobot/cmd/ti rc 0.150 -2.851 1773337016.3024697
% 1773337016.3129086 robobot/cmd/ti rc 0.150 -2.779 1773337016.3123627
1773337016.3180745 0 0.277 0.034 -0.061 1 1.00 3.00 -1.000 -2.779 20 0.284 -0.061 0.2839 -0.0613
% 1773337016.3234222 robobot/cmd/ti rc 0.150 -2.709 1773337016.3229523
% 1773337016.3326325 robobot/cmd/ti rc 0.150 0.514 1773337016.3320327
% 1773337016.3437626 robobot/cmd/ti rc 0.150 0.494 1773337016.3430865
% 1773337016.3529892 robobot/cmd/ti rc 0.150 0.475 1773337016.3524408
% 1773337016.3633292 robobot/cmd/ti rc 0.150 0.457 1773337016.3625891
1773337016.363828 0 0.283 0.034 -0.081 1 0.00 2.00 0.000 0.457 20 0.291 -0.081 0.2909 -0.0812
1773337016.3676972 0 0.284 0.033 -0.076 1 0.00 2.00 0.000 0.457 20 0.292 -0.076 0.2922 -0.0763
% 1773337016.373078 robobot/cmd/ti rc 0.150 0.439 1773337016.3724108
% 1773337016.3841643 robobot/cmd/ti rc 0.150 0.422 1773337016.38367
% 1773337016.3924124 robobot/cmd/ti rc 0.150 0.405 1773337016.391892
% 1773337016.4030497 robobot/cmd/ti rc 0.150 0.389 1773337016.4025414
% 1773337016.4135776 robobot/cmd/ti rc 0.150 0.374 1773337016.4127455
1773337016.417453 0 0.290 0.033 -0.096 1 0.00 2.00 0.000 0.374 20 0.298 -0.096 0.2985 -0.0962
% 1773337016.424805 robobot/cmd/ti rc 0.150 0.360 1773337016.4242544
% 1773337016.43506 robobot/cmd/ti rc 0.150 0.346 1773337016.4335861
% 1773337016.4448178 robobot/cmd/ti rc 0.150 0.332 1773337016.4442365
% 1773337016.4529572 robobot/cmd/ti rc 0.150 0.319 1773337016.4523716
% 1773337016.463957 robobot/cmd/ti rc 0.150 0.307 1773337016.4628696
1773337016.4646106 0 0.295 0.032 -0.093 1 0.00 2.00 0.000 0.307 20 0.305 -0.093 0.3052 -0.0928
1773337016.4707718 0 0.297 0.032 -0.089 1 0.00 2.00 0.000 0.307 20 0.305 -0.089 0.3052 -0.0895
% 1773337016.4769197 robobot/cmd/ti rc 0.150 0.295 1773337016.4762611
% 1773337016.5427682 robobot/cmd/ti rc 0.150 -2.874 1773337016.5423226
% 1773337016.5520499 robobot/cmd/ti rc 0.150 -2.801 1773337016.5516317
% 1773337016.563034 robobot/cmd/ti rc 0.150 -2.731 1773337016.562165
% 1773337016.572133 robobot/cmd/ti rc 0.150 -2.663 1773337016.5712757
1773337016.5762932 0 0.313 0.031 -0.129 1 1.00 2.00 -1.000 -2.663 20 0.323 -0.129 0.3234 -0.1293
% 1773337016.5823777 robobot/cmd/ti rc 0.150 0.559 1773337016.5818722
% 1773337016.5922325 robobot/cmd/ti rc 0.150 0.537 1773337016.5914087
% 1773337016.6026714 robobot/cmd/ti rc 0.150 0.516 1773337016.6017003
% 1773337016.613052 robobot/cmd/ti rc 0.150 0.496 1773337016.6116135
% 1773337016.6237478 robobot/cmd/ti rc 0.150 0.477 1773337016.6228702
1773337016.6239476 0 0.320 0.030 -0.134 1 0.00 2.00 0.000 0.477 20 0.330 -0.134 0.3305 -0.1343
1773337016.626604 0 0.320 0.030 -0.136 1 0.00 2.00 0.000 0.477 20 0.330 -0.136 0.3305 -0.1359
% 1773337016.6327884 robobot/cmd/ti rc 0.150 0.458 1773337016.631581
% 1773337016.6427686 robobot/cmd/ti rc 0.150 0.440 1773337016.641926
% 1773337016.653153 robobot/cmd/ti rc 0.150 0.423 1773337016.6522417
% 1773337016.6650312 robobot/cmd/ti rc 0.150 0.407 1773337016.6636348
% 1773337016.676574 robobot/cmd/ti rc 0.150 0.391 1773337016.6760237
1773337016.6779952 0 0.326 0.029 -0.134 1 0.00 2.00 0.000 0.391 20 0.336 -0.134 0.3365 -0.1343
% 1773337016.6949208 robobot/cmd/ti rc 0.150 -2.782 1773337016.6935658
% 1773337016.6979964 robobot/cmd/ti rc 0.150 0.445 1773337016.697206
% 1773337016.7029312 robobot/cmd/ti rc 0.150 0.428 1773337016.7024148
% 1773337016.7126577 robobot/cmd/ti rc 0.150 0.411 1773337016.7119741
% 1773337016.7237196 robobot/cmd/ti rc 0.150 0.395 1773337016.7229686
1773337016.7238662 0 0.333 0.028 -0.134 1 0.00 2.00 0.000 0.395 20 0.344 -0.134 0.3438 -0.1343
1773337016.7266352 0 0.334 0.028 -0.133 1 0.00 2.00 0.000 0.395 20 0.345 -0.133 0.3452 -0.1326
% 1773337016.732424 robobot/cmd/ti rc 0.150 0.379 1773337016.7318094
% 1773337016.7426982 robobot/cmd/ti rc 0.150 0.365 1773337016.7421894
% 1773337016.7530544 robobot/cmd/ti rc 0.150 0.350 1773337016.7523916
% 1773337016.7626874 robobot/cmd/ti rc 0.150 0.337 1773337016.7619011
% 1773337016.7693543 robobot/cmd/ti alive 2026-03-12 18:36:53.675894
% 1773337016.7733374 robobot/cmd/ti rc 0.150 0.324 1773337016.7728229
1773337016.7768927 0 0.341 0.027 -0.114 1 0.00 2.00 0.000 0.324 20 0.352 -0.114 0.3519 -0.1144
% 1773337016.783864 robobot/cmd/ti rc 0.150 0.311 1773337016.7833273
% 1773337016.7936037 robobot/cmd/ti rc 0.150 0.299 1773337016.7929842
% 1773337016.802439 robobot/cmd/ti rc 0.150 0.287 1773337016.8019586
% 1773337016.8121831 robobot/cmd/ti rc 0.150 0.276 1773337016.811717
% 1773337016.8228528 robobot/cmd/ti rc 0.150 0.265 1773337016.8223393
1773337016.8230157 0 0.348 0.026 -0.101 1 0.00 2.00 0.000 0.265 20 0.359 -0.101 0.3595 -0.1011
1773337016.826447 0 0.349 0.026 -0.101 1 0.00 2.00 0.000 0.265 20 0.359 -0.101 0.3595 -0.1011
% 1773337016.8323479 robobot/cmd/ti rc 0.150 0.255 1773337016.8318157
% 1773337016.8450027 robobot/cmd/ti rc 0.150 0.245 1773337016.84397
% 1773337016.8889139 robobot/cmd/ti rc 0.150 0.235 1773337016.887802
% 1773337016.8952353 robobot/cmd/ti rc 0.150 0.226 1773337016.893228
% 1773337016.9038234 robobot/cmd/ti rc 0.150 0.217 1773337016.9005842
1773337016.9055178 0 0.357 0.025 -0.088 1 0.00 2.00 0.000 0.217 20 0.367 -0.088 0.3675 -0.0879
% 1773337016.9092488 robobot/cmd/ti rc 0.150 0.209 1773337016.9072182
% 1773337016.9162312 robobot/cmd/ti rc 0.150 0.201 1773337016.9146588
% 1773337016.921781 robobot/cmd/ti rc 0.150 0.193 1773337016.9208715
% 1773337016.9247673 robobot/cmd/ti rc 0.150 0.185 1773337016.9236004
% 1773337016.9297373 robobot/cmd/ti rc 0.150 0.178 1773337016.92891
1773337016.930266 0 0.364 0.025 -0.073 1 0.00 2.00 0.000 0.178 20 0.375 -0.073 0.3751 -0.0729
1773337016.9311948 0 0.365 0.025 -0.073 1 0.00 2.00 0.000 0.178 20 0.376 -0.073 0.3764 -0.0729
% 1773337016.934239 robobot/cmd/ti rc 0.150 0.171 1773337016.9330235
% 1773337016.9477432 robobot/cmd/ti rc 0.150 0.165 1773337016.946817
% 1773337016.95329 robobot/cmd/ti rc 0.150 0.158 1773337016.9527426
% 1773337016.9642324 robobot/cmd/ti rc 0.150 0.152 1773337016.9634693
% 1773337016.972655 robobot/cmd/ti rc 0.150 0.146 1773337016.972098
1773337016.9764614 0 0.372 0.024 -0.060 1 0.00 2.00 0.000 0.146 20 0.383 -0.060 0.3834 -0.0597
% 1773337016.9828374 robobot/cmd/ti rc 0.150 0.140 1773337016.9822905
% 1773337016.9975107 robobot/cmd/ti rc 0.150 0.135 1773337016.997087
% 1773337017.0067315 robobot/cmd/ti rc 0.150 0.130 1773337017.0050592
% 1773337017.0197842 robobot/cmd/ti rc 0.150 0.125 1773337017.0183606
% 1773337017.0343585 robobot/cmd/ti rc 0.150 0.120 1773337017.0316124
1773337017.035218 0 0.378 0.024 -0.053 1 0.00 2.00 0.000 0.120 20 0.390 -0.053 0.3903 -0.0531
1773337017.0374112 0 0.379 0.024 -0.053 1 0.00 2.00 0.000 0.120 20 0.390 -0.053 0.3903 -0.0531
% 1773337017.0452821 robobot/cmd/ti rc 0.150 0.115 1773337017.0416272
% 1773337017.0600493 robobot/cmd/ti rc 0.150 0.111 1773337017.0586188
% 1773337017.0718658 robobot/cmd/ti rc 0.150 0.106 1773337017.070996
% 1773337017.0941288 robobot/cmd/ti rc 0.150 0.102 1773337017.0922117
% 1773337017.0999942 robobot/cmd/ti rc 0.150 0.098 1773337017.099261
1773337017.100572 0 0.386 0.024 -0.041 1 0.00 2.00 0.000 0.098 20 0.398 -0.041 0.3975 -0.0414
% 1773337017.104595 robobot/cmd/ti rc 0.150 0.094 1773337017.1036313
% 1773337017.1088119 robobot/cmd/ti rc 0.150 0.091 1773337017.1082532
% 1773337017.1119144 robobot/cmd/ti rc 0.150 0.087 1773337017.11126
% 1773337017.115827 robobot/cmd/ti rc 0.150 0.084 1773337017.1150095
% 1773337017.128175 robobot/cmd/ti rc 0.150 0.080 1773337017.1253967
1773337017.1286306 0 0.393 0.023 -0.035 1 0.00 2.00 0.000 0.080 20 0.404 -0.035 0.4044 -0.0348
1773337017.1299481 0 0.394 0.023 -0.036 1 0.00 2.00 0.000 0.080 20 0.406 -0.036 0.4056 -0.0365
% 1773337017.1348507 robobot/cmd/ti rc 0.150 0.077 1773337017.1334012
% 1773337017.1450064 robobot/cmd/ti rc 0.150 0.074 1773337017.144393
% 1773337017.1537797 robobot/cmd/ti rc 0.150 0.071 1773337017.152461
% 1773337017.1637194 robobot/cmd/ti rc 0.150 0.069 1773337017.1631021
% 1773337017.1728382 robobot/cmd/ti rc 0.150 0.066 1773337017.172153
1773337017.1767614 0 0.401 0.023 -0.028 1 0.00 2.00 0.000 0.066 20 0.413 -0.028 0.4129 -0.0282
% 1773337017.1833708 robobot/cmd/ti rc 0.150 0.063 1773337017.1828144
% 1773337017.193937 robobot/cmd/ti rc 0.150 0.061 1773337017.1933208
% 1773337017.2041574 robobot/cmd/ti rc 0.150 0.059 1773337017.203479
% 1773337017.2144153 robobot/cmd/ti rc 0.150 0.056 1773337017.213192
% 1773337017.2240803 robobot/cmd/ti rc 0.150 -3.103 1773337017.2232935
1773337017.2242255 0 0.408 0.023 -0.025 1 1.00 2.00 -1.000 -3.103 20 0.420 -0.025 0.4200 -0.0249
1773337017.226906 0 0.409 0.023 -0.023 1 1.00 2.00 -1.000 -3.103 20 0.420 -0.023 0.4200 -0.0232
% 1773337017.2334318 robobot/cmd/ti rc 0.150 0.136 1773337017.2329931
% 1773337017.243671 robobot/cmd/ti rc 0.150 0.131 1773337017.2430918
% 1773337017.254505 robobot/cmd/ti rc 0.150 -3.031 1773337017.2530422
% 1773337017.2635448 robobot/cmd/ti rc 0.150 0.205 1773337017.2631721
% 1773337017.276924 robobot/cmd/ti alive 2026-03-12 18:36:53.675894
% 1773337017.2782648 robobot/cmd/ti rc 0.150 0.197 1773337017.2748625
1773337017.2817183 0 0.416 0.023 -0.040 1 0.00 2.00 0.000 0.197 20 0.429 -0.040 0.4286 -0.0398
% 1773337017.2899575 robobot/cmd/ti rc 0.150 0.189 1773337017.289417
% 1773337017.2966206 robobot/cmd/ti rc 0.150 0.182 1773337017.296036
% 1773337017.3040526 robobot/cmd/ti rc 0.150 0.175 1773337017.303361
% 1773337017.3152566 robobot/cmd/ti rc 0.150 0.168 1773337017.314509
% 1773337017.3241732 robobot/cmd/ti rc 0.150 0.161 1773337017.323607
1773337017.3243115 0 0.422 0.022 -0.036 1 0.00 2.00 0.000 0.161 20 0.436 -0.036 0.4357 -0.0365
1773337017.3271866 0 0.423 0.022 -0.038 1 0.00 2.00 0.000 0.161 20 0.437 -0.038 0.4367 -0.0381
% 1773337017.3328276 robobot/cmd/ti rc 0.150 0.155 1773337017.3322768
% 1773337017.3440173 robobot/cmd/ti rc 0.150 0.149 1773337017.3432596
% 1773337017.3544343 robobot/cmd/ti rc 0.150 0.143 1773337017.3538048
% 1773337017.3633082 robobot/cmd/ti rc 0.150 0.138 1773337017.362638
% 1773337017.3752732 robobot/cmd/ti rc 0.150 0.132 1773337017.373921
1773337017.377003 0 0.429 0.022 -0.040 1 0.00 2.00 0.000 0.132 20 0.443 -0.040 0.4432 -0.0398
% 1773337017.3842988 robobot/cmd/ti rc 0.150 -3.030 1773337017.383528
% 1773337017.3958733 robobot/cmd/ti rc 0.150 0.206 1773337017.3937397
% 1773337017.4028487 robobot/cmd/ti rc 0.150 0.198 1773337017.4022248
% 1773337017.4132354 robobot/cmd/ti rc 0.150 0.190 1773337017.412804
% 1773337017.4237816 robobot/cmd/ti rc 0.150 0.183 1773337017.422454
1773337017.4243343 0 0.434 0.022 -0.060 1 0.00 2.00 0.000 0.183 20 0.450 -0.060 0.4499 -0.0597
1773337017.4277115 0 0.436 0.022 -0.051 1 0.00 2.00 0.000 0.183 20 0.450 -0.051 0.4499 -0.0514
% 1773337017.4372 robobot/cmd/ti rc 0.150 0.176 1773337017.4351938
% 1773337017.4484954 robobot/cmd/ti rc 0.150 0.169 1773337017.447655
% 1773337017.4529662 robobot/cmd/ti rc 0.150 0.162 1773337017.4521623
% 1773337017.4669275 robobot/cmd/ti rc 0.150 -3.001 1773337017.4648943
% 1773337017.4789782 robobot/cmd/ti rc 0.150 0.234 1773337017.4769695
1773337017.4832692 0 0.443 0.021 -0.061 1 0.00 2.00 0.000 0.234 20 0.458 -0.061 0.4576 -0.0613
% 1773337017.5459416 robobot/cmd/ti rc 0.150 -2.932 1773337017.5453184
% 1773337017.554804 robobot/cmd/ti rc 0.150 -2.857 1773337017.5537016
% 1773337017.568091 robobot/cmd/ti rc 0.150 0.373 1773337017.5667002
% 1773337017.578023 robobot/cmd/ti rc 0.150 0.358 1773337017.5750506
% 1773337017.5865352 robobot/cmd/ti rc 0.150 0.344 1773337017.5845788
1773337017.5869389 0 0.464 0.018 -0.297 1 0.00 2.00 0.000 0.344 20 0.478 -0.297 0.4778 -0.2968
1773337017.5883796 0 0.465 0.017 -0.303 1 0.00 2.00 0.000 0.344 20 0.478 -0.303 0.4778 -0.3034
% 1773337017.5997941 robobot/cmd/ti rc 0.150 0.331 1773337017.5978484
% 1773337017.6153302 robobot/cmd/ti rc 0.150 0.318 1773337017.6115582
% 1773337017.6352239 robobot/cmd/ti rc 0.150 0.306 1773337017.6341298
% 1773337017.6398265 robobot/cmd/ti rc 0.150 0.294 1773337017.6389692
% 1773337017.6474142 robobot/cmd/ti rc 0.150 0.282 1773337017.6457794
1773337017.6489918 0 0.471 0.015 -0.323 1 0.00 2.00 0.000 0.282 20 0.485 -0.323 0.4849 -0.3233
% 1773337017.6537836 robobot/cmd/ti rc 0.150 0.271 1773337017.6531324
% 1773337017.6645486 robobot/cmd/ti rc 0.150 0.261 1773337017.6612852
% 1773337017.669898 robobot/cmd/ti rc 0.150 0.250 1773337017.6683166
% 1773337017.6874404 robobot/cmd/ti rc 0.150 0.241 1773337017.6865628
% 1773337017.7019165 robobot/cmd/ti rc 0.150 0.231 1773337017.7012396
1773337017.7020743 0 0.478 0.013 -0.332 1 0.00 2.00 0.000 0.231 20 0.492 -0.332 0.4923 -0.3316
1773337017.7038796 0 0.478 0.013 -0.332 1 0.00 2.00 0.000 0.231 20 0.495 -0.332 0.4947 -0.3316
% 1773337017.705763 robobot/cmd/ti rc 0.150 0.222 1773337017.7048552
% 1773337017.7133741 robobot/cmd/ti rc 0.150 0.214 1773337017.712495
% 1773337017.7170959 robobot/cmd/ti rc 0.150 0.205 1773337017.7165143
% 1773337017.7316809 robobot/cmd/ti rc 0.150 0.197 1773337017.7302694
% 1773337017.7362342 robobot/cmd/ti rc 0.150 0.190 1773337017.7351663
1773337017.7397807 0 0.485 0.011 -0.320 1 0.00 1.00 0.000 0.190 20 0.501 -0.320 0.5009 -0.3200
% 1773337017.749813 robobot/cmd/ti rc 0.150 0.182 1773337017.7494013
% 1773337017.7562025 robobot/cmd/ti rc 0.150 0.175 1773337017.7553284
% 1773337017.765843 robobot/cmd/ti rc 0.150 0.168 1773337017.7654195
% 1773337017.7767699 robobot/cmd/ti rc 0.150 0.162 1773337017.7761502
% 1773337017.7823067 robobot/cmd/ti alive 2026-03-12 18:36:53.675894
% 1773337017.7907903 robobot/cmd/ti rc 0.150 0.155 1773337017.7888646
1773337017.79102 0 0.491 0.009 -0.295 1 0.00 1.00 0.000 0.155 20 0.507 -0.295 0.5073 -0.2951
1773337017.7915015 0 0.492 0.009 -0.295 1 0.00 1.00 0.000 0.155 20 0.507 -0.295 0.5073 -0.2951
% 1773337017.7974038 robobot/cmd/ti rc 0.150 0.149 1773337017.796098
% 1773337017.8052738 robobot/cmd/ti rc 0.150 0.144 1773337017.8047054
% 1773337017.815398 robobot/cmd/ti rc 0.150 0.138 1773337017.8145425
% 1773337017.8271208 robobot/cmd/ti rc 0.150 0.133 1773337017.8262665
% 1773337017.8361335 robobot/cmd/ti rc 0.150 0.127 1773337017.83542
1773337017.8385768 0 0.498 0.007 -0.279 1 0.00 1.00 0.000 0.127 20 0.514 -0.279 0.5141 -0.2785
% 1773337017.8503864 robobot/cmd/ti rc 0.150 3.280 1773337017.8494525
% 1773337017.8566134 robobot/cmd/ti rc 0.150 3.191 1773337017.855788
% 1773337017.8662834 robobot/cmd/ti rc 0.150 3.105 1773337017.8656368
% 1773337017.8801973 robobot/cmd/ti rc 0.150 3.023 1773337017.878714
% 1773337017.8883612 robobot/cmd/ti rc 0.150 2.944 1773337017.887065
1773337017.8885465 0 0.505 0.005 -0.227 1 -1.00 1.00 1.000 2.944 20 0.519 -0.227 0.5186 -0.2271
1773337017.890144 0 0.507 0.005 -0.219 1 -1.00 1.00 1.000 2.944 20 0.521 -0.219 0.5207 -0.2188
% 1773337017.8978775 robobot/cmd/ti rc 0.150 2.868 1773337017.8970017
% 1773337017.9076395 robobot/cmd/ti rc 0.150 2.796 1773337017.9070203
% 1773337017.916248 robobot/cmd/ti rc 0.150 2.726 1773337017.9150321
% 1773337017.9250927 robobot/cmd/ti rc 0.150 2.658 1773337017.9245625
% 1773337017.9364207 robobot/cmd/ti rc 0.150 2.594 1773337017.9358044
1773337017.9387271 0 0.515 0.003 -0.121 1 -1.00 1.00 1.000 2.594 20 0.530 -0.121 0.5300 -0.1210
% 1773337017.9466188 robobot/cmd/ti rc 0.150 2.531 1773337017.9459894
% 1773337017.9565642 robobot/cmd/ti rc 0.150 2.472 1773337017.9558253
% 1773337017.969246 robobot/cmd/ti rc 0.150 2.414 1773337017.9682555
% 1773337017.977181 robobot/cmd/ti rc 0.150 2.359 1773337017.975569
% 1773337017.9912627 robobot/cmd/ti rc 0.150 2.306 1773337017.9891753
1773337017.9918246 0 0.523 0.002 -0.007 1 -1.00 1.00 1.000 2.306 20 0.538 -0.007 0.5378 -0.0066
1773337017.9952404 0 0.524 0.002 0.005 1 -1.00 1.00 1.000 2.306 20 0.538 0.005 0.5378 0.0050
% 1773337018.0012083 robobot/cmd/ti rc 0.150 2.255 1773337018.0000143
% 1773337018.0082724 robobot/cmd/ti rc 0.150 2.206 1773337018.0073335
% 1773337018.0155118 robobot/cmd/ti rc 0.150 2.159 1773337018.014744
% 1773337018.0267727 robobot/cmd/ti rc 0.150 2.114 1773337018.0262856
% 1773337018.0365622 robobot/cmd/ti rc 0.150 2.071 1773337018.0347247
1773337018.039926 0 0.532 0.003 0.139 1 -1.00 1.00 1.000 2.071 20 0.546 0.139 0.5458 0.1393
% 1773337018.0462594 robobot/cmd/ti rc 0.150 2.029 1773337018.045853
% 1773337018.057868 robobot/cmd/ti rc 0.150 1.989 1773337018.057157
% 1773337018.0652628 robobot/cmd/ti rc 0.150 1.950 1773337018.0648093
% 1773337018.0755591 robobot/cmd/ti rc 0.150 1.913 1773337018.0749943
% 1773337018.088826 robobot/cmd/ti rc 0.150 1.877 1773337018.0880947
1773337018.0890443 0 0.539 0.004 0.259 1 -1.00 2.00 1.000 1.877 20 0.553 0.259 0.5532 0.2586
1773337018.090966 0 0.540 0.005 0.269 1 -1.00 2.00 1.000 1.877 20 0.554 0.269 0.5543 0.2686
% 1773337018.0982654 robobot/cmd/ti rc 0.150 -1.314 1773337018.095863
% 1773337018.1077948 robobot/cmd/ti rc 0.150 -1.263 1773337018.1072237
% 1773337018.1164908 robobot/cmd/ti rc 0.150 -1.213 1773337018.114648
% 1773337018.12847 robobot/cmd/ti rc 0.150 -1.166 1773337018.1279297
% 1773337018.1356492 robobot/cmd/ti rc 0.150 -1.121 1773337018.1352103
1773337018.142823 0 0.546 0.007 0.322 1 0.00 2.00 0.000 -1.121 20 0.562 0.322 0.5625 0.3216
% 1773337018.1475384 robobot/cmd/ti rc 0.150 -1.077 1773337018.1470551
% 1773337018.1553142 robobot/cmd/ti rc 0.150 -1.035 1773337018.1548274
% 1773337018.1683395 robobot/cmd/ti rc 0.150 -0.995 1773337018.1677687
% 1773337018.1781528 robobot/cmd/ti rc 0.150 -0.956 1773337018.1750824
% 1773337018.1872437 robobot/cmd/ti rc 0.150 -0.918 1773337018.1866536
1773337018.1874278 0 0.550 0.008 0.328 1 0.00 2.00 0.000 -0.918 20 0.568 0.328 0.5679 0.3283
1773337018.1891034 0 0.551 0.008 0.325 1 0.00 2.00 0.000 -0.918 20 0.568 0.325 0.5679 0.3249
% 1773337018.199728 robobot/cmd/ti rc 0.150 -0.883 1773337018.1990552
% 1773337018.209311 robobot/cmd/ti rc 0.150 -0.848 1773337018.208766
% 1773337018.215067 robobot/cmd/ti rc 0.150 -0.815 1773337018.2145712
% 1773337018.2261887 robobot/cmd/ti rc 0.150 -0.783 1773337018.225646
% 1773337018.2352638 robobot/cmd/ti rc 0.150 -0.753 1773337018.234468
1773337018.239754 0 0.555 0.010 0.282 1 0.00 2.00 0.000 -0.753 20 0.574 0.282 0.5735 0.2818
% 1773337018.2498567 robobot/cmd/ti rc 0.150 -0.723 1773337018.2475255
% 1773337018.2556117 robobot/cmd/ti rc 0.150 -0.695 1773337018.2551544
% 1773337018.2704124 robobot/cmd/ti rc 0.150 -0.668 1773337018.2696233
% 1773337018.2791982 robobot/cmd/ti rc 0.150 -0.642 1773337018.278587
% 1773337018.2880085 robobot/cmd/ti rc 0.150 -0.617 1773337018.285627
1773337018.288388 0 0.561 0.011 0.230 1 0.00 2.00 0.000 -0.617 20 0.580 0.230 0.5796 0.2304
1773337018.2900047 0 0.561 0.011 0.226 1 0.00 2.00 0.000 -0.617 20 0.581 0.226 0.5807 0.2255
% 1773337018.2975109 robobot/cmd/ti alive 2026-03-12 18:36:53.675894
% 1773337018.299073 robobot/cmd/ti rc 0.150 -0.593 1773337018.2983837
% 1773337018.3055718 robobot/cmd/ti rc 0.150 -0.570 1773337018.3051138
% 1773337018.3163552 robobot/cmd/ti rc 0.150 -0.548 1773337018.3157532
% 1773337018.327226 robobot/cmd/ti rc 0.150 -0.526 1773337018.326301
% 1773337018.336163 robobot/cmd/ti rc 0.150 -0.506 1773337018.3341596
1773337018.3420734 0 0.570 0.013 0.174 1 0.00 1.00 0.000 -0.506 20 0.588 0.174 0.5876 0.1741
% 1773337018.349357 robobot/cmd/ti rc 0.150 -0.486 1773337018.3468397
% 1773337018.354777 robobot/cmd/ti rc 0.150 -0.467 1773337018.3541965
% 1773337018.365017 robobot/cmd/ti rc 0.150 -0.449 1773337018.364465
% 1773337018.3756642 robobot/cmd/ti rc 0.150 -0.431 1773337018.3748593
% 1773337018.387671 robobot/cmd/ti rc 0.150 -0.415 1773337018.3861687
1773337018.3878427 0 0.573 0.013 0.154 1 0.00 1.00 0.000 -0.415 20 0.595 0.154 0.5950 0.1542
1773337018.3898695 0 0.575 0.014 0.146 1 0.00 1.00 0.000 -0.415 20 0.595 0.146 0.5950 0.1459
% 1773337018.3976762 robobot/cmd/ti rc 0.150 -0.398 1773337018.3969755
% 1773337018.4095101 robobot/cmd/ti rc 0.150 -0.383 1773337018.4083014
% 1773337018.4157233 robobot/cmd/ti rc 0.150 -0.368 1773337018.4141858
% 1773337018.427259 robobot/cmd/ti rc 0.150 -0.354 1773337018.4265635
% 1773337018.4371617 robobot/cmd/ti rc 0.150 -0.340 1773337018.436629
1773337018.44016 0 0.583 0.015 0.123 1 0.00 1.00 0.000 -0.340 20 0.604 0.123 0.6035 0.1227
% 1773337018.4489985 robobot/cmd/ti rc 0.150 -0.327 1773337018.4480317
% 1773337018.4564977 robobot/cmd/ti rc 0.150 -0.314 1773337018.455515
% 1773337018.467533 robobot/cmd/ti rc 0.150 -0.302 1773337018.4661167
% 1773337018.4818354 robobot/cmd/ti rc 0.150 -0.290 1773337018.4813135
% 1773337018.5460176 robobot/cmd/ti rc 0.150 -0.278 1773337018.544763
1773337018.546246 0 0.600 0.017 0.091 1 0.00 1.00 0.000 -0.278 20 0.622 0.091 0.6215 0.0912
1773337018.5503676 0 0.600 0.017 0.089 1 0.00 1.00 0.000 -0.278 20 